### META DATA ###,
SYSTEM_TSC_FREQ (MHz),2200,
CORES_PER_SOCKET,28,
SOCKET_COUNT,2,
HYPERTHREADING_ON,False,
IMC count,6,
CHAS_PER_SOCKET,28,
UPI count,3,
Architecture,cascadelake,
Model,Intel(R) Xeon(R) Gold 6238R CPU @ 2.20GHz,
kernel version,Linux version 5.4.0-169-generic (buildd@lcy02-amd64-102) (gcc version 9.4.0 (Ubuntu 9.4.0-1ubuntu1~20.04.2)) 
Socket:0,0;1;2;3;4;5;6;7;8;9;10;11;12;13;14;15;16;17;18;19;20;21;22;23;24;25;26;27;
Socket:1,28;29;30;31;32;33;34;35;36;37;38;39;40;41;42;43;44;45;46;47;48;49;50;51;52;53;54;55;
Perf event mux Interval ms,125,
cgroups=disabled
cpusets,disabled,
Percpu mode,disabled,
Persocket mode,disabled,
PSI,[]
PerfSpect version,1.3.11,
### PERF EVENTS ###,
cpu/event=0x28,umask=0x07,period=200003,name='CORE_POWER.LVL0_TURBO_LICENSE'/,:c
cpu/event=0x28,umask=0x18,period=200003,name='CORE_POWER.LVL1_TURBO_LICENSE'/,:c
cpu/event=0x28,umask=0x20,period=200003,name='CORE_POWER.LVL2_TURBO_LICENSE'/,:c
cpu/event=0x51,umask=0x01,period=2000003,name='L1D.REPLACEMENT'/,:c
cpu-cycles,:c
ref-cycles,:c
instructions;:c
cpu/event=0xc3,umask=0x01,edge,period=100003,name='MACHINE_CLEARS.COUNT'/,:c
cpu/event=0xc5,umask=0x00,period=400009,name='BR_MISP_RETIRED.ALL_BRANCHES'/,:c
cpu/event=0x0d,umask=0x80,period=2000003,name='INT_MISC.CLEAR_RESTEER_CYCLES'/,:c
cpu/event=0xd1,umask=0x01,period=2000003,name='MEM_LOAD_RETIRED.L1_HIT'/,:c
cpu-cycles,:c
ref-cycles,:c
instructions;:c
cpu/event=0x0e,umask=0x01,period=2000003,name='UOPS_ISSUED.ANY'/,:c
cpu/event=0xc2,umask=0x02,period=2000003,name='UOPS_RETIRED.RETIRE_SLOTS'/,:c
cpu/event=0x0d,umask=0x01,period=2000003,name='INT_MISC.RECOVERY_CYCLES_ANY'/,:c
cpu/event=0x0d,umask=0x01,period=2000003,name='INT_MISC.RECOVERY_CYCLES'/,:c
cpu-cycles,:c
ref-cycles,:c
instructions;:c
cpu/event=0x3c,umask=0x0,period=2000003,name='CPU_CLK_UNHALTED.THREAD_ANY'/,:c
cpu/event=0x9c,umask=0x01,period=2000003,name='IDQ_UOPS_NOT_DELIVERED.CORE'/,:c
cpu/event=0xa3,umask=0x14,cmask=0x14,period=2000003,name='CYCLE_ACTIVITY.STALLS_MEM_ANY'/,:c
cpu/event=0xa3,umask=0x04,cmask=0x04,period=2000003,name='CYCLE_ACTIVITY.STALLS_TOTAL'/,:c
cpu-cycles,:c
ref-cycles,:c
instructions;:c
cpu/event=0xa6,umask=0x02,period=2000003,name='EXE_ACTIVITY.1_PORTS_UTIL'/,:c
cpu/event=0xa6,umask=0x04,period=2000003,name='EXE_ACTIVITY.2_PORTS_UTIL'/,:c
cpu/event=0xa6,umask=0x40,period=2000003,name='EXE_ACTIVITY.BOUND_ON_STORES'/,:c
cpu/event=0xa6,umask=0x01,period=2000003,name='EXE_ACTIVITY.EXE_BOUND_0_PORTS'/,:c
cpu-cycles,:c
ref-cycles,:c
instructions;:c
cpu/event=0xd1,umask=0x02,period=100003,name='MEM_LOAD_RETIRED.L2_HIT'/,:c
cpu/event=0xd1,umask=0x40,period=100007,name='MEM_LOAD_RETIRED.FB_HIT'/,:c
cpu/event=0xd1,umask=0x08,period=100003,name='MEM_LOAD_RETIRED.L1_MISS'/,:c
cpu/event=0x48,umask=0x02,cmask=0x01,period=2000003,name='L1D_PEND_MISS.FB_FULL:c1'/,:c
cpu-cycles,:c
ref-cycles,:c
instructions;:c
cpu/event=0xa3,umask=0x0c,cmask=0x0c,period=2000003,name='CYCLE_ACTIVITY.STALLS_L1D_MISS'/,:c
cpu/event=0xa3,umask=0x05,cmask=0x05,period=2000003,name='CYCLE_ACTIVITY.STALLS_L2_MISS'/,:c
cpu/event=0xa3,umask=0x06,cmask=0x06,period=2000003,name='CYCLE_ACTIVITY.STALLS_L3_MISS'/,:c
cpu/event=0x60,umask=0x04,cmask=0x01,period=200003,name='OFFCORE_REQUESTS_OUTSTANDING.CYCLES_WITH_DEMAND_RFO'/,:c
cpu-cycles,:c
ref-cycles,:c
instructions;:c
cpu/event=0x85,umask=0x0e,period=100003,name='ITLB_MISSES.WALK_COMPLETED'/,:c
cpu/event=0x85,umask=0x10,period=100003,name='ITLB_MISSES.WALK_ACTIVE'/,:c
cpu/event=0x08,umask=0x0e,period=100003,name='DTLB_LOAD_MISSES.WALK_COMPLETED'/,:c
cpu/event=0x08,umask=0x10,cmask=0x01,period=100003,name='DTLB_LOAD_MISSES.WALK_ACTIVE'/,:c
cpu-cycles,:c
ref-cycles,:c
instructions;:c
cpu/event=0x49,umask=0x0e,period=100003,name='DTLB_STORE_MISSES.WALK_COMPLETED'/,:c
cpu/event=0x49,umask=0x10,period=100003,name='DTLB_STORE_MISSES.WALK_ACTIVE'/,:c
cpu/event=0x9c,umask=0x01,cmask=0x4,period=2000003,name='IDQ_UOPS_NOT_DELIVERED.CYCLES_0_UOPS_DELIV.CORE'/,:c
cpu/event=0xe6,umask=0x01,period=100003,name='BACLEARS.ANY'/,:c
cpu-cycles,:c
ref-cycles,:c
instructions;:c
cpu/event=0xd0,umask=0x21,cmask=0x01,period=100007,name='MEM_INST_RETIRED.LOCK_LOADS'/,:c
cpu/event=0x24,umask=0xe2,cmask=0x00,period=200003,name='L2_RQSTS.ALL_RFO'/,:c
cpu/event=0xd0,umask=0x82,cmask=0x00,period=200003,name='MEM_INST_RETIRED.ALL_STORES'/,:c
cpu/event=0x24,umask=0xc2,cmask=0x00,period=200003,name='L2_RQSTS.RFO_HIT'/,:c
cpu-cycles,:c
ref-cycles,:c
instructions;:c
cpu/event=0x60,umask=0x10,cmask=0x06,period=2000003,name='OFFCORE_REQUESTS_OUTSTANDING.L3_MISS_DEMAND_DATA_RD_GE_6'/,:c
cpu/event=0x60,umask=0x10,cmask=0x01,period=2000003,name='OFFCORE_REQUESTS_OUTSTANDING.CYCLES_WITH_L3_MISS_DEMAND_DATA_RD'/,:c
cpu-cycles,:c
ref-cycles,:c
instructions;:c
cpu/event=0xb1,umask=0x02,cmask=0x1,period=2000003,name='UOPS_EXECUTED.CORE_CYCLES_GE_1'/,:c
cpu/event=0xb1,umask=0x02,cmask=0x2,period=2000003,name='UOPS_EXECUTED.CORE_CYCLES_GE_2'/,:c
cpu/event=0xb1,umask=0x02,cmask=0x3,period=2000003,name='UOPS_EXECUTED.CORE_CYCLES_GE_3'/,:c
cpu/event=0xc2,umask=0x04,cmask=0x00,period=2000003,name='UOPS_RETIRED.MACRO_FUSED'/,:c
cpu-cycles,:c
ref-cycles,:c
instructions;:c
cpu/event=0xc7,umask=0x03,cmask=0x00,period=2000003,name='FP_ARITH_INST_RETIRED.SCALAR_SINGLE:u0x03'/,:c
cpu/event=0xc7,umask=0xfc,cmask=0x00,period=2000003,name='FP_ARITH_INST_RETIRED.128B_PACKED_DOUBLE:u0xfc'/,:c
cpu/event=0x80,umask=0x4,name='ICACHE_16B.IFDATA_STALL'/,:c
cpu/event=0x80,umask=0x4,cmask=0x1,edge=0x1,name='ICACHE_16B.IFDATA_STALL:c1:e1'/,:c
cpu-cycles,:c
ref-cycles,:c
instructions;:c
cpu/event=0x24,umask=0xe4,period=200003,name='L2_RQSTS.ALL_CODE_RD'/,:c
cpu/event=0x85,umask=0x04,period=100003,name='ITLB_MISSES.WALK_COMPLETED_2M_4M'/,:c
cpu/event=0xf1,umask=0x1f,period=100003,name='L2_LINES_IN.ALL'/,:c
cpu/event=0xd1,umask=0x10,period=50021,name='MEM_LOAD_RETIRED.L2_MISS'/,:c
cpu-cycles,:c
ref-cycles,:c
instructions;:c
cpu/event=0x24,umask=0x24,period=200003,name='L2_RQSTS.CODE_RD_MISS'/,:c
cpu/event=0x08,umask=0x04,period=2000003,name='DTLB_LOAD_MISSES.WALK_COMPLETED_2M_4M'/,:c
cpu/event=0x08,umask=0x02,period=2000003,name='DTLB_LOAD_MISSES.WALK_COMPLETED_4K'/,:c
cpu/event=0x08,umask=0x08,period=2000003,name='DTLB_LOAD_MISSES.WALK_COMPLETED_1G'/,:c
cpu-cycles,:c
ref-cycles,:c
instructions;:c
cpu/event=0xd1,umask=0x40,period=100007,name='MEM_LOAD_RETIRED.FB_HIT'/,:c
cpu/event=0xa3,umask=0x10,cmask=0x16,period=2000003,name='CYCLE_ACTIVITY.CYCLES_MEM_ANY'/,:c
cpu/event=0xa3,umask=0x08,cmask=0x08,period=2000003,name='CYCLE_ACTIVITY.CYCLES_L1D_MISS'/,:c
cpu-cycles,:c
ref-cycles,:c
instructions;:c
cpu/event=0x79,umask=0x30,period=2000003,name='IDQ.MS_UOPS'/,:c
cpu/event=0x83,umask=0x04,period=200003,name='ICACHE_64B.IFTAG_STALL'/,:c
cpu/event=0x08,umask=0x20,cmask=0x01,period=2000003,name='DTLB_LOAD_MISSES.STLB_HIT:c1'/,:c
cpu-cycles,:c
ref-cycles,:c
instructions;:c
cpu/event=0x80,umask=0x4,name='ICACHE_16B.IFDATA_STALL'/,:c
cpu/event=0x80,umask=0x4,cmask=0x1,edge=0x1,name='ICACHE_16B.IFDATA_STALL:c1:e1'/,:c
cpu/event=0x14,umask=0x01,period=2000003,name='ARITH.DIVIDER_ACTIVE'/,:c
cpu/event=0xb1,umask=0x02,inv=0x1,cmask=0x1,period=2000003,name='UOPS_EXECUTED.CORE_CYCLES_NONE'/,:c
cpu-cycles,:c
ref-cycles,:c
instructions;:c
cpu/event=0x3c,umask=0x2,name='CPU_CLK_THREAD_UNHALTED.ONE_THREAD_ACTIVE'/,:c
cpu/event=0x3c,umask=0x1,name='CPU_CLK_THREAD_UNHALTED.REF_XCLK_ANY'/,:c
cpu-cycles:k,:c
ref-cycles:k,:c
instructions:k;:c
cpu/event=0x79,umask=0x08,cmask=0x00,period=2000003,name='IDQ.DSB_UOPS'/,:c
cpu/event=0x79,umask=0x04,cmask=0x00,period=2000003,name='IDQ.MITE_UOPS'/,:c
cpu/event=0xa8,umask=0x01,cmask=0x00,period=2000003,name='LSD.UOPS'/,:c
cpu-cycles,:c
ref-cycles,:c
instructions;:c
cpu/event=0x79,umask=0x24,cmask=0x01,period=2000003,name='IDQ.ALL_MITE_CYCLES_ANY_UOPS'/,:c
cpu/event=0x79,umask=0x24,cmask=0x04,period=2000003,name='IDQ.ALL_MITE_CYCLES_4_UOPS'/,:c
cpu-cycles,:c
ref-cycles,:c
instructions;:c
cpu/event=0x79,umask=0x18,cmask=0x01,period=2000003,name='IDQ.ALL_DSB_CYCLES_ANY_UOPS'/,:c
cpu/event=0x79,umask=0x18,cmask=0x04,period=2000003,name='IDQ.ALL_DSB_CYCLES_4_UOPS'/,:c
cpu-cycles,:c
ref-cycles,:c
instructions;:c
cpu/event=0xd2,umask=0x02,cmask=0x00,period=20011,name='MEM_LOAD_L3_HIT_RETIRED.XSNP_HIT'/,:c
cpu/event=0xd2,umask=0x04,cmask=0x00,period=20011,name='MEM_LOAD_L3_HIT_RETIRED.XSNP_HITM'/,:c
cpu-cycles,:c
ref-cycles,:c
instructions;:c
cpu/event=0xb1,umask=0x10,cmask=0x00,period=2000003,name='UOPS_EXECUTED.X87'/,:c
cpu/event=0xb1,umask=0x01,cmask=0x00,period=2000003,name='UOPS_EXECUTED.THREAD'/,:c
cpu-cycles,:c
ref-cycles,:c
instructions;:c
cstate_core/c6-residency/;:c
cstate_pkg/c6-residency/;:c

### PERF DATA ###,
# started on Tue Jan 23 13:06:46 2024 UTC EPOCH 1706015206

     5.000723207,22320621865,,CORE_POWER.LVL0_TURBO_LICENSE,293049641,2.88,,
     5.000723207,0,,CORE_POWER.LVL1_TURBO_LICENSE,293049641,2.88,,
     5.000723207,0,,CORE_POWER.LVL2_TURBO_LICENSE,293049641,2.88,,
     5.000723207,2940063,,L1D.REPLACEMENT,293049641,2.88,,
     5.000723207,22320621865,,cpu-cycles,293049641,2.88,,
     5.000723207,22320610239,,ref-cycles,293049641,2.88,,
     5.000723207,64180453958,,instructions,293049641,2.88,2.87,insn per cycle
     5.000723207,227551,,MACHINE_CLEARS.COUNT,508536837,5.00,,
     5.000723207,972584,,BR_MISP_RETIRED.ALL_BRANCHES,508536837,5.00,,
     5.000723207,8064785,,INT_MISC.CLEAR_RESTEER_CYCLES,508536837,5.00,,
     5.000723207,20195119766,,MEM_LOAD_RETIRED.L1_HIT,508536837,5.00,,
     5.000723207,22367746086,,cpu-cycles,508536837,5.00,,
     5.000723207,22367750466,,ref-cycles,508536837,5.00,,
     5.000723207,68377448192,,instructions,508536837,5.00,3.06,insn per cycle
     5.000723207,67836459328,,UOPS_ISSUED.ANY,509280104,5.01,,
     5.000723207,67763293187,,UOPS_RETIRED.RETIRE_SLOTS,509280104,5.01,,
     5.000723207,9247005,,INT_MISC.RECOVERY_CYCLES_ANY,509280104,5.01,,
     5.000723207,9247005,,INT_MISC.RECOVERY_CYCLES,509280104,5.01,,
     5.000723207,22366880471,,cpu-cycles,509280104,5.01,,
     5.000723207,22366881090,,ref-cycles,509280104,5.01,,
     5.000723207,68280994505,,instructions,509280104,5.01,3.05,insn per cycle
     5.000723207,22367564434,,CPU_CLK_UNHALTED.THREAD_ANY,508486549,5.00,,
     5.000723207,13856961818,,IDQ_UOPS_NOT_DELIVERED.CORE,508486549,5.00,,
     5.000723207,898903983,,CYCLE_ACTIVITY.STALLS_MEM_ANY,508486549,5.00,,
     5.000723207,993529744,,CYCLE_ACTIVITY.STALLS_TOTAL,508486549,5.00,,
     5.000723207,22367564434,,cpu-cycles,508486549,5.00,,
     5.000723207,22367562854,,ref-cycles,508486549,5.00,,
     5.000723207,68401150128,,instructions,508486549,5.00,3.06,insn per cycle
     5.000723207,2635232795,,EXE_ACTIVITY.1_PORTS_UTIL,507590056,4.99,,
     5.000723207,3497881151,,EXE_ACTIVITY.2_PORTS_UTIL,507590056,4.99,,
     5.000723207,12402,,EXE_ACTIVITY.BOUND_ON_STORES,507590056,4.99,,
     5.000723207,23001385,,EXE_ACTIVITY.EXE_BOUND_0_PORTS,507590056,4.99,,
     5.000723207,22367915905,,cpu-cycles,507590056,4.99,,
     5.000723207,22367917047,,ref-cycles,507590056,4.99,,
     5.000723207,68412970411,,instructions,507590056,4.99,3.06,insn per cycle
     5.000723207,136381,,MEM_LOAD_RETIRED.L2_HIT,507538792,4.99,,
     5.000723207,91254,,MEM_LOAD_RETIRED.FB_HIT,507538792,4.99,,
     5.000723207,153133,,MEM_LOAD_RETIRED.L1_MISS,507538792,4.99,,
     5.000723207,0,,L1D_PEND_MISS.FB_FULL:c1,507538792,4.99,,
     5.000723207,22367534344,,cpu-cycles,507538792,4.99,,
     5.000723207,22367530918,,ref-cycles,507538792,4.99,,
     5.000723207,68456845832,,instructions,507538792,4.99,3.06,insn per cycle
     5.000723207,2323254,,CYCLE_ACTIVITY.STALLS_L1D_MISS,531136960,5.22,,
     5.000723207,1359455,,CYCLE_ACTIVITY.STALLS_L2_MISS,531136960,5.22,,
     5.000723207,584494,,CYCLE_ACTIVITY.STALLS_L3_MISS,531136960,5.22,,
     5.000723207,780705,,OFFCORE_REQUESTS_OUTSTANDING.CYCLES_WITH_DEMAND_RFO,531136960,5.22,,
     5.000723207,22353296652,,cpu-cycles,531136960,5.22,,
     5.000723207,22353305364,,ref-cycles,531136960,5.22,,
     5.000723207,66652413213,,instructions,531136960,5.22,2.98,insn per cycle
     5.000723207,467428,,ITLB_MISSES.WALK_COMPLETED,508436402,5.00,,
     5.000723207,9336315,,ITLB_MISSES.WALK_ACTIVE,508436402,5.00,,
     5.000723207,4460,,DTLB_LOAD_MISSES.WALK_COMPLETED,508436402,5.00,,
     5.000723207,194828,,DTLB_LOAD_MISSES.WALK_ACTIVE,508436402,5.00,,
     5.000723207,22367207466,,cpu-cycles,508436402,5.00,,
     5.000723207,22367208406,,ref-cycles,508436402,5.00,,
     5.000723207,68374028979,,instructions,508436402,5.00,3.06,insn per cycle
     5.000723207,1123,,DTLB_STORE_MISSES.WALK_COMPLETED,552288972,5.43,,
     5.000723207,48540,,DTLB_STORE_MISSES.WALK_ACTIVE,552288972,5.43,,
     5.000723207,802908624,,IDQ_UOPS_NOT_DELIVERED.CYCLES_0_UOPS_DELIV.CORE,552288972,5.43,,
     5.000723207,3927566,,BACLEARS.ANY,552288972,5.43,,
     5.000723207,22344876276,,cpu-cycles,552288972,5.43,,
     5.000723207,22344874748,,ref-cycles,552288972,5.43,,
     5.000723207,65280831946,,instructions,552288972,5.43,2.92,insn per cycle
     5.000723207,13627,,MEM_INST_RETIRED.LOCK_LOADS,500023104,4.92,,
     5.000723207,752,,L2_RQSTS.ALL_RFO,500023104,4.92,,
     5.000723207,8178991756,,MEM_INST_RETIRED.ALL_STORES,500023104,4.92,,
     5.000723207,528,,L2_RQSTS.RFO_HIT,500023104,4.92,,
     5.000723207,22372909760,,cpu-cycles,500023104,4.92,,
     5.000723207,22372910065,,ref-cycles,500023104,4.92,,
     5.000723207,69001047285,,instructions,500023104,4.92,3.08,insn per cycle
     5.000723207,0,,OFFCORE_REQUESTS_OUTSTANDING.L3_MISS_DEMAND_DATA_RD_GE_6,500022373,4.92,,
     5.000723207,357627,,OFFCORE_REQUESTS_OUTSTANDING.CYCLES_WITH_L3_MISS_DEMAND_DATA_RD,500022373,4.92,,
     5.000723207,22372986232,,cpu-cycles,500022373,4.92,,
     5.000723207,22372985723,,ref-cycles,500022373,4.92,,
     5.000723207,68976113648,,instructions,500022373,4.92,3.08,insn per cycle
     5.000723207,21466274875,,UOPS_EXECUTED.CORE_CYCLES_GE_1,500022435,4.92,,
     5.000723207,18850970613,,UOPS_EXECUTED.CORE_CYCLES_GE_2,500022435,4.92,,
     5.000723207,15357375872,,UOPS_EXECUTED.CORE_CYCLES_GE_3,500022435,4.92,,
     5.000723207,7570671855,,UOPS_RETIRED.MACRO_FUSED,500022435,4.92,,
     5.000723207,22372905902,,cpu-cycles,500022435,4.92,,
     5.000723207,22372904682,,ref-cycles,500022435,4.92,,
     5.000723207,68998505262,,instructions,500022435,4.92,3.08,insn per cycle
     5.000723207,88560070,,FP_ARITH_INST_RETIRED.SCALAR_SINGLE:u0x03,500022184,4.92,,
     5.000723207,44148053,,FP_ARITH_INST_RETIRED.128B_PACKED_DOUBLE:u0xfc,500022184,4.92,,
     5.000723207,350730,,ICACHE_16B.IFDATA_STALL,500022184,4.92,,
     5.000723207,56177,,ICACHE_16B.IFDATA_STALL:c1:e1,500022184,4.92,,
     5.000723207,22372758901,,cpu-cycles,500022184,4.92,,
     5.000723207,22372759125,,ref-cycles,500022184,4.92,,
     5.000723207,68980005407,,instructions,500022184,4.92,3.08,insn per cycle
     5.000723207,245514,,L2_RQSTS.ALL_CODE_RD,500023106,4.92,,
     5.000723207,0,,ITLB_MISSES.WALK_COMPLETED_2M_4M,500023106,4.92,,
     5.000723207,36610,,L2_LINES_IN.ALL,500023106,4.92,,
     5.000723207,14522,,MEM_LOAD_RETIRED.L2_MISS,500023106,4.92,,
     5.000723207,22372701401,,cpu-cycles,500023106,4.92,,
     5.000723207,22372698980,,ref-cycles,500023106,4.92,,
     5.000723207,68972261663,,instructions,500023106,4.92,3.08,insn per cycle
     5.000723207,0,,L2_RQSTS.CODE_RD_MISS,500022331,4.92,,
     5.000723207,0,,DTLB_LOAD_MISSES.WALK_COMPLETED_2M_4M,500022331,4.92,,
     5.000723207,0,,DTLB_LOAD_MISSES.WALK_COMPLETED_4K,500022331,4.92,,
     5.000723207,0,,DTLB_LOAD_MISSES.WALK_COMPLETED_1G,500022331,4.92,,
     5.000723207,22372613233,,cpu-cycles,500022331,4.92,,
     5.000723207,22372613579,,ref-cycles,500022331,4.92,,
     5.000723207,69014879998,,instructions,500022331,4.92,3.09,insn per cycle
     5.000723207,13505,,MEM_LOAD_RETIRED.FB_HIT,500022454,4.92,,
     5.000723207,0,,CYCLE_ACTIVITY.CYCLES_MEM_ANY,500022454,4.92,,
     5.000723207,1676229,,CYCLE_ACTIVITY.CYCLES_L1D_MISS,500022454,4.92,,
     5.000723207,22372615476,,cpu-cycles,500022454,4.92,,
     5.000723207,22372614276,,ref-cycles,500022454,4.92,,
     5.000723207,69043984333,,instructions,500022454,4.92,3.09,insn per cycle
     5.000723207,3304025039,,IDQ.MS_UOPS,494232321,4.86,,
     5.000723207,3050185,,ICACHE_64B.IFTAG_STALL,494232321,4.86,,
     5.000723207,9012,,DTLB_LOAD_MISSES.STLB_HIT:c1,494232321,4.86,,
     5.000723207,22372687007,,cpu-cycles,494232321,4.86,,
     5.000723207,22372688489,,ref-cycles,494232321,4.86,,
     5.000723207,69050475164,,instructions,494232321,4.86,3.09,insn per cycle
     5.000723207,383553,,ICACHE_16B.IFDATA_STALL,250011498,2.46,,
     5.000723207,63091,,ICACHE_16B.IFDATA_STALL:c1:e1,250011498,2.46,,
     5.000723207,818849,,ARITH.DIVIDER_ACTIVE,250011498,2.46,,
     5.000723207,869916384,,UOPS_EXECUTED.CORE_CYCLES_NONE,250011498,2.46,,
     5.000723207,22372484127,,cpu-cycles,250011498,2.46,,
     5.000723207,22372486852,,ref-cycles,250011498,2.46,,
     5.000723207,69029673588,,instructions,250011498,2.46,3.09,insn per cycle
     5.000723207,254231532,,CPU_CLK_THREAD_UNHALTED.ONE_THREAD_ACTIVE,250011082,2.46,,
     5.000723207,254231532,,CPU_CLK_THREAD_UNHALTED.REF_XCLK_ANY,250011082,2.46,,
     5.000723207,19475785,,cpu-cycles:k,250011082,2.46,,
     5.000723207,19509182,,ref-cycles:k,250011082,2.46,,
     5.000723207,17178900,,instructions:k,250011082,2.46,0.88,insn per cycle
     5.000723207,41633938835,,IDQ.DSB_UOPS,250011135,2.46,,
     5.000723207,22669811576,,IDQ.MITE_UOPS,250011135,2.46,,
     5.000723207,0,,LSD.UOPS,250011135,2.46,,
     5.000723207,22372378589,,cpu-cycles,250011135,2.46,,
     5.000723207,22372379077,,ref-cycles,250011135,2.46,,
     5.000723207,68962849895,,instructions,250011135,2.46,3.08,insn per cycle
     5.000723207,9604114917,,IDQ.ALL_MITE_CYCLES_ANY_UOPS,250011167,2.46,,
     5.000723207,3452412913,,IDQ.ALL_MITE_CYCLES_4_UOPS,250011167,2.46,,
     5.000723207,22372319241,,cpu-cycles,250011167,2.46,,
     5.000723207,22372320542,,ref-cycles,250011167,2.46,,
     5.000723207,69016406410,,instructions,250011167,2.46,3.09,insn per cycle
     5.000723207,8885125563,,IDQ.ALL_DSB_CYCLES_ANY_UOPS,250011522,2.46,,
     5.000723207,7103008074,,IDQ.ALL_DSB_CYCLES_4_UOPS,250011522,2.46,,
     5.000723207,22372330081,,cpu-cycles,250011522,2.46,,
     5.000723207,22372327925,,ref-cycles,250011522,2.46,,
     5.000723207,69032207158,,instructions,250011522,2.46,3.09,insn per cycle
     5.000723207,0,,MEM_LOAD_L3_HIT_RETIRED.XSNP_HIT,250011106,2.46,,
     5.000723207,8298,,MEM_LOAD_L3_HIT_RETIRED.XSNP_HITM,250011106,2.46,,
     5.000723207,22372318631,,cpu-cycles,250011106,2.46,,
     5.000723207,22372317859,,ref-cycles,250011106,2.46,,
     5.000723207,69048587034,,instructions,250011106,2.46,3.09,insn per cycle
     5.000723207,55565,,UOPS_EXECUTED.X87,250011114,2.46,,
     5.000723207,73010990413,,UOPS_EXECUTED.THREAD,250011114,2.46,,
     5.000723207,22372251844,,cpu-cycles,250011114,2.46,,
     5.000723207,22372252048,,ref-cycles,250011114,2.46,,
     5.000723207,69054961923,,instructions,250011114,2.46,3.09,insn per cycle
     5.000723207,<not supported>,,cstate_core/c6-residency/,0,100.00,,
     5.000723207,<not supported>,,cstate_pkg/c6-residency/,0,100.00,,
    10.001436614,22369225595,,CORE_POWER.LVL0_TURBO_LICENSE,500022544,4.92,,
    10.001436614,0,,CORE_POWER.LVL1_TURBO_LICENSE,500022544,4.92,,
    10.001436614,0,,CORE_POWER.LVL2_TURBO_LICENSE,500022544,4.92,,
    10.001436614,26518,,L1D.REPLACEMENT,500022544,4.92,,
    10.001436614,22369225595,,cpu-cycles,500022544,4.92,,
    10.001436614,22369225351,,ref-cycles,500022544,4.92,,
    10.001436614,69023587940,,instructions,500022544,4.92,3.09,insn per cycle
    10.001436614,225648,,MACHINE_CLEARS.COUNT,500023067,4.92,,
    10.001436614,532133,,BR_MISP_RETIRED.ALL_BRANCHES,500023067,4.92,,
    10.001436614,4987540,,INT_MISC.CLEAR_RESTEER_CYCLES,500023067,4.92,,
    10.001436614,20364443555,,MEM_LOAD_RETIRED.L1_HIT,500023067,4.92,,
    10.001436614,22369232219,,cpu-cycles,500023067,4.92,,
    10.001436614,22369234456,,ref-cycles,500023067,4.92,,
    10.001436614,68951888523,,instructions,500023067,4.92,3.08,insn per cycle
    10.001436614,68424256202,,UOPS_ISSUED.ANY,500022652,4.92,,
    10.001436614,68360043373,,UOPS_RETIRED.RETIRE_SLOTS,500022652,4.92,,
    10.001436614,4846633,,INT_MISC.RECOVERY_CYCLES_ANY,500022652,4.92,,
    10.001436614,4846633,,INT_MISC.RECOVERY_CYCLES,500022652,4.92,,
    10.001436614,22369234041,,cpu-cycles,500022652,4.92,,
    10.001436614,22369235200,,ref-cycles,500022652,4.92,,
    10.001436614,69042156618,,instructions,500022652,4.92,3.09,insn per cycle
    10.001436614,22369109522,,CPU_CLK_UNHALTED.THREAD_ANY,500022329,4.92,,
    10.001436614,13804119237,,IDQ_UOPS_NOT_DELIVERED.CORE,500022329,4.92,,
    10.001436614,882857044,,CYCLE_ACTIVITY.STALLS_MEM_ANY,500022329,4.92,,
    10.001436614,899614371,,CYCLE_ACTIVITY.STALLS_TOTAL,500022329,4.92,,
    10.001436614,22369109522,,cpu-cycles,500022329,4.92,,
    10.001436614,22369108098,,ref-cycles,500022329,4.92,,
    10.001436614,69029288513,,instructions,500022329,4.92,3.09,insn per cycle
    10.001436614,2610096954,,EXE_ACTIVITY.1_PORTS_UTIL,500022425,4.92,,
    10.001436614,3468541245,,EXE_ACTIVITY.2_PORTS_UTIL,500022425,4.92,,
    10.001436614,0,,EXE_ACTIVITY.BOUND_ON_STORES,500022425,4.92,,
    10.001436614,3022568,,EXE_ACTIVITY.EXE_BOUND_0_PORTS,500022425,4.92,,
    10.001436614,22369118992,,cpu-cycles,500022425,4.92,,
    10.001436614,22369116470,,ref-cycles,500022425,4.92,,
    10.001436614,69093283576,,instructions,500022425,4.92,3.09,insn per cycle
    10.001436614,8785,,MEM_LOAD_RETIRED.L2_HIT,500023171,4.92,,
    10.001436614,14519,,MEM_LOAD_RETIRED.FB_HIT,500023171,4.92,,
    10.001436614,22735,,MEM_LOAD_RETIRED.L1_MISS,500023171,4.92,,
    10.001436614,0,,L1D_PEND_MISS.FB_FULL:c1,500023171,4.92,,
    10.001436614,22369108848,,cpu-cycles,500023171,4.92,,
    10.001436614,22369108339,,ref-cycles,500023171,4.92,,
    10.001436614,69048209865,,instructions,500023171,4.92,3.09,insn per cycle
    10.001436614,1048546,,CYCLE_ACTIVITY.STALLS_L1D_MISS,500022562,4.92,,
    10.001436614,1009236,,CYCLE_ACTIVITY.STALLS_L2_MISS,500022562,4.92,,
    10.001436614,276529,,CYCLE_ACTIVITY.STALLS_L3_MISS,500022562,4.92,,
    10.001436614,0,,OFFCORE_REQUESTS_OUTSTANDING.CYCLES_WITH_DEMAND_RFO,500022562,4.92,,
    10.001436614,22369139837,,cpu-cycles,500022562,4.92,,
    10.001436614,22369137702,,ref-cycles,500022562,4.92,,
    10.001436614,69012966638,,instructions,500022562,4.92,3.09,insn per cycle
    10.001436614,63773,,ITLB_MISSES.WALK_COMPLETED,500022343,4.92,,
    10.001436614,1264230,,ITLB_MISSES.WALK_ACTIVE,500022343,4.92,,
    10.001436614,0,,DTLB_LOAD_MISSES.WALK_COMPLETED,500022343,4.92,,
    10.001436614,40489,,DTLB_LOAD_MISSES.WALK_ACTIVE,500022343,4.92,,
    10.001436614,22369171279,,cpu-cycles,500022343,4.92,,
    10.001436614,22369171848,,ref-cycles,500022343,4.92,,
    10.001436614,69017591397,,instructions,500022343,4.92,3.09,insn per cycle
    10.001436614,455,,DTLB_STORE_MISSES.WALK_COMPLETED,603404020,5.93,,
    10.001436614,23879,,DTLB_STORE_MISSES.WALK_ACTIVE,603404020,5.93,,
    10.001436614,931875135,,IDQ_UOPS_NOT_DELIVERED.CYCLES_0_UOPS_DELIV.CORE,603404020,5.93,,
    10.001436614,7082314,,BACLEARS.ANY,603404020,5.93,,
    10.001436614,22312775764,,cpu-cycles,603404020,5.93,,
    10.001436614,22312768686,,ref-cycles,603404020,5.93,,
    10.001436614,61973224321,,instructions,603404020,5.93,2.77,insn per cycle
    10.001436614,21705740,,MEM_INST_RETIRED.LOCK_LOADS,308674405,3.04,,
    10.001436614,188694,,L2_RQSTS.ALL_RFO,308674405,3.04,,
    10.001436614,7425165766,,MEM_INST_RETIRED.ALL_STORES,308674405,3.04,,
    10.001436614,163526,,L2_RQSTS.RFO_HIT,308674405,3.04,,
    10.001436614,22310407949,,cpu-cycles,308674405,3.04,,
    10.001436614,22310418557,,ref-cycles,308674405,3.04,,
    10.001436614,61502920011,,instructions,308674405,3.04,2.75,insn per cycle
    10.001436614,0,,OFFCORE_REQUESTS_OUTSTANDING.L3_MISS_DEMAND_DATA_RD_GE_6,250011262,2.46,,
    10.001436614,329932,,OFFCORE_REQUESTS_OUTSTANDING.CYCLES_WITH_L3_MISS_DEMAND_DATA_RD,250011262,2.46,,
    10.001436614,22369179619,,cpu-cycles,250011262,2.46,,
    10.001436614,22369181124,,ref-cycles,250011262,2.46,,
    10.001436614,68992001842,,instructions,250011262,2.46,3.08,insn per cycle
    10.001436614,21512494959,,UOPS_EXECUTED.CORE_CYCLES_GE_1,250011222,2.46,,
    10.001436614,18854166673,,UOPS_EXECUTED.CORE_CYCLES_GE_2,250011222,2.46,,
    10.001436614,15332943382,,UOPS_EXECUTED.CORE_CYCLES_GE_3,250011222,2.46,,
    10.001436614,7562766907,,UOPS_RETIRED.MACRO_FUSED,250011222,2.46,,
    10.001436614,22369056461,,cpu-cycles,250011222,2.46,,
    10.001436614,22369055038,,ref-cycles,250011222,2.46,,
    10.001436614,68932434198,,instructions,250011222,2.46,3.08,insn per cycle
    10.001436614,88555067,,FP_ARITH_INST_RETIRED.SCALAR_SINGLE:u0x03,250011193,2.46,,
    10.001436614,44145552,,FP_ARITH_INST_RETIRED.128B_PACKED_DOUBLE:u0xfc,250011193,2.46,,
    10.001436614,357629,,ICACHE_16B.IFDATA_STALL,250011193,2.46,,
    10.001436614,57266,,ICACHE_16B.IFDATA_STALL:c1:e1,250011193,2.46,,
    10.001436614,22368912548,,cpu-cycles,250011193,2.46,,
    10.001436614,22368910881,,ref-cycles,250011193,2.46,,
    10.001436614,69034387754,,instructions,250011193,2.46,3.09,insn per cycle
    10.001436614,252044,,L2_RQSTS.ALL_CODE_RD,250011641,2.46,,
    10.001436614,0,,ITLB_MISSES.WALK_COMPLETED_2M_4M,250011641,2.46,,
    10.001436614,37824,,L2_LINES_IN.ALL,250011641,2.46,,
    10.001436614,14641,,MEM_LOAD_RETIRED.L2_MISS,250011641,2.46,,
    10.001436614,22368960354,,cpu-cycles,250011641,2.46,,
    10.001436614,22368963567,,ref-cycles,250011641,2.46,,
    10.001436614,68984096274,,instructions,250011641,2.46,3.08,insn per cycle
    10.001436614,40,,L2_RQSTS.CODE_RD_MISS,250011223,2.46,,
    10.001436614,0,,DTLB_LOAD_MISSES.WALK_COMPLETED_2M_4M,250011223,2.46,,
    10.001436614,0,,DTLB_LOAD_MISSES.WALK_COMPLETED_4K,250011223,2.46,,
    10.001436614,0,,DTLB_LOAD_MISSES.WALK_COMPLETED_1G,250011223,2.46,,
    10.001436614,22369000071,,cpu-cycles,250011223,2.46,,
    10.001436614,22369000641,,ref-cycles,250011223,2.46,,
    10.001436614,68926562029,,instructions,250011223,2.46,3.08,insn per cycle
    10.001436614,18221,,MEM_LOAD_RETIRED.FB_HIT,250011202,2.46,,
    10.001436614,0,,CYCLE_ACTIVITY.CYCLES_MEM_ANY,250011202,2.46,,
    10.001436614,1634855,,CYCLE_ACTIVITY.CYCLES_L1D_MISS,250011202,2.46,,
    10.001436614,22369078425,,cpu-cycles,250011202,2.46,,
    10.001436614,22369079604,,ref-cycles,250011202,2.46,,
    10.001436614,69025813116,,instructions,250011202,2.46,3.09,insn per cycle
    10.001436614,3302577255,,IDQ.MS_UOPS,255794647,2.52,,
    10.001436614,3094331,,ICACHE_64B.IFTAG_STALL,255794647,2.52,,
    10.001436614,11249,,DTLB_LOAD_MISSES.STLB_HIT:c1,255794647,2.52,,
    10.001436614,22368474649,,cpu-cycles,255794647,2.52,,
    10.001436614,22368468328,,ref-cycles,255794647,2.52,,
    10.001436614,69036127920,,instructions,255794647,2.52,3.09,insn per cycle
    10.001436614,372412,,ICACHE_16B.IFDATA_STALL,500022867,4.92,,
    10.001436614,60031,,ICACHE_16B.IFDATA_STALL:c1:e1,500022867,4.92,,
    10.001436614,818726,,ARITH.DIVIDER_ACTIVE,500022867,4.92,,
    10.001436614,908038865,,UOPS_EXECUTED.CORE_CYCLES_NONE,500022867,4.92,,
    10.001436614,22368073696,,cpu-cycles,500022867,4.92,,
    10.001436614,22368071866,,ref-cycles,500022867,4.92,,
    10.001436614,68988805448,,instructions,500022867,4.92,3.08,insn per cycle
    10.001436614,254195265,,CPU_CLK_THREAD_UNHALTED.ONE_THREAD_ACTIVE,500022457,4.92,,
    10.001436614,254195265,,CPU_CLK_THREAD_UNHALTED.REF_XCLK_ANY,500022457,4.92,,
    10.001436614,19563718,,cpu-cycles:k,500022457,4.92,,
    10.001436614,19604716,,ref-cycles:k,500022457,4.92,,
    10.001436614,17175459,,instructions:k,500022457,4.92,0.88,insn per cycle
    10.001436614,41792445029,,IDQ.DSB_UOPS,500022403,4.92,,
    10.001436614,22561759926,,IDQ.MITE_UOPS,500022403,4.92,,
    10.001436614,0,,LSD.UOPS,500022403,4.92,,
    10.001436614,22369202078,,cpu-cycles,500022403,4.92,,
    10.001436614,22369202362,,ref-cycles,500022403,4.92,,
    10.001436614,69005053841,,instructions,500022403,4.92,3.09,insn per cycle
    10.001436614,9554368771,,IDQ.ALL_MITE_CYCLES_ANY_UOPS,500022418,4.92,,
    10.001436614,3422949190,,IDQ.ALL_MITE_CYCLES_4_UOPS,500022418,4.92,,
    10.001436614,22369252513,,cpu-cycles,500022418,4.92,,
    10.001436614,22369251090,,ref-cycles,500022418,4.92,,
    10.001436614,69037606509,,instructions,500022418,4.92,3.09,insn per cycle
    10.001436614,8925062139,,IDQ.ALL_DSB_CYCLES_ANY_UOPS,500023293,4.92,,
    10.001436614,7154923161,,IDQ.ALL_DSB_CYCLES_4_UOPS,500023293,4.92,,
    10.001436614,22369239455,,cpu-cycles,500023293,4.92,,
    10.001436614,22369239374,,ref-cycles,500023293,4.92,,
    10.001436614,69023911976,,instructions,500023293,4.92,3.09,insn per cycle
    10.001436614,0,,MEM_LOAD_L3_HIT_RETIRED.XSNP_HIT,500022411,4.92,,
    10.001436614,7971,,MEM_LOAD_L3_HIT_RETIRED.XSNP_HITM,500022411,4.92,,
    10.001436614,22369280121,,cpu-cycles,500022411,4.92,,
    10.001436614,22369278270,,ref-cycles,500022411,4.92,,
    10.001436614,68974520784,,instructions,500022411,4.92,3.08,insn per cycle
    10.001436614,55557,,UOPS_EXECUTED.X87,500022473,4.92,,
    10.001436614,73009475899,,UOPS_EXECUTED.THREAD,500022473,4.92,,
    10.001436614,22369300278,,cpu-cycles,500022473,4.92,,
    10.001436614,22369299993,,ref-cycles,500022473,4.92,,
    10.001436614,69053863824,,instructions,500022473,4.92,3.09,insn per cycle
    10.001436614,<not supported>,,cstate_core/c6-residency/,0,100.00,,
    10.001436614,<not supported>,,cstate_pkg/c6-residency/,0,100.00,,
    15.002098987,22371073920,,CORE_POWER.LVL0_TURBO_LICENSE,496627501,4.88,,
    15.002098987,0,,CORE_POWER.LVL1_TURBO_LICENSE,496627501,4.88,,
    15.002098987,0,,CORE_POWER.LVL2_TURBO_LICENSE,496627501,4.88,,
    15.002098987,60820,,L1D.REPLACEMENT,496627501,4.88,,
    15.002098987,22371086392,,cpu-cycles,496627501,4.88,,
    15.002098987,22371093067,,ref-cycles,496627501,4.88,,
    15.002098987,69037236299,,instructions,496627501,4.88,3.09,insn per cycle
    15.002098987,222756,,MACHINE_CLEARS.COUNT,250011606,2.46,,
    15.002098987,532402,,BR_MISP_RETIRED.ALL_BRANCHES,250011606,2.46,,
    15.002098987,4864437,,INT_MISC.CLEAR_RESTEER_CYCLES,250011606,2.46,,
    15.002098987,20389204305,,MEM_LOAD_RETIRED.L1_HIT,250011606,2.46,,
    15.002098987,22372663664,,cpu-cycles,250011606,2.46,,
    15.002098987,22372665372,,ref-cycles,250011606,2.46,,
    15.002098987,69036172337,,instructions,250011606,2.46,3.09,insn per cycle
    15.002098987,68465231951,,UOPS_ISSUED.ANY,250011198,2.46,,
    15.002098987,68401101850,,UOPS_RETIRED.RETIRE_SLOTS,250011198,2.46,,
    15.002098987,4687125,,INT_MISC.RECOVERY_CYCLES_ANY,250011198,2.46,,
    15.002098987,4687125,,INT_MISC.RECOVERY_CYCLES,250011198,2.46,,
    15.002098987,22372624961,,cpu-cycles,250011198,2.46,,
    15.002098987,22372625530,,ref-cycles,250011198,2.46,,
    15.002098987,69066028334,,instructions,250011198,2.46,3.09,insn per cycle
    15.002098987,22372600083,,CPU_CLK_UNHALTED.THREAD_ANY,250011164,2.46,,
    15.002098987,13845896203,,IDQ_UOPS_NOT_DELIVERED.CORE,250011164,2.46,,
    15.002098987,914245455,,CYCLE_ACTIVITY.STALLS_MEM_ANY,250011164,2.46,,
    15.002098987,930955138,,CYCLE_ACTIVITY.STALLS_TOTAL,250011164,2.46,,
    15.002098987,22372600083,,cpu-cycles,250011164,2.46,,
    15.002098987,22372603175,,ref-cycles,250011164,2.46,,
    15.002098987,69034055845,,instructions,250011164,2.46,3.09,insn per cycle
    15.002098987,2607296717,,EXE_ACTIVITY.1_PORTS_UTIL,250011327,2.46,,
    15.002098987,3513969099,,EXE_ACTIVITY.2_PORTS_UTIL,250011327,2.46,,
    15.002098987,0,,EXE_ACTIVITY.BOUND_ON_STORES,250011327,2.46,,
    15.002098987,3040692,,EXE_ACTIVITY.EXE_BOUND_0_PORTS,250011327,2.46,,
    15.002098987,22372649481,,cpu-cycles,250011327,2.46,,
    15.002098987,22372650661,,ref-cycles,250011327,2.46,,
    15.002098987,69028046558,,instructions,250011327,2.46,3.09,insn per cycle
    15.002098987,8989,,MEM_LOAD_RETIRED.L2_HIT,250011520,2.46,,
    15.002098987,14359,,MEM_LOAD_RETIRED.FB_HIT,250011520,2.46,,
    15.002098987,23715,,MEM_LOAD_RETIRED.L1_MISS,250011520,2.46,,
    15.002098987,0,,L1D_PEND_MISS.FB_FULL:c1,250011520,2.46,,
    15.002098987,22372508386,,cpu-cycles,250011520,2.46,,
    15.002098987,22372507409,,ref-cycles,250011520,2.46,,
    15.002098987,69000928381,,instructions,250011520,2.46,3.08,insn per cycle
    15.002098987,1072167,,CYCLE_ACTIVITY.STALLS_L1D_MISS,250011429,2.46,,
    15.002098987,1035597,,CYCLE_ACTIVITY.STALLS_L2_MISS,250011429,2.46,,
    15.002098987,274621,,CYCLE_ACTIVITY.STALLS_L3_MISS,250011429,2.46,,
    15.002098987,0,,OFFCORE_REQUESTS_OUTSTANDING.CYCLES_WITH_DEMAND_RFO,250011429,2.46,,
    15.002098987,22372483182,,cpu-cycles,250011429,2.46,,
    15.002098987,22372482938,,ref-cycles,250011429,2.46,,
    15.002098987,69002630533,,instructions,250011429,2.46,3.09,insn per cycle
    15.002098987,64435,,ITLB_MISSES.WALK_COMPLETED,250011081,2.46,,
    15.002098987,1280525,,ITLB_MISSES.WALK_ACTIVE,250011081,2.46,,
    15.002098987,0,,DTLB_LOAD_MISSES.WALK_COMPLETED,250011081,2.46,,
    15.002098987,40434,,DTLB_LOAD_MISSES.WALK_ACTIVE,250011081,2.46,,
    15.002098987,22372549899,,cpu-cycles,250011081,2.46,,
    15.002098987,22372554577,,ref-cycles,250011081,2.46,,
    15.002098987,69017860533,,instructions,250011081,2.46,3.09,insn per cycle
    15.002098987,0,,DTLB_STORE_MISSES.WALK_COMPLETED,254602910,2.50,,
    15.002098987,0,,DTLB_STORE_MISSES.WALK_ACTIVE,254602910,2.50,,
    15.002098987,653819646,,IDQ_UOPS_NOT_DELIVERED.CYCLES_0_UOPS_DELIV.CORE,254602910,2.50,,
    15.002098987,361662,,BACLEARS.ANY,254602910,2.50,,
    15.002098987,22372758957,,cpu-cycles,254602910,2.50,,
    15.002098987,22372753165,,ref-cycles,254602910,2.50,,
    15.002098987,69088212584,,instructions,254602910,2.50,3.09,insn per cycle
    15.002098987,28359132,,MEM_INST_RETIRED.LOCK_LOADS,665206077,6.54,,
    15.002098987,243104,,L2_RQSTS.ALL_RFO,665206077,6.54,,
    15.002098987,7197701102,,MEM_INST_RETIRED.ALL_STORES,665206077,6.54,,
    15.002098987,211533,,L2_RQSTS.RFO_HIT,665206077,6.54,,
    15.002098987,22295656357,,cpu-cycles,665206077,6.54,,
    15.002098987,22295619649,,ref-cycles,665206077,6.54,,
    15.002098987,59237050352,,instructions,665206077,6.54,2.65,insn per cycle
    15.002098987,0,,OFFCORE_REQUESTS_OUTSTANDING.L3_MISS_DEMAND_DATA_RD_GE_6,503134070,4.95,,
    15.002098987,388321,,OFFCORE_REQUESTS_OUTSTANDING.CYCLES_WITH_L3_MISS_DEMAND_DATA_RD,503134070,4.95,,
    15.002098987,22370289767,,cpu-cycles,503134070,4.95,,
    15.002098987,22370286209,,ref-cycles,503134070,4.95,,
    15.002098987,68730046670,,instructions,503134070,4.95,3.07,insn per cycle
    15.002098987,21459414802,,UOPS_EXECUTED.CORE_CYCLES_GE_1,500022536,4.92,,
    15.002098987,18854185253,,UOPS_EXECUTED.CORE_CYCLES_GE_2,500022536,4.92,,
    15.002098987,15363834937,,UOPS_EXECUTED.CORE_CYCLES_GE_3,500022536,4.92,,
    15.002098987,7579998090,,UOPS_RETIRED.MACRO_FUSED,500022536,4.92,,
    15.002098987,22372817965,,cpu-cycles,500022536,4.92,,
    15.002098987,22372816541,,ref-cycles,500022536,4.92,,
    15.002098987,69081824107,,instructions,500022536,4.92,3.09,insn per cycle
    15.002098987,88582037,,FP_ARITH_INST_RETIRED.SCALAR_SINGLE:u0x03,500022270,4.92,,
    15.002098987,44159016,,FP_ARITH_INST_RETIRED.128B_PACKED_DOUBLE:u0xfc,500022270,4.92,,
    15.002098987,357198,,ICACHE_16B.IFDATA_STALL,500022270,4.92,,
    15.002098987,56868,,ICACHE_16B.IFDATA_STALL:c1:e1,500022270,4.92,,
    15.002098987,22372742717,,cpu-cycles,500022270,4.92,,
    15.002098987,22372744914,,ref-cycles,500022270,4.92,,
    15.002098987,69010681671,,instructions,500022270,4.92,3.09,insn per cycle
    15.002098987,257962,,L2_RQSTS.ALL_CODE_RD,500023256,4.92,,
    15.002098987,0,,ITLB_MISSES.WALK_COMPLETED_2M_4M,500023256,4.92,,
    15.002098987,42997,,L2_LINES_IN.ALL,500023256,4.92,,
    15.002098987,15234,,MEM_LOAD_RETIRED.L2_MISS,500023256,4.92,,
    15.002098987,22372664783,,cpu-cycles,500023256,4.92,,
    15.002098987,22372666247,,ref-cycles,500023256,4.92,,
    15.002098987,69063302961,,instructions,500023256,4.92,3.09,insn per cycle
    15.002098987,20,,L2_RQSTS.CODE_RD_MISS,500022458,4.92,,
    15.002098987,0,,DTLB_LOAD_MISSES.WALK_COMPLETED_2M_4M,500022458,4.92,,
    15.002098987,0,,DTLB_LOAD_MISSES.WALK_COMPLETED_4K,500022458,4.92,,
    15.002098987,0,,DTLB_LOAD_MISSES.WALK_COMPLETED_1G,500022458,4.92,,
    15.002098987,22372692411,,cpu-cycles,500022458,4.92,,
    15.002098987,22372691231,,ref-cycles,500022458,4.92,,
    15.002098987,68958180459,,instructions,500022458,4.92,3.08,insn per cycle
    15.002098987,13912,,MEM_LOAD_RETIRED.FB_HIT,500022414,4.92,,
    15.002098987,0,,CYCLE_ACTIVITY.CYCLES_MEM_ANY,500022414,4.92,,
    15.002098987,1710106,,CYCLE_ACTIVITY.CYCLES_L1D_MISS,500022414,4.92,,
    15.002098987,22372758738,,cpu-cycles,500022414,4.92,,
    15.002098987,22372760548,,ref-cycles,500022414,4.92,,
    15.002098987,69050446118,,instructions,500022414,4.92,3.09,insn per cycle
    15.002098987,3305678863,,IDQ.MS_UOPS,500022431,4.92,,
    15.002098987,3045156,,ICACHE_64B.IFTAG_STALL,500022431,4.92,,
    15.002098987,7952,,DTLB_LOAD_MISSES.STLB_HIT:c1,500022431,4.92,,
    15.002098987,22372791972,,cpu-cycles,500022431,4.92,,
    15.002098987,22372789572,,ref-cycles,500022431,4.92,,
    15.002098987,69050992520,,instructions,500022431,4.92,3.09,insn per cycle
    15.002098987,368994,,ICACHE_16B.IFDATA_STALL,500023243,4.92,,
    15.002098987,59532,,ICACHE_16B.IFDATA_STALL:c1:e1,500023243,4.92,,
    15.002098987,818857,,ARITH.DIVIDER_ACTIVE,500023243,4.92,,
    15.002098987,900247615,,UOPS_EXECUTED.CORE_CYCLES_NONE,500023243,4.92,,
    15.002098987,22372690304,,cpu-cycles,500023243,4.92,,
    15.002098987,22372689816,,ref-cycles,500023243,4.92,,
    15.002098987,69050794860,,instructions,500023243,4.92,3.09,insn per cycle
    15.002098987,254235197,,CPU_CLK_THREAD_UNHALTED.ONE_THREAD_ACTIVE,500022460,4.92,,
    15.002098987,254235197,,CPU_CLK_THREAD_UNHALTED.REF_XCLK_ANY,500022460,4.92,,
    15.002098987,20758462,,cpu-cycles:k,500022460,4.92,,
    15.002098987,20787384,,ref-cycles:k,500022460,4.92,,
    15.002098987,17192500,,instructions:k,500022460,4.92,0.86,insn per cycle
    15.002098987,42029670315,,IDQ.DSB_UOPS,500022501,4.92,,
    15.002098987,22378743979,,IDQ.MITE_UOPS,500022501,4.92,,
    15.002098987,0,,LSD.UOPS,500022501,4.92,,
    15.002098987,22372840526,,cpu-cycles,500022501,4.92,,
    15.002098987,22372840262,,ref-cycles,500022501,4.92,,
    15.002098987,69061096104,,instructions,500022501,4.92,3.09,insn per cycle
    15.002098987,9470991408,,IDQ.ALL_MITE_CYCLES_ANY_UOPS,500022398,4.92,,
    15.002098987,3368939914,,IDQ.ALL_MITE_CYCLES_4_UOPS,500022398,4.92,,
    15.002098987,22372854873,,cpu-cycles,500022398,4.92,,
    15.002098987,22372857456,,ref-cycles,500022398,4.92,,
    15.002098987,69130471085,,instructions,500022398,4.92,3.09,insn per cycle
    15.002098987,8928248913,,IDQ.ALL_DSB_CYCLES_ANY_UOPS,500023295,4.92,,
    15.002098987,7157823623,,IDQ.ALL_DSB_CYCLES_4_UOPS,500023295,4.92,,
    15.002098987,22372916404,,cpu-cycles,500023295,4.92,,
    15.002098987,22372917604,,ref-cycles,500023295,4.92,,
    15.002098987,69059785496,,instructions,500023295,4.92,3.09,insn per cycle
    15.002098987,0,,MEM_LOAD_L3_HIT_RETIRED.XSNP_HIT,500022386,4.92,,
    15.002098987,7871,,MEM_LOAD_L3_HIT_RETIRED.XSNP_HITM,500022386,4.92,,
    15.002098987,22372920453,,cpu-cycles,500022386,4.92,,
    15.002098987,22372919639,,ref-cycles,500022386,4.92,,
    15.002098987,69055528130,,instructions,500022386,4.92,3.09,insn per cycle
    15.002098987,55566,,UOPS_EXECUTED.X87,500022415,4.92,,
    15.002098987,72966317835,,UOPS_EXECUTED.THREAD,500022415,4.92,,
    15.002098987,22372915072,,cpu-cycles,500022415,4.92,,
    15.002098987,22372916577,,ref-cycles,500022415,4.92,,
    15.002098987,69011110193,,instructions,500022415,4.92,3.09,insn per cycle
    15.002098987,<not supported>,,cstate_core/c6-residency/,0,100.00,,
    15.002098987,<not supported>,,cstate_pkg/c6-residency/,0,100.00,,
    20.002743666,22374470738,,CORE_POWER.LVL0_TURBO_LICENSE,253474937,2.49,,
    20.002743666,0,,CORE_POWER.LVL1_TURBO_LICENSE,253474937,2.49,,
    20.002743666,0,,CORE_POWER.LVL2_TURBO_LICENSE,253474937,2.49,,
    20.002743666,26242,,L1D.REPLACEMENT,253474937,2.49,,
    20.002743666,22374446301,,cpu-cycles,253474937,2.49,,
    20.002743666,22374436551,,ref-cycles,253474937,2.49,,
    20.002743666,69074701934,,instructions,253474937,2.49,3.09,insn per cycle
    20.002743666,223360,,MACHINE_CLEARS.COUNT,500023030,4.92,,
    20.002743666,532803,,BR_MISP_RETIRED.ALL_BRANCHES,500023030,4.92,,
    20.002743666,4893557,,INT_MISC.CLEAR_RESTEER_CYCLES,500023030,4.92,,
    20.002743666,20390371209,,MEM_LOAD_RETIRED.L1_HIT,500023030,4.92,,
    20.002743666,22373360271,,cpu-cycles,500023030,4.92,,
    20.002743666,22373361125,,ref-cycles,500023030,4.92,,
    20.002743666,69040383096,,instructions,500023030,4.92,3.09,insn per cycle
    20.002743666,68441846620,,UOPS_ISSUED.ANY,500022366,4.92,,
    20.002743666,68377624450,,UOPS_RETIRED.RETIRE_SLOTS,500022366,4.92,,
    20.002743666,4696524,,INT_MISC.RECOVERY_CYCLES_ANY,500022366,4.92,,
    20.002743666,4696524,,INT_MISC.RECOVERY_CYCLES,500022366,4.92,,
    20.002743666,22374227226,,cpu-cycles,500022366,4.92,,
    20.002743666,22374227490,,ref-cycles,500022366,4.92,,
    20.002743666,69054720515,,instructions,500022366,4.92,3.09,insn per cycle
    20.002743666,22374209115,,CPU_CLK_UNHALTED.THREAD_ANY,500022471,4.92,,
    20.002743666,13802316022,,IDQ_UOPS_NOT_DELIVERED.CORE,500022471,4.92,,
    20.002743666,870815982,,CYCLE_ACTIVITY.STALLS_MEM_ANY,500022471,4.92,,
    20.002743666,887495553,,CYCLE_ACTIVITY.STALLS_TOTAL,500022471,4.92,,
    20.002743666,22374209115,,cpu-cycles,500022471,4.92,,
    20.002743666,22374206816,,ref-cycles,500022471,4.92,,
    20.002743666,69048222181,,instructions,500022471,4.92,3.09,insn per cycle
    20.002743666,2603336229,,EXE_ACTIVITY.1_PORTS_UTIL,500022443,4.92,,
    20.002743666,3469699972,,EXE_ACTIVITY.2_PORTS_UTIL,500022443,4.92,,
    20.002743666,0,,EXE_ACTIVITY.BOUND_ON_STORES,500022443,4.92,,
    20.002743666,3026125,,EXE_ACTIVITY.EXE_BOUND_0_PORTS,500022443,4.92,,
    20.002743666,22374196402,,cpu-cycles,500022443,4.92,,
    20.002743666,22374196829,,ref-cycles,500022443,4.92,,
    20.002743666,69071705711,,instructions,500022443,4.92,3.09,insn per cycle
    20.002743666,10170,,MEM_LOAD_RETIRED.L2_HIT,500023170,4.92,,
    20.002743666,18347,,MEM_LOAD_RETIRED.FB_HIT,500023170,4.92,,
    20.002743666,24734,,MEM_LOAD_RETIRED.L1_MISS,500023170,4.92,,
    20.002743666,0,,L1D_PEND_MISS.FB_FULL:c1,500023170,4.92,,
    20.002743666,22374175711,,cpu-cycles,500023170,4.92,,
    20.002743666,22374177155,,ref-cycles,500023170,4.92,,
    20.002743666,69029056328,,instructions,500023170,4.92,3.09,insn per cycle
    20.002743666,1035523,,CYCLE_ACTIVITY.STALLS_L1D_MISS,500022485,4.92,,
    20.002743666,997710,,CYCLE_ACTIVITY.STALLS_L2_MISS,500022485,4.92,,
    20.002743666,296343,,CYCLE_ACTIVITY.STALLS_L3_MISS,500022485,4.92,,
    20.002743666,0,,OFFCORE_REQUESTS_OUTSTANDING.CYCLES_WITH_DEMAND_RFO,500022485,4.92,,
    20.002743666,22374195753,,cpu-cycles,500022485,4.92,,
    20.002743666,22374194045,,ref-cycles,500022485,4.92,,
    20.002743666,69069095854,,instructions,500022485,4.92,3.09,insn per cycle
    20.002743666,64012,,ITLB_MISSES.WALK_COMPLETED,500022508,4.92,,
    20.002743666,1292304,,ITLB_MISSES.WALK_ACTIVE,500022508,4.92,,
    20.002743666,1505,,DTLB_LOAD_MISSES.WALK_COMPLETED,500022508,4.92,,
    20.002743666,92550,,DTLB_LOAD_MISSES.WALK_ACTIVE,500022508,4.92,,
    20.002743666,22374227910,,cpu-cycles,500022508,4.92,,
    20.002743666,22374227381,,ref-cycles,500022508,4.92,,
    20.002743666,69076782133,,instructions,500022508,4.92,3.09,insn per cycle
    20.002743666,0,,DTLB_STORE_MISSES.WALK_COMPLETED,500014178,4.92,,
    20.002743666,0,,DTLB_STORE_MISSES.WALK_ACTIVE,500014178,4.92,,
    20.002743666,659464063,,IDQ_UOPS_NOT_DELIVERED.CYCLES_0_UOPS_DELIV.CORE,500014178,4.92,,
    20.002743666,361012,,BACLEARS.ANY,500014178,4.92,,
    20.002743666,22373761361,,cpu-cycles,500014178,4.92,,
    20.002743666,22373760283,,ref-cycles,500014178,4.92,,
    20.002743666,69026795749,,instructions,500014178,4.92,3.09,insn per cycle
    20.002743666,23493,,MEM_INST_RETIRED.LOCK_LOADS,500023319,4.92,,
    20.002743666,8868,,L2_RQSTS.ALL_RFO,500023319,4.92,,
    20.002743666,8178354747,,MEM_INST_RETIRED.ALL_STORES,500023319,4.92,,
    20.002743666,2217,,L2_RQSTS.RFO_HIT,500023319,4.92,,
    20.002743666,22374301292,,cpu-cycles,500023319,4.92,,
    20.002743666,22374302004,,ref-cycles,500023319,4.92,,
    20.002743666,68996596582,,instructions,500023319,4.92,3.08,insn per cycle
    20.002743666,0,,OFFCORE_REQUESTS_OUTSTANDING.L3_MISS_DEMAND_DATA_RD_GE_6,619741858,6.09,,
    20.002743666,2092988,,OFFCORE_REQUESTS_OUTSTANDING.CYCLES_WITH_L3_MISS_DEMAND_DATA_RD,619741858,6.09,,
    20.002743666,22322201541,,cpu-cycles,619741858,6.09,,
    20.002743666,22322197241,,ref-cycles,619741858,6.09,,
    20.002743666,61434536362,,instructions,619741858,6.09,2.75,insn per cycle
    20.002743666,20920026295,,UOPS_EXECUTED.CORE_CYCLES_GE_1,549389879,5.40,,
    20.002743666,18166729350,,UOPS_EXECUTED.CORE_CYCLES_GE_2,549389879,5.40,,
    20.002743666,14637962687,,UOPS_EXECUTED.CORE_CYCLES_GE_3,549389879,5.40,,
    20.002743666,7173818476,,UOPS_RETIRED.MACRO_FUSED,549389879,5.40,,
    20.002743666,22346359991,,cpu-cycles,549389879,5.40,,
    20.002743666,22346360620,,ref-cycles,549389879,5.40,,
    20.002743666,65498374343,,instructions,549389879,5.40,2.93,insn per cycle
    20.002743666,88653966,,FP_ARITH_INST_RETIRED.SCALAR_SINGLE:u0x03,500022526,4.92,,
    20.002743666,44194931,,FP_ARITH_INST_RETIRED.128B_PACKED_DOUBLE:u0xfc,500022526,4.92,,
    20.002743666,335763,,ICACHE_16B.IFDATA_STALL,500022526,4.92,,
    20.002743666,53984,,ICACHE_16B.IFDATA_STALL:c1:e1,500022526,4.92,,
    20.002743666,22374297449,,cpu-cycles,500022526,4.92,,
    20.002743666,22374296615,,ref-cycles,500022526,4.92,,
    20.002743666,69077318621,,instructions,500022526,4.92,3.09,insn per cycle
    20.002743666,237172,,L2_RQSTS.ALL_CODE_RD,500023199,4.92,,
    20.002743666,0,,ITLB_MISSES.WALK_COMPLETED_2M_4M,500023199,4.92,,
    20.002743666,35067,,L2_LINES_IN.ALL,500023199,4.92,,
    20.002743666,13933,,MEM_LOAD_RETIRED.L2_MISS,500023199,4.92,,
    20.002743666,22374207601,,cpu-cycles,500023199,4.92,,
    20.002743666,22374206665,,ref-cycles,500023199,4.92,,
    20.002743666,69057380499,,instructions,500023199,4.92,3.09,insn per cycle
    20.002743666,0,,L2_RQSTS.CODE_RD_MISS,500022390,4.92,,
    20.002743666,0,,DTLB_LOAD_MISSES.WALK_COMPLETED_2M_4M,500022390,4.92,,
    20.002743666,0,,DTLB_LOAD_MISSES.WALK_COMPLETED_4K,500022390,4.92,,
    20.002743666,0,,DTLB_LOAD_MISSES.WALK_COMPLETED_1G,500022390,4.92,,
    20.002743666,22374209139,,cpu-cycles,500022390,4.92,,
    20.002743666,22374209973,,ref-cycles,500022390,4.92,,
    20.002743666,69059675366,,instructions,500022390,4.92,3.09,insn per cycle
    20.002743666,13607,,MEM_LOAD_RETIRED.FB_HIT,500022459,4.92,,
    20.002743666,0,,CYCLE_ACTIVITY.CYCLES_MEM_ANY,500022459,4.92,,
    20.002743666,1655040,,CYCLE_ACTIVITY.CYCLES_L1D_MISS,500022459,4.92,,
    20.002743666,22374279078,,cpu-cycles,500022459,4.92,,
    20.002743666,22374279892,,ref-cycles,500022459,4.92,,
    20.002743666,69035932090,,instructions,500022459,4.92,3.09,insn per cycle
    20.002743666,3304855333,,IDQ.MS_UOPS,498175454,4.90,,
    20.002743666,3149819,,ICACHE_64B.IFTAG_STALL,498175454,4.90,,
    20.002743666,10371,,DTLB_LOAD_MISSES.STLB_HIT:c1,498175454,4.90,,
    20.002743666,22374024733,,cpu-cycles,498175454,4.90,,
    20.002743666,22374028592,,ref-cycles,498175454,4.90,,
    20.002743666,69012874505,,instructions,498175454,4.90,3.09,insn per cycle
    20.002743666,361535,,ICACHE_16B.IFDATA_STALL,250011524,2.46,,
    20.002743666,58459,,ICACHE_16B.IFDATA_STALL:c1:e1,250011524,2.46,,
    20.002743666,818916,,ARITH.DIVIDER_ACTIVE,250011524,2.46,,
    20.002743666,916510526,,UOPS_EXECUTED.CORE_CYCLES_NONE,250011524,2.46,,
    20.002743666,22374176347,,cpu-cycles,250011524,2.46,,
    20.002743666,22374177283,,ref-cycles,250011524,2.46,,
    20.002743666,69030273278,,instructions,250011524,2.46,3.09,insn per cycle
    20.002743666,254250883,,CPU_CLK_THREAD_UNHALTED.ONE_THREAD_ACTIVE,250011199,2.46,,
    20.002743666,254250883,,CPU_CLK_THREAD_UNHALTED.REF_XCLK_ANY,250011199,2.46,,
    20.002743666,20684116,,cpu-cycles:k,250011199,2.46,,
    20.002743666,20692212,,ref-cycles:k,250011199,2.46,,
    20.002743666,17178555,,instructions:k,250011199,2.46,0.85,insn per cycle
    20.002743666,41782211824,,IDQ.DSB_UOPS,250011197,2.46,,
    20.002743666,22610212181,,IDQ.MITE_UOPS,250011197,2.46,,
    20.002743666,0,,LSD.UOPS,250011197,2.46,,
    20.002743666,22374303451,,cpu-cycles,250011197,2.46,,
    20.002743666,22374307845,,ref-cycles,250011197,2.46,,
    20.002743666,69031249152,,instructions,250011197,2.46,3.09,insn per cycle
    20.002743666,9620743114,,IDQ.ALL_MITE_CYCLES_ANY_UOPS,250011286,2.46,,
    20.002743666,3467837874,,IDQ.ALL_MITE_CYCLES_4_UOPS,250011286,2.46,,
    20.002743666,22374333428,,cpu-cycles,250011286,2.46,,
    20.002743666,22374337740,,ref-cycles,250011286,2.46,,
    20.002743666,69055030625,,instructions,250011286,2.46,3.09,insn per cycle
    20.002743666,8895539827,,IDQ.ALL_DSB_CYCLES_ANY_UOPS,250011507,2.46,,
    20.002743666,7118709238,,IDQ.ALL_DSB_CYCLES_4_UOPS,250011507,2.46,,
    20.002743666,22374363179,,cpu-cycles,250011507,2.46,,
    20.002743666,22374359111,,ref-cycles,250011507,2.46,,
    20.002743666,69047929798,,instructions,250011507,2.46,3.09,insn per cycle
    20.002743666,0,,MEM_LOAD_L3_HIT_RETIRED.XSNP_HIT,250011329,2.46,,
    20.002743666,8136,,MEM_LOAD_L3_HIT_RETIRED.XSNP_HITM,250011329,2.46,,
    20.002743666,22374379244,,cpu-cycles,250011329,2.46,,
    20.002743666,22374381401,,ref-cycles,250011329,2.46,,
    20.002743666,69059311934,,instructions,250011329,2.46,3.09,insn per cycle
    20.002743666,55570,,UOPS_EXECUTED.X87,250011192,2.46,,
    20.002743666,72987071145,,UOPS_EXECUTED.THREAD,250011192,2.46,,
    20.002743666,22374525593,,cpu-cycles,250011192,2.46,,
    20.002743666,22374525634,,ref-cycles,250011192,2.46,,
    20.002743666,69031423444,,instructions,250011192,2.46,3.09,insn per cycle
    20.002743666,<not supported>,,cstate_core/c6-residency/,0,100.00,,
    20.002743666,<not supported>,,cstate_pkg/c6-residency/,0,100.00,,
    25.003360276,22367021275,,CORE_POWER.LVL0_TURBO_LICENSE,500015668,4.92,,
    25.003360276,0,,CORE_POWER.LVL1_TURBO_LICENSE,500015668,4.92,,
    25.003360276,0,,CORE_POWER.LVL2_TURBO_LICENSE,500015668,4.92,,
    25.003360276,31152,,L1D.REPLACEMENT,500015668,4.92,,
    25.003360276,22367021275,,cpu-cycles,500015668,4.92,,
    25.003360276,22367021783,,ref-cycles,500015668,4.92,,
    25.003360276,69111443849,,instructions,500015668,4.92,3.09,insn per cycle
    25.003360276,222619,,MACHINE_CLEARS.COUNT,500023168,4.92,,
    25.003360276,532473,,BR_MISP_RETIRED.ALL_BRANCHES,500023168,4.92,,
    25.003360276,4854729,,INT_MISC.CLEAR_RESTEER_CYCLES,500023168,4.92,,
    25.003360276,20390303703,,MEM_LOAD_RETIRED.L1_HIT,500023168,4.92,,
    25.003360276,22367275013,,cpu-cycles,500023168,4.92,,
    25.003360276,22367275338,,ref-cycles,500023168,4.92,,
    25.003360276,69039389336,,instructions,500023168,4.92,3.09,insn per cycle
    25.003360276,68348260616,,UOPS_ISSUED.ANY,500022384,4.92,,
    25.003360276,68283952329,,UOPS_RETIRED.RETIRE_SLOTS,500022384,4.92,,
    25.003360276,4710260,,INT_MISC.RECOVERY_CYCLES_ANY,500022384,4.92,,
    25.003360276,4710260,,INT_MISC.RECOVERY_CYCLES,500022384,4.92,,
    25.003360276,22367200400,,cpu-cycles,500022384,4.92,,
    25.003360276,22367200339,,ref-cycles,500022384,4.92,,
    25.003360276,68971272539,,instructions,500022384,4.92,3.08,insn per cycle
    25.003360276,22367232733,,CPU_CLK_UNHALTED.THREAD_ANY,500022530,4.92,,
    25.003360276,13750899932,,IDQ_UOPS_NOT_DELIVERED.CORE,500022530,4.92,,
    25.003360276,896159285,,CYCLE_ACTIVITY.STALLS_MEM_ANY,500022530,4.92,,
    25.003360276,912856762,,CYCLE_ACTIVITY.STALLS_TOTAL,500022530,4.92,,
    25.003360276,22367232733,,cpu-cycles,500022530,4.92,,
    25.003360276,22367231594,,ref-cycles,500022530,4.92,,
    25.003360276,69025659176,,instructions,500022530,4.92,3.09,insn per cycle
    25.003360276,2612072742,,EXE_ACTIVITY.1_PORTS_UTIL,500022397,4.92,,
    25.003360276,3492350708,,EXE_ACTIVITY.2_PORTS_UTIL,500022397,4.92,,
    25.003360276,0,,EXE_ACTIVITY.BOUND_ON_STORES,500022397,4.92,,
    25.003360276,3041911,,EXE_ACTIVITY.EXE_BOUND_0_PORTS,500022397,4.92,,
    25.003360276,22367255460,,cpu-cycles,500022397,4.92,,
    25.003360276,22367255927,,ref-cycles,500022397,4.92,,
    25.003360276,69030384883,,instructions,500022397,4.92,3.09,insn per cycle
    25.003360276,8662,,MEM_LOAD_RETIRED.L2_HIT,500023070,4.92,,
    25.003360276,15210,,MEM_LOAD_RETIRED.FB_HIT,500023070,4.92,,
    25.003360276,23221,,MEM_LOAD_RETIRED.L1_MISS,500023070,4.92,,
    25.003360276,0,,L1D_PEND_MISS.FB_FULL:c1,500023070,4.92,,
    25.003360276,22367205894,,cpu-cycles,500023070,4.92,,
    25.003360276,22367206260,,ref-cycles,500023070,4.92,,
    25.003360276,68999285793,,instructions,500023070,4.92,3.08,insn per cycle
    25.003360276,1085119,,CYCLE_ACTIVITY.STALLS_L1D_MISS,500022606,4.92,,
    25.003360276,1051893,,CYCLE_ACTIVITY.STALLS_L2_MISS,500022606,4.92,,
    25.003360276,304607,,CYCLE_ACTIVITY.STALLS_L3_MISS,500022606,4.92,,
    25.003360276,0,,OFFCORE_REQUESTS_OUTSTANDING.CYCLES_WITH_DEMAND_RFO,500022606,4.92,,
    25.003360276,22367257239,,cpu-cycles,500022606,4.92,,
    25.003360276,22367257950,,ref-cycles,500022606,4.92,,
    25.003360276,69018152688,,instructions,500022606,4.92,3.09,insn per cycle
    25.003360276,63687,,ITLB_MISSES.WALK_COMPLETED,500022475,4.92,,
    25.003360276,1272154,,ITLB_MISSES.WALK_ACTIVE,500022475,4.92,,
    25.003360276,0,,DTLB_LOAD_MISSES.WALK_COMPLETED,500022475,4.92,,
    25.003360276,36540,,DTLB_LOAD_MISSES.WALK_ACTIVE,500022475,4.92,,
    25.003360276,22367206808,,cpu-cycles,500022475,4.92,,
    25.003360276,22367205161,,ref-cycles,500022475,4.92,,
    25.003360276,68997697690,,instructions,500022475,4.92,3.08,insn per cycle
    25.003360276,0,,DTLB_STORE_MISSES.WALK_COMPLETED,499240612,4.91,,
    25.003360276,183,,DTLB_STORE_MISSES.WALK_ACTIVE,499240612,4.91,,
    25.003360276,659340825,,IDQ_UOPS_NOT_DELIVERED.CYCLES_0_UOPS_DELIV.CORE,499240612,4.91,,
    25.003360276,356081,,BACLEARS.ANY,499240612,4.91,,
    25.003360276,22367287948,,cpu-cycles,499240612,4.91,,
    25.003360276,22367292082,,ref-cycles,499240612,4.91,,
    25.003360276,69055287298,,instructions,499240612,4.91,3.09,insn per cycle
    25.003360276,13583,,MEM_INST_RETIRED.LOCK_LOADS,250011556,2.46,,
    25.003360276,610,,L2_RQSTS.ALL_RFO,250011556,2.46,,
    25.003360276,8179640436,,MEM_INST_RETIRED.ALL_STORES,250011556,2.46,,
    25.003360276,447,,L2_RQSTS.RFO_HIT,250011556,2.46,,
    25.003360276,22366990163,,cpu-cycles,250011556,2.46,,
    25.003360276,22366990244,,ref-cycles,250011556,2.46,,
    25.003360276,69002577441,,instructions,250011556,2.46,3.09,insn per cycle
    25.003360276,0,,OFFCORE_REQUESTS_OUTSTANDING.L3_MISS_DEMAND_DATA_RD_GE_6,250011255,2.46,,
    25.003360276,364228,,OFFCORE_REQUESTS_OUTSTANDING.CYCLES_WITH_L3_MISS_DEMAND_DATA_RD,250011255,2.46,,
    25.003360276,22367204554,,cpu-cycles,250011255,2.46,,
    25.003360276,22367201382,,ref-cycles,250011255,2.46,,
    25.003360276,68996848793,,instructions,250011255,2.46,3.08,insn per cycle
    25.003360276,18975690068,,UOPS_EXECUTED.CORE_CYCLES_GE_1,415948762,4.09,,
    25.003360276,15805582590,,UOPS_EXECUTED.CORE_CYCLES_GE_2,415948762,4.09,,
    25.003360276,12154041056,,UOPS_EXECUTED.CORE_CYCLES_GE_3,415948762,4.09,,
    25.003360276,5789644585,,UOPS_RETIRED.MACRO_FUSED,415948762,4.09,,
    25.003360276,22243736466,,cpu-cycles,415948762,4.09,,
    25.003360276,22243728350,,ref-cycles,415948762,4.09,,
    25.003360276,53259373325,,instructions,415948762,4.09,2.38,insn per cycle
    25.003360276,88604134,,FP_ARITH_INST_RETIRED.SCALAR_SINGLE:u0x03,250011210,2.46,,
    25.003360276,44170077,,FP_ARITH_INST_RETIRED.128B_PACKED_DOUBLE:u0xfc,250011210,2.46,,
    25.003360276,348855,,ICACHE_16B.IFDATA_STALL,250011210,2.46,,
    25.003360276,57058,,ICACHE_16B.IFDATA_STALL:c1:e1,250011210,2.46,,
    25.003360276,22367001115,,cpu-cycles,250011210,2.46,,
    25.003360276,22367005833,,ref-cycles,250011210,2.46,,
    25.003360276,69029248702,,instructions,250011210,2.46,3.09,insn per cycle
    25.003360276,243279,,L2_RQSTS.ALL_CODE_RD,250011620,2.46,,
    25.003360276,0,,ITLB_MISSES.WALK_COMPLETED_2M_4M,250011620,2.46,,
    25.003360276,33673,,L2_LINES_IN.ALL,250011620,2.46,,
    25.003360276,14762,,MEM_LOAD_RETIRED.L2_MISS,250011620,2.46,,
    25.003360276,22367024905,,cpu-cycles,250011620,2.46,,
    25.003360276,22367024986,,ref-cycles,250011620,2.46,,
    25.003360276,69004938058,,instructions,250011620,2.46,3.09,insn per cycle
    25.003360276,0,,L2_RQSTS.CODE_RD_MISS,250011318,2.46,,
    25.003360276,0,,DTLB_LOAD_MISSES.WALK_COMPLETED_2M_4M,250011318,2.46,,
    25.003360276,0,,DTLB_LOAD_MISSES.WALK_COMPLETED_4K,250011318,2.46,,
    25.003360276,0,,DTLB_LOAD_MISSES.WALK_COMPLETED_1G,250011318,2.46,,
    25.003360276,22366966375,,cpu-cycles,250011318,2.46,,
    25.003360276,22366966904,,ref-cycles,250011318,2.46,,
    25.003360276,68992394199,,instructions,250011318,2.46,3.08,insn per cycle
    25.003360276,13583,,MEM_LOAD_RETIRED.FB_HIT,250011088,2.46,,
    25.003360276,0,,CYCLE_ACTIVITY.CYCLES_MEM_ANY,250011088,2.46,,
    25.003360276,1642240,,CYCLE_ACTIVITY.CYCLES_L1D_MISS,250011088,2.46,,
    25.003360276,22367091580,,cpu-cycles,250011088,2.46,,
    25.003360276,22367088570,,ref-cycles,250011088,2.46,,
    25.003360276,69029927940,,instructions,250011088,2.46,3.09,insn per cycle
    25.003360276,3303603821,,IDQ.MS_UOPS,251851705,2.48,,
    25.003360276,3053126,,ICACHE_64B.IFTAG_STALL,251851705,2.48,,
    25.003360276,8720,,DTLB_LOAD_MISSES.STLB_HIT:c1,251851705,2.48,,
    25.003360276,22367304692,,cpu-cycles,251851705,2.48,,
    25.003360276,22367295851,,ref-cycles,251851705,2.48,,
    25.003360276,69062580965,,instructions,251851705,2.48,3.09,insn per cycle
    25.003360276,371018,,ICACHE_16B.IFDATA_STALL,500022902,4.92,,
    25.003360276,60392,,ICACHE_16B.IFDATA_STALL:c1:e1,500022902,4.92,,
    25.003360276,818657,,ARITH.DIVIDER_ACTIVE,500022902,4.92,,
    25.003360276,916103618,,UOPS_EXECUTED.CORE_CYCLES_NONE,500022902,4.92,,
    25.003360276,22366310375,,cpu-cycles,500022902,4.92,,
    25.003360276,22366310395,,ref-cycles,500022902,4.92,,
    25.003360276,69060970835,,instructions,500022902,4.92,3.09,insn per cycle
    25.003360276,254172659,,CPU_CLK_THREAD_UNHALTED.ONE_THREAD_ACTIVE,500022437,4.92,,
    25.003360276,254172659,,CPU_CLK_THREAD_UNHALTED.REF_XCLK_ANY,500022437,4.92,,
    25.003360276,20785895,,cpu-cycles:k,500022437,4.92,,
    25.003360276,20830590,,ref-cycles:k,500022437,4.92,,
    25.003360276,17221948,,instructions:k,500022437,4.92,0.85,insn per cycle
    25.003360276,41886393652,,IDQ.DSB_UOPS,500022520,4.92,,
    25.003360276,22472470948,,IDQ.MITE_UOPS,500022520,4.92,,
    25.003360276,0,,LSD.UOPS,500022520,4.92,,
    25.003360276,22367365828,,cpu-cycles,500022520,4.92,,
    25.003360276,22367365909,,ref-cycles,500022520,4.92,,
    25.003360276,69009581780,,instructions,500022520,4.92,3.09,insn per cycle
    25.003360276,9536177708,,IDQ.ALL_MITE_CYCLES_ANY_UOPS,500022463,4.92,,
    25.003360276,3398907779,,IDQ.ALL_MITE_CYCLES_4_UOPS,500022463,4.92,,
    25.003360276,22367342044,,cpu-cycles,500022463,4.92,,
    25.003360276,22367342166,,ref-cycles,500022463,4.92,,
    25.003360276,69066003338,,instructions,500022463,4.92,3.09,insn per cycle
    25.003360276,8936581292,,IDQ.ALL_DSB_CYCLES_ANY_UOPS,500023215,4.92,,
    25.003360276,7159423400,,IDQ.ALL_DSB_CYCLES_4_UOPS,500023215,4.92,,
    25.003360276,22367370995,,cpu-cycles,500023215,4.92,,
    25.003360276,22367369185,,ref-cycles,500023215,4.92,,
    25.003360276,69060907101,,instructions,500023215,4.92,3.09,insn per cycle
    25.003360276,0,,MEM_LOAD_L3_HIT_RETIRED.XSNP_HIT,500022449,4.92,,
    25.003360276,7564,,MEM_LOAD_L3_HIT_RETIRED.XSNP_HITM,500022449,4.92,,
    25.003360276,22367389050,,cpu-cycles,500022449,4.92,,
    25.003360276,22367388888,,ref-cycles,500022449,4.92,,
    25.003360276,68992108134,,instructions,500022449,4.92,3.08,insn per cycle
    25.003360276,55553,,UOPS_EXECUTED.X87,500022421,4.92,,
    25.003360276,72989922635,,UOPS_EXECUTED.THREAD,500022421,4.92,,
    25.003360276,22367395484,,cpu-cycles,500022421,4.92,,
    25.003360276,22367393695,,ref-cycles,500022421,4.92,,
    25.003360276,69033622649,,instructions,500022421,4.92,3.09,insn per cycle
    25.003360276,<not supported>,,cstate_core/c6-residency/,0,100.00,,
    25.003360276,<not supported>,,cstate_pkg/c6-residency/,0,100.00,,
    30.003956233,22375858453,,CORE_POWER.LVL0_TURBO_LICENSE,500096993,4.92,,
    30.003956233,0,,CORE_POWER.LVL1_TURBO_LICENSE,500096993,4.92,,
    30.003956233,0,,CORE_POWER.LVL2_TURBO_LICENSE,500096993,4.92,,
    30.003956233,53860131,,L1D.REPLACEMENT,500096993,4.92,,
    30.003956233,22375858453,,cpu-cycles,500096993,4.92,,
    30.003956233,22375856907,,ref-cycles,500096993,4.92,,
    30.003956233,67093861444,,instructions,500096993,4.92,3.00,insn per cycle
    30.003956233,226544,,MACHINE_CLEARS.COUNT,250282545,2.46,,
    30.003956233,537707,,BR_MISP_RETIRED.ALL_BRANCHES,250282545,2.46,,
    30.003956233,4994989,,INT_MISC.CLEAR_RESTEER_CYCLES,250282545,2.46,,
    30.003956233,20391412444,,MEM_LOAD_RETIRED.L1_HIT,250282545,2.46,,
    30.003956233,22375630212,,cpu-cycles,250282545,2.46,,
    30.003956233,22375634155,,ref-cycles,250282545,2.46,,
    30.003956233,69043699154,,instructions,250282545,2.46,3.09,insn per cycle
    30.003956233,68420754065,,UOPS_ISSUED.ANY,250011131,2.46,,
    30.003956233,68356537104,,UOPS_RETIRED.RETIRE_SLOTS,250011131,2.46,,
    30.003956233,4691599,,INT_MISC.RECOVERY_CYCLES_ANY,250011131,2.46,,
    30.003956233,4691599,,INT_MISC.RECOVERY_CYCLES,250011131,2.46,,
    30.003956233,22377228397,,cpu-cycles,250011131,2.46,,
    30.003956233,22377228845,,ref-cycles,250011131,2.46,,
    30.003956233,69040574979,,instructions,250011131,2.46,3.09,insn per cycle
    30.003956233,22377135955,,CPU_CLK_UNHALTED.THREAD_ANY,250011205,2.46,,
    30.003956233,13878760714,,IDQ_UOPS_NOT_DELIVERED.CORE,250011205,2.46,,
    30.003956233,911430904,,CYCLE_ACTIVITY.STALLS_MEM_ANY,250011205,2.46,,
    30.003956233,928083027,,CYCLE_ACTIVITY.STALLS_TOTAL,250011205,2.46,,
    30.003956233,22377135955,,cpu-cycles,250011205,2.46,,
    30.003956233,22377138559,,ref-cycles,250011205,2.46,,
    30.003956233,69009558953,,instructions,250011205,2.46,3.09,insn per cycle
    30.003956233,2637667972,,EXE_ACTIVITY.1_PORTS_UTIL,250011214,2.46,,
    30.003956233,3512798964,,EXE_ACTIVITY.2_PORTS_UTIL,250011214,2.46,,
    30.003956233,0,,EXE_ACTIVITY.BOUND_ON_STORES,250011214,2.46,,
    30.003956233,3030503,,EXE_ACTIVITY.EXE_BOUND_0_PORTS,250011214,2.46,,
    30.003956233,22377277326,,cpu-cycles,250011214,2.46,,
    30.003956233,22377278384,,ref-cycles,250011214,2.46,,
    30.003956233,69046657365,,instructions,250011214,2.46,3.09,insn per cycle
    30.003956233,9317,,MEM_LOAD_RETIRED.L2_HIT,250011611,2.46,,
    30.003956233,20262,,MEM_LOAD_RETIRED.FB_HIT,250011611,2.46,,
    30.003956233,24086,,MEM_LOAD_RETIRED.L1_MISS,250011611,2.46,,
    30.003956233,0,,L1D_PEND_MISS.FB_FULL:c1,250011611,2.46,,
    30.003956233,22377138993,,cpu-cycles,250011611,2.46,,
    30.003956233,22377142288,,ref-cycles,250011611,2.46,,
    30.003956233,69068791864,,instructions,250011611,2.46,3.09,insn per cycle
    30.003956233,1057540,,CYCLE_ACTIVITY.STALLS_L1D_MISS,250011301,2.46,,
    30.003956233,1022631,,CYCLE_ACTIVITY.STALLS_L2_MISS,250011301,2.46,,
    30.003956233,294330,,CYCLE_ACTIVITY.STALLS_L3_MISS,250011301,2.46,,
    30.003956233,0,,OFFCORE_REQUESTS_OUTSTANDING.CYCLES_WITH_DEMAND_RFO,250011301,2.46,,
    30.003956233,22377221790,,cpu-cycles,250011301,2.46,,
    30.003956233,22377220040,,ref-cycles,250011301,2.46,,
    30.003956233,69032639714,,instructions,250011301,2.46,3.09,insn per cycle
    30.003956233,64326,,ITLB_MISSES.WALK_COMPLETED,250011116,2.46,,
    30.003956233,1265168,,ITLB_MISSES.WALK_ACTIVE,250011116,2.46,,
    30.003956233,0,,DTLB_LOAD_MISSES.WALK_COMPLETED,250011116,2.46,,
    30.003956233,35682,,DTLB_LOAD_MISSES.WALK_ACTIVE,250011116,2.46,,
    30.003956233,22377186423,,cpu-cycles,250011116,2.46,,
    30.003956233,22377182883,,ref-cycles,250011116,2.46,,
    30.003956233,69079547288,,instructions,250011116,2.46,3.09,insn per cycle
    30.003956233,0,,DTLB_STORE_MISSES.WALK_COMPLETED,250786276,2.47,,
    30.003956233,0,,DTLB_STORE_MISSES.WALK_ACTIVE,250786276,2.47,,
    30.003956233,652346610,,IDQ_UOPS_NOT_DELIVERED.CYCLES_0_UOPS_DELIV.CORE,250786276,2.47,,
    30.003956233,356981,,BACLEARS.ANY,250786276,2.47,,
    30.003956233,22376685281,,cpu-cycles,250786276,2.47,,
    30.003956233,22376675790,,ref-cycles,250786276,2.47,,
    30.003956233,69085165601,,instructions,250786276,2.47,3.09,insn per cycle
    30.003956233,23171,,MEM_INST_RETIRED.LOCK_LOADS,500022815,4.92,,
    30.003956233,9500,,L2_RQSTS.ALL_RFO,500022815,4.92,,
    30.003956233,8185317341,,MEM_INST_RETIRED.ALL_STORES,500022815,4.92,,
    30.003956233,2685,,L2_RQSTS.RFO_HIT,500022815,4.92,,
    30.003956233,22376510620,,cpu-cycles,500022815,4.92,,
    30.003956233,22376510254,,ref-cycles,500022815,4.92,,
    30.003956233,69055208232,,instructions,500022815,4.92,3.09,insn per cycle
    30.003956233,0,,OFFCORE_REQUESTS_OUTSTANDING.L3_MISS_DEMAND_DATA_RD_GE_6,500022379,4.92,,
    30.003956233,355463,,OFFCORE_REQUESTS_OUTSTANDING.CYCLES_WITH_L3_MISS_DEMAND_DATA_RD,500022379,4.92,,
    30.003956233,22377428504,,cpu-cycles,500022379,4.92,,
    30.003956233,22377427507,,ref-cycles,500022379,4.92,,
    30.003956233,69047673010,,instructions,500022379,4.92,3.09,insn per cycle
    30.003956233,21427522181,,UOPS_EXECUTED.CORE_CYCLES_GE_1,505218421,4.97,,
    30.003956233,18782689902,,UOPS_EXECUTED.CORE_CYCLES_GE_2,505218421,4.97,,
    30.003956233,15277732482,,UOPS_EXECUTED.CORE_CYCLES_GE_3,505218421,4.97,,
    30.003956233,7530927814,,UOPS_RETIRED.MACRO_FUSED,505218421,4.97,,
    30.003956233,22374661531,,cpu-cycles,505218421,4.97,,
    30.003956233,22374660887,,ref-cycles,505218421,4.97,,
    30.003956233,68647368434,,instructions,505218421,4.97,3.07,insn per cycle
    30.003956233,94764913,,FP_ARITH_INST_RETIRED.SCALAR_SINGLE:u0x03,624485597,6.14,,
    30.003956233,42956320,,FP_ARITH_INST_RETIRED.128B_PACKED_DOUBLE:u0xfc,624485597,6.14,,
    30.003956233,2829692,,ICACHE_16B.IFDATA_STALL,624485597,6.14,,
    30.003956233,547326,,ICACHE_16B.IFDATA_STALL:c1:e1,624485597,6.14,,
    30.003956233,22316535390,,cpu-cycles,624485597,6.14,,
    30.003956233,22316542981,,ref-cycles,624485597,6.14,,
    30.003956233,61165184774,,instructions,624485597,6.14,2.73,insn per cycle
    30.003956233,4173692,,L2_RQSTS.ALL_CODE_RD,540899345,5.32,,
    30.003956233,0,,ITLB_MISSES.WALK_COMPLETED_2M_4M,540899345,5.32,,
    30.003956233,2638713,,L2_LINES_IN.ALL,540899345,5.32,,
    30.003956233,783089,,MEM_LOAD_RETIRED.L2_MISS,540899345,5.32,,
    30.003956233,22353577587,,cpu-cycles,540899345,5.32,,
    30.003956233,22353591541,,ref-cycles,540899345,5.32,,
    30.003956233,65533906211,,instructions,540899345,5.32,2.93,insn per cycle
    30.003956233,78831,,L2_RQSTS.CODE_RD_MISS,500022310,4.92,,
    30.003956233,0,,DTLB_LOAD_MISSES.WALK_COMPLETED_2M_4M,500022310,4.92,,
    30.003956233,0,,DTLB_LOAD_MISSES.WALK_COMPLETED_4K,500022310,4.92,,
    30.003956233,0,,DTLB_LOAD_MISSES.WALK_COMPLETED_1G,500022310,4.92,,
    30.003956233,22376873454,,cpu-cycles,500022310,4.92,,
    30.003956233,22376873067,,ref-cycles,500022310,4.92,,
    30.003956233,67130044658,,instructions,500022310,4.92,3.00,insn per cycle
    30.003956233,23108377,,MEM_LOAD_RETIRED.FB_HIT,500022576,4.92,,
    30.003956233,0,,CYCLE_ACTIVITY.CYCLES_MEM_ANY,500022576,4.92,,
    30.003956233,398249633,,CYCLE_ACTIVITY.CYCLES_L1D_MISS,500022576,4.92,,
    30.003956233,22377129334,,cpu-cycles,500022576,4.92,,
    30.003956233,22377129822,,ref-cycles,500022576,4.92,,
    30.003956233,67122755874,,instructions,500022576,4.92,3.00,insn per cycle
    30.003956233,3009156792,,IDQ.MS_UOPS,500022345,4.92,,
    30.003956233,2952221,,ICACHE_64B.IFTAG_STALL,500022345,4.92,,
    30.003956233,7164932,,DTLB_LOAD_MISSES.STLB_HIT:c1,500022345,4.92,,
    30.003956233,22377313531,,cpu-cycles,500022345,4.92,,
    30.003956233,22377312575,,ref-cycles,500022345,4.92,,
    30.003956233,67141621521,,instructions,500022345,4.92,3.00,insn per cycle
    30.003956233,4386296,,ICACHE_16B.IFDATA_STALL,500023101,4.92,,
    30.003956233,646030,,ICACHE_16B.IFDATA_STALL:c1:e1,500023101,4.92,,
    30.003956233,860858,,ARITH.DIVIDER_ACTIVE,500023101,4.92,,
    30.003956233,1169414054,,UOPS_EXECUTED.CORE_CYCLES_NONE,500023101,4.92,,
    30.003956233,22377137086,,cpu-cycles,500023101,4.92,,
    30.003956233,22377137472,,ref-cycles,500023101,4.92,,
    30.003956233,67145408994,,instructions,500023101,4.92,3.00,insn per cycle
    30.003956233,254283010,,CPU_CLK_THREAD_UNHALTED.ONE_THREAD_ACTIVE,500012052,4.92,,
    30.003956233,254283010,,CPU_CLK_THREAD_UNHALTED.REF_XCLK_ANY,500012052,4.92,,
    30.003956233,19592955,,cpu-cycles:k,500012052,4.92,,
    30.003956233,19612445,,ref-cycles:k,500012052,4.92,,
    30.003956233,15983967,,instructions:k,500012052,4.92,0.79,insn per cycle
    30.003956233,37552300639,,IDQ.DSB_UOPS,500022653,4.92,,
    30.003956233,25390443218,,IDQ.MITE_UOPS,500022653,4.92,,
    30.003956233,0,,LSD.UOPS,500022653,4.92,,
    30.003956233,22377502189,,cpu-cycles,500022653,4.92,,
    30.003956233,22377503146,,ref-cycles,500022653,4.92,,
    30.003956233,67096001834,,instructions,500022653,4.92,3.00,insn per cycle
    30.003956233,10440554758,,IDQ.ALL_MITE_CYCLES_ANY_UOPS,500022389,4.92,,
    30.003956233,3775175016,,IDQ.ALL_MITE_CYCLES_4_UOPS,500022389,4.92,,
    30.003956233,22377336911,,cpu-cycles,500022389,4.92,,
    30.003956233,22377336769,,ref-cycles,500022389,4.92,,
    30.003956233,67115840522,,instructions,500022389,4.92,3.00,insn per cycle
    30.003956233,8035818083,,IDQ.ALL_DSB_CYCLES_ANY_UOPS,500023091,4.92,,
    30.003956233,6359451355,,IDQ.ALL_DSB_CYCLES_4_UOPS,500023091,4.92,,
    30.003956233,22377402342,,cpu-cycles,500023091,4.92,,
    30.003956233,22377404702,,ref-cycles,500023091,4.92,,
    30.003956233,67112829795,,instructions,500023091,4.92,3.00,insn per cycle
    30.003956233,40,,MEM_LOAD_L3_HIT_RETIRED.XSNP_HIT,500022480,4.92,,
    30.003956233,134674,,MEM_LOAD_L3_HIT_RETIRED.XSNP_HITM,500022480,4.92,,
    30.003956233,22377477913,,cpu-cycles,500022480,4.92,,
    30.003956233,22377478543,,ref-cycles,500022480,4.92,,
    30.003956233,67116438810,,instructions,500022480,4.92,3.00,insn per cycle
    30.003956233,60135,,UOPS_EXECUTED.X87,500022462,4.92,,
    30.003956233,71327091319,,UOPS_EXECUTED.THREAD,500022462,4.92,,
    30.003956233,22377443465,,cpu-cycles,500022462,4.92,,
    30.003956233,22377442794,,ref-cycles,500022462,4.92,,
    30.003956233,67155981477,,instructions,500022462,4.92,3.00,insn per cycle
    30.003956233,<not supported>,,cstate_core/c6-residency/,0,100.00,,
    30.003956233,<not supported>,,cstate_pkg/c6-residency/,0,100.00,,
    35.004576785,22371281442,,CORE_POWER.LVL0_TURBO_LICENSE,250011252,2.46,,
    35.004576785,0,,CORE_POWER.LVL1_TURBO_LICENSE,250011252,2.46,,
    35.004576785,0,,CORE_POWER.LVL2_TURBO_LICENSE,250011252,2.46,,
    35.004576785,107799912,,L1D.REPLACEMENT,250011252,2.46,,
    35.004576785,22371281442,,cpu-cycles,250011252,2.46,,
    35.004576785,22371281076,,ref-cycles,250011252,2.46,,
    35.004576785,65190206242,,instructions,250011252,2.46,2.91,insn per cycle
    35.004576785,659724,,MACHINE_CLEARS.COUNT,499752186,4.91,,
    35.004576785,4006536,,BR_MISP_RETIRED.ALL_BRANCHES,499752186,4.91,,
    35.004576785,32674492,,INT_MISC.CLEAR_RESTEER_CYCLES,499752186,4.91,,
    35.004576785,19280027953,,MEM_LOAD_RETIRED.L1_HIT,499752186,4.91,,
    35.004576785,22372025538,,cpu-cycles,499752186,4.91,,
    35.004576785,22372024052,,ref-cycles,499752186,4.91,,
    35.004576785,65149585484,,instructions,499752186,4.91,2.91,insn per cycle
    35.004576785,64792718332,,UOPS_ISSUED.ANY,500022475,4.92,,
    35.004576785,64299805370,,UOPS_RETIRED.RETIRE_SLOTS,500022475,4.92,,
    35.004576785,27972406,,INT_MISC.RECOVERY_CYCLES_ANY,500022475,4.92,,
    35.004576785,27972406,,INT_MISC.RECOVERY_CYCLES,500022475,4.92,,
    35.004576785,22370291510,,cpu-cycles,500022475,4.92,,
    35.004576785,22370291266,,ref-cycles,500022475,4.92,,
    35.004576785,65158593373,,instructions,500022475,4.92,2.91,insn per cycle
    35.004576785,22371128433,,CPU_CLK_UNHALTED.THREAD_ANY,500022405,4.92,,
    35.004576785,16783063997,,IDQ_UOPS_NOT_DELIVERED.CORE,500022405,4.92,,
    35.004576785,1181072948,,CYCLE_ACTIVITY.STALLS_MEM_ANY,500022405,4.92,,
    35.004576785,1421378852,,CYCLE_ACTIVITY.STALLS_TOTAL,500022405,4.92,,
    35.004576785,22371128433,,cpu-cycles,500022405,4.92,,
    35.004576785,22371127945,,ref-cycles,500022405,4.92,,
    35.004576785,65169043057,,instructions,500022405,4.92,2.91,insn per cycle
    35.004576785,2947555565,,EXE_ACTIVITY.1_PORTS_UTIL,500022554,4.92,,
    35.004576785,3530589468,,EXE_ACTIVITY.2_PORTS_UTIL,500022554,4.92,,
    35.004576785,174241952,,EXE_ACTIVITY.BOUND_ON_STORES,500022554,4.92,,
    35.004576785,10125765,,EXE_ACTIVITY.EXE_BOUND_0_PORTS,500022554,4.92,,
    35.004576785,22371147711,,cpu-cycles,500022554,4.92,,
    35.004576785,22371144985,,ref-cycles,500022554,4.92,,
    35.004576785,65169336370,,instructions,500022554,4.92,2.91,insn per cycle
    35.004576785,55378602,,MEM_LOAD_RETIRED.L2_HIT,500023251,4.92,,
    35.004576785,47000866,,MEM_LOAD_RETIRED.FB_HIT,500023251,4.92,,
    35.004576785,63734292,,MEM_LOAD_RETIRED.L1_MISS,500023251,4.92,,
    35.004576785,4992554,,L1D_PEND_MISS.FB_FULL:c1,500023251,4.92,,
    35.004576785,22371087187,,cpu-cycles,500023251,4.92,,
    35.004576785,22371086231,,ref-cycles,500023251,4.92,,
    35.004576785,65160700779,,instructions,500023251,4.92,2.91,insn per cycle
    35.004576785,202578657,,CYCLE_ACTIVITY.STALLS_L1D_MISS,500022379,4.92,,
    35.004576785,65373824,,CYCLE_ACTIVITY.STALLS_L2_MISS,500022379,4.92,,
    35.004576785,3735371,,CYCLE_ACTIVITY.STALLS_L3_MISS,500022379,4.92,,
    35.004576785,215955621,,OFFCORE_REQUESTS_OUTSTANDING.CYCLES_WITH_DEMAND_RFO,500022379,4.92,,
    35.004576785,22371096840,,cpu-cycles,500022379,4.92,,
    35.004576785,22371095599,,ref-cycles,500022379,4.92,,
    35.004576785,65142415118,,instructions,500022379,4.92,2.91,insn per cycle
    35.004576785,26216,,ITLB_MISSES.WALK_COMPLETED,500022406,4.92,,
    35.004576785,892179,,ITLB_MISSES.WALK_ACTIVE,500022406,4.92,,
    35.004576785,142,,DTLB_LOAD_MISSES.WALK_COMPLETED,500022406,4.92,,
    35.004576785,49279,,DTLB_LOAD_MISSES.WALK_ACTIVE,500022406,4.92,,
    35.004576785,22371073226,,cpu-cycles,500022406,4.92,,
    35.004576785,22371072820,,ref-cycles,500022406,4.92,,
    35.004576785,65157569291,,instructions,500022406,4.92,2.91,insn per cycle
    35.004576785,0,,DTLB_STORE_MISSES.WALK_COMPLETED,500013786,4.92,,
    35.004576785,0,,DTLB_STORE_MISSES.WALK_ACTIVE,500013786,4.92,,
    35.004576785,830760077,,IDQ_UOPS_NOT_DELIVERED.CYCLES_0_UOPS_DELIV.CORE,500013786,4.92,,
    35.004576785,68459,,BACLEARS.ANY,500013786,4.92,,
    35.004576785,22370831936,,cpu-cycles,500013786,4.92,,
    35.004576785,22370833970,,ref-cycles,500013786,4.92,,
    35.004576785,65144931374,,instructions,500013786,4.92,2.91,insn per cycle
    35.004576785,13423,,MEM_INST_RETIRED.LOCK_LOADS,500022712,4.92,,
    35.004576785,20356391,,L2_RQSTS.ALL_RFO,500022712,4.92,,
    35.004576785,8036638002,,MEM_INST_RETIRED.ALL_STORES,500022712,4.92,,
    35.004576785,13535098,,L2_RQSTS.RFO_HIT,500022712,4.92,,
    35.004576785,22371113585,,cpu-cycles,500022712,4.92,,
    35.004576785,22371114703,,ref-cycles,500022712,4.92,,
    35.004576785,65172209850,,instructions,500022712,4.92,2.91,insn per cycle
    35.004576785,25951,,OFFCORE_REQUESTS_OUTSTANDING.L3_MISS_DEMAND_DATA_RD_GE_6,500022573,4.92,,
    35.004576785,6222047,,OFFCORE_REQUESTS_OUTSTANDING.CYCLES_WITH_L3_MISS_DEMAND_DATA_RD,500022573,4.92,,
    35.004576785,22371226501,,cpu-cycles,500022573,4.92,,
    35.004576785,22371226765,,ref-cycles,500022573,4.92,,
    35.004576785,65161521730,,instructions,500022573,4.92,2.91,insn per cycle
    35.004576785,20945400021,,UOPS_EXECUTED.CORE_CYCLES_GE_1,500022382,4.92,,
    35.004576785,18001560335,,UOPS_EXECUTED.CORE_CYCLES_GE_2,500022382,4.92,,
    35.004576785,14460196015,,UOPS_EXECUTED.CORE_CYCLES_GE_3,500022382,4.92,,
    35.004576785,7123155600,,UOPS_RETIRED.MACRO_FUSED,500022382,4.92,,
    35.004576785,22371265577,,cpu-cycles,500022382,4.92,,
    35.004576785,22371265882,,ref-cycles,500022382,4.92,,
    35.004576785,65148894459,,instructions,500022382,4.92,2.91,insn per cycle
    35.004576785,61786416,,FP_ARITH_INST_RETIRED.SCALAR_SINGLE:u0x03,500022658,4.92,,
    35.004576785,30774412,,FP_ARITH_INST_RETIRED.128B_PACKED_DOUBLE:u0xfc,500022658,4.92,,
    35.004576785,8264920,,ICACHE_16B.IFDATA_STALL,500022658,4.92,,
    35.004576785,1212811,,ICACHE_16B.IFDATA_STALL:c1:e1,500022658,4.92,,
    35.004576785,22371116122,,cpu-cycles,500022658,4.92,,
    35.004576785,22371115308,,ref-cycles,500022658,4.92,,
    35.004576785,65179178846,,instructions,500022658,4.92,2.91,insn per cycle
    35.004576785,22400423,,L2_RQSTS.ALL_CODE_RD,667977327,6.57,,
    35.004576785,60,,ITLB_MISSES.WALK_COMPLETED_2M_4M,667977327,6.57,,
    35.004576785,16757982,,L2_LINES_IN.ALL,667977327,6.57,,
    35.004576785,6255499,,MEM_LOAD_RETIRED.L2_MISS,667977327,6.57,,
    35.004576785,22294010858,,cpu-cycles,667977327,6.57,,
    35.004576785,22294024027,,ref-cycles,667977327,6.57,,
    35.004576785,56183503446,,instructions,667977327,6.57,2.51,insn per cycle
    35.004576785,155526,,L2_RQSTS.CODE_RD_MISS,500022505,4.92,,
    35.004576785,0,,DTLB_LOAD_MISSES.WALK_COMPLETED_2M_4M,500022505,4.92,,
    35.004576785,40,,DTLB_LOAD_MISSES.WALK_COMPLETED_4K,500022505,4.92,,
    35.004576785,0,,DTLB_LOAD_MISSES.WALK_COMPLETED_1G,500022505,4.92,,
    35.004576785,22371232786,,cpu-cycles,500022505,4.92,,
    35.004576785,22371233580,,ref-cycles,500022505,4.92,,
    35.004576785,65148977464,,instructions,500022505,4.92,2.91,insn per cycle
    35.004576785,46700322,,MEM_LOAD_RETIRED.FB_HIT,500022491,4.92,,
    35.004576785,0,,CYCLE_ACTIVITY.CYCLES_MEM_ANY,500022491,4.92,,
    35.004576785,793786915,,CYCLE_ACTIVITY.CYCLES_L1D_MISS,500022491,4.92,,
    35.004576785,22371190960,,cpu-cycles,500022491,4.92,,
    35.004576785,22371191285,,ref-cycles,500022491,4.92,,
    35.004576785,65154332058,,instructions,500022491,4.92,2.91,insn per cycle
    35.004576785,2711305173,,IDQ.MS_UOPS,500005807,4.92,,
    35.004576785,2883023,,ICACHE_64B.IFTAG_STALL,500005807,4.92,,
    35.004576785,14327640,,DTLB_LOAD_MISSES.STLB_HIT:c1,500005807,4.92,,
    35.004576785,22370503738,,cpu-cycles,500005807,4.92,,
    35.004576785,22370503453,,ref-cycles,500005807,4.92,,
    35.004576785,65120612358,,instructions,500005807,4.92,2.91,insn per cycle
    35.004576785,8548309,,ICACHE_16B.IFDATA_STALL,251827489,2.48,,
    35.004576785,1222519,,ICACHE_16B.IFDATA_STALL:c1:e1,251827489,2.48,,
    35.004576785,913951,,ARITH.DIVIDER_ACTIVE,251827489,2.48,,
    35.004576785,1430986736,,UOPS_EXECUTED.CORE_CYCLES_NONE,251827489,2.48,,
    35.004576785,22369502692,,cpu-cycles,251827489,2.48,,
    35.004576785,22369502046,,ref-cycles,251827489,2.48,,
    35.004576785,65152321421,,instructions,251827489,2.48,2.91,insn per cycle
    35.004576785,254216553,,CPU_CLK_THREAD_UNHALTED.ONE_THREAD_ACTIVE,250011216,2.46,,
    35.004576785,254216553,,CPU_CLK_THREAD_UNHALTED.REF_XCLK_ANY,250011216,2.46,,
    35.004576785,18358474,,cpu-cycles:k,250011216,2.46,,
    35.004576785,18298598,,ref-cycles:k,250011216,2.46,,
    35.004576785,14683997,,instructions:k,250011216,2.46,0.74,insn per cycle
    35.004576785,33411647298,,IDQ.DSB_UOPS,250011212,2.46,,
    35.004576785,28109965191,,IDQ.MITE_UOPS,250011212,2.46,,
    35.004576785,0,,LSD.UOPS,250011212,2.46,,
    35.004576785,22371243026,,cpu-cycles,250011212,2.46,,
    35.004576785,22371243433,,ref-cycles,250011212,2.46,,
    35.004576785,65183812787,,instructions,250011212,2.46,2.91,insn per cycle
    35.004576785,11214375608,,IDQ.ALL_MITE_CYCLES_ANY_UOPS,250011235,2.46,,
    35.004576785,4055194470,,IDQ.ALL_MITE_CYCLES_4_UOPS,250011235,2.46,,
    35.004576785,22371230013,,cpu-cycles,250011235,2.46,,
    35.004576785,22371231559,,ref-cycles,250011235,2.46,,
    35.004576785,65170227600,,instructions,250011235,2.46,2.91,insn per cycle
    35.004576785,7293578203,,IDQ.ALL_DSB_CYCLES_ANY_UOPS,250011599,2.46,,
    35.004576785,5705787639,,IDQ.ALL_DSB_CYCLES_4_UOPS,250011599,2.46,,
    35.004576785,22371349745,,cpu-cycles,250011599,2.46,,
    35.004576785,22371350111,,ref-cycles,250011599,2.46,,
    35.004576785,65194684955,,instructions,250011599,2.46,2.91,insn per cycle
    35.004576785,162,,MEM_LOAD_L3_HIT_RETIRED.XSNP_HIT,250011197,2.46,,
    35.004576785,266309,,MEM_LOAD_L3_HIT_RETIRED.XSNP_HITM,250011197,2.46,,
    35.004576785,22371264975,,cpu-cycles,250011197,2.46,,
    35.004576785,22371263673,,ref-cycles,250011197,2.46,,
    35.004576785,65190243731,,instructions,250011197,2.46,2.91,insn per cycle
    35.004576785,64675,,UOPS_EXECUTED.X87,250011216,2.46,,
    35.004576785,69571663837,,UOPS_EXECUTED.THREAD,250011216,2.46,,
    35.004576785,22371251622,,cpu-cycles,250011216,2.46,,
    35.004576785,22371250117,,ref-cycles,250011216,2.46,,
    35.004576785,65190071268,,instructions,250011216,2.46,2.91,insn per cycle
    35.004576785,<not supported>,,cstate_core/c6-residency/,0,100.00,,
    35.004576785,<not supported>,,cstate_pkg/c6-residency/,0,100.00,,
    40.005212805,22373161520,,CORE_POWER.LVL0_TURBO_LICENSE,500085506,4.92,,
    40.005212805,0,,CORE_POWER.LVL1_TURBO_LICENSE,500085506,4.92,,
    40.005212805,0,,CORE_POWER.LVL2_TURBO_LICENSE,500085506,4.92,,
    40.005212805,106173898,,L1D.REPLACEMENT,500085506,4.92,,
    40.005212805,22373161520,,cpu-cycles,500085506,4.92,,
    40.005212805,22373165304,,ref-cycles,500085506,4.92,,
    40.005212805,65180499036,,instructions,500085506,4.92,2.91,insn per cycle
    40.005212805,663809,,MACHINE_CLEARS.COUNT,500023166,4.92,,
    40.005212805,4000042,,BR_MISP_RETIRED.ALL_BRANCHES,500023166,4.92,,
    40.005212805,32660023,,INT_MISC.CLEAR_RESTEER_CYCLES,500023166,4.92,,
    40.005212805,19286090406,,MEM_LOAD_RETIRED.L1_HIT,500023166,4.92,,
    40.005212805,22374916069,,cpu-cycles,500023166,4.92,,
    40.005212805,22374917412,,ref-cycles,500023166,4.92,,
    40.005212805,65173580483,,instructions,500023166,4.92,2.91,insn per cycle
    40.005212805,64795583873,,UOPS_ISSUED.ANY,500022553,4.92,,
    40.005212805,64303985672,,UOPS_RETIRED.RETIRE_SLOTS,500022553,4.92,,
    40.005212805,27928265,,INT_MISC.RECOVERY_CYCLES_ANY,500022553,4.92,,
    40.005212805,27928265,,INT_MISC.RECOVERY_CYCLES,500022553,4.92,,
    40.005212805,22374963396,,cpu-cycles,500022553,4.92,,
    40.005212805,22374962053,,ref-cycles,500022553,4.92,,
    40.005212805,65160523596,,instructions,500022553,4.92,2.91,insn per cycle
    40.005212805,22374845275,,CPU_CLK_UNHALTED.THREAD_ANY,500022403,4.92,,
    40.005212805,16884054041,,IDQ_UOPS_NOT_DELIVERED.CORE,500022403,4.92,,
    40.005212805,1180316377,,CYCLE_ACTIVITY.STALLS_MEM_ANY,500022403,4.92,,
    40.005212805,1419436116,,CYCLE_ACTIVITY.STALLS_TOTAL,500022403,4.92,,
    40.005212805,22374845275,,cpu-cycles,500022403,4.92,,
    40.005212805,22374847045,,ref-cycles,500022403,4.92,,
    40.005212805,65159186712,,instructions,500022403,4.92,2.91,insn per cycle
    40.005212805,2919427677,,EXE_ACTIVITY.1_PORTS_UTIL,500022463,4.92,,
    40.005212805,3548309699,,EXE_ACTIVITY.2_PORTS_UTIL,500022463,4.92,,
    40.005212805,173877055,,EXE_ACTIVITY.BOUND_ON_STORES,500022463,4.92,,
    40.005212805,10193683,,EXE_ACTIVITY.EXE_BOUND_0_PORTS,500022463,4.92,,
    40.005212805,22374921953,,cpu-cycles,500022463,4.92,,
    40.005212805,22374922035,,ref-cycles,500022463,4.92,,
    40.005212805,65147055648,,instructions,500022463,4.92,2.91,insn per cycle
    40.005212805,54595127,,MEM_LOAD_RETIRED.L2_HIT,500023445,4.92,,
    40.005212805,46074910,,MEM_LOAD_RETIRED.FB_HIT,500023445,4.92,,
    40.005212805,62945472,,MEM_LOAD_RETIRED.L1_MISS,500023445,4.92,,
    40.005212805,4978677,,L1D_PEND_MISS.FB_FULL:c1,500023445,4.92,,
    40.005212805,22374811944,,cpu-cycles,500023445,4.92,,
    40.005212805,22374811029,,ref-cycles,500023445,4.92,,
    40.005212805,65141439002,,instructions,500023445,4.92,2.91,insn per cycle
    40.005212805,204243286,,CYCLE_ACTIVITY.STALLS_L1D_MISS,500022135,4.92,,
    40.005212805,65978598,,CYCLE_ACTIVITY.STALLS_L2_MISS,500022135,4.92,,
    40.005212805,3708615,,CYCLE_ACTIVITY.STALLS_L3_MISS,500022135,4.92,,
    40.005212805,213248959,,OFFCORE_REQUESTS_OUTSTANDING.CYCLES_WITH_DEMAND_RFO,500022135,4.92,,
    40.005212805,22374964500,,cpu-cycles,500022135,4.92,,
    40.005212805,22374962751,,ref-cycles,500022135,4.92,,
    40.005212805,65149491654,,instructions,500022135,4.92,2.91,insn per cycle
    40.005212805,27257,,ITLB_MISSES.WALK_COMPLETED,500022506,4.92,,
    40.005212805,882564,,ITLB_MISSES.WALK_ACTIVE,500022506,4.92,,
    40.005212805,40,,DTLB_LOAD_MISSES.WALK_COMPLETED,500022506,4.92,,
    40.005212805,44243,,DTLB_LOAD_MISSES.WALK_ACTIVE,500022506,4.92,,
    40.005212805,22374746161,,cpu-cycles,500022506,4.92,,
    40.005212805,22374745083,,ref-cycles,500022506,4.92,,
    40.005212805,65194383643,,instructions,500022506,4.92,2.91,insn per cycle
    40.005212805,0,,DTLB_STORE_MISSES.WALK_COMPLETED,500012654,4.92,,
    40.005212805,0,,DTLB_STORE_MISSES.WALK_ACTIVE,500012654,4.92,,
    40.005212805,827582037,,IDQ_UOPS_NOT_DELIVERED.CYCLES_0_UOPS_DELIV.CORE,500012654,4.92,,
    40.005212805,68654,,BACLEARS.ANY,500012654,4.92,,
    40.005212805,22374417874,,cpu-cycles,500012654,4.92,,
    40.005212805,22374418016,,ref-cycles,500012654,4.92,,
    40.005212805,65204572563,,instructions,500012654,4.92,2.92,insn per cycle
    40.005212805,13993,,MEM_INST_RETIRED.LOCK_LOADS,252948046,2.49,,
    40.005212805,20359091,,L2_RQSTS.ALL_RFO,252948046,2.49,,
    40.005212805,8032507398,,MEM_INST_RETIRED.ALL_STORES,252948046,2.49,,
    40.005212805,13538293,,L2_RQSTS.RFO_HIT,252948046,2.49,,
    40.005212805,22373312646,,cpu-cycles,252948046,2.49,,
    40.005212805,22373316627,,ref-cycles,252948046,2.49,,
    40.005212805,65135979535,,instructions,252948046,2.49,2.91,insn per cycle
    40.005212805,19772,,OFFCORE_REQUESTS_OUTSTANDING.L3_MISS_DEMAND_DATA_RD_GE_6,250011491,2.46,,
    40.005212805,5835989,,OFFCORE_REQUESTS_OUTSTANDING.CYCLES_WITH_L3_MISS_DEMAND_DATA_RD,250011491,2.46,,
    40.005212805,22374803676,,cpu-cycles,250011491,2.46,,
    40.005212805,22374803472,,ref-cycles,250011491,2.46,,
    40.005212805,65151523705,,instructions,250011491,2.46,2.91,insn per cycle
    40.005212805,20959493642,,UOPS_EXECUTED.CORE_CYCLES_GE_1,250011020,2.46,,
    40.005212805,18011048351,,UOPS_EXECUTED.CORE_CYCLES_GE_2,250011020,2.46,,
    40.005212805,14466506969,,UOPS_EXECUTED.CORE_CYCLES_GE_3,250011020,2.46,,
    40.005212805,7127449740,,UOPS_RETIRED.MACRO_FUSED,250011020,2.46,,
    40.005212805,22374846844,,cpu-cycles,250011020,2.46,,
    40.005212805,22374849488,,ref-cycles,250011020,2.46,,
    40.005212805,65180449650,,instructions,250011020,2.46,2.91,insn per cycle
    40.005212805,61834726,,FP_ARITH_INST_RETIRED.SCALAR_SINGLE:u0x03,250011202,2.46,,
    40.005212805,30798527,,FP_ARITH_INST_RETIRED.128B_PACKED_DOUBLE:u0xfc,250011202,2.46,,
    40.005212805,8232045,,ICACHE_16B.IFDATA_STALL,250011202,2.46,,
    40.005212805,1214440,,ICACHE_16B.IFDATA_STALL:c1:e1,250011202,2.46,,
    40.005212805,22374772656,,cpu-cycles,250011202,2.46,,
    40.005212805,22374773470,,ref-cycles,250011202,2.46,,
    40.005212805,65151894951,,instructions,250011202,2.46,2.91,insn per cycle
    40.005212805,21198696,,L2_RQSTS.ALL_CODE_RD,386882840,3.80,,
    40.005212805,105,,ITLB_MISSES.WALK_COMPLETED_2M_4M,386882840,3.80,,
    40.005212805,15770987,,L2_LINES_IN.ALL,386882840,3.80,,
    40.005212805,5533316,,MEM_LOAD_RETIRED.L2_MISS,386882840,3.80,,
    40.005212805,22266839776,,cpu-cycles,386882840,3.80,,
    40.005212805,22266851029,,ref-cycles,386882840,3.80,,
    40.005212805,52559508838,,instructions,386882840,3.80,2.35,insn per cycle
    40.005212805,121231,,L2_RQSTS.CODE_RD_MISS,282659038,2.78,,
    40.005212805,0,,DTLB_LOAD_MISSES.WALK_COMPLETED_2M_4M,282659038,2.78,,
    40.005212805,35,,DTLB_LOAD_MISSES.WALK_COMPLETED_4K,282659038,2.78,,
    40.005212805,0,,DTLB_LOAD_MISSES.WALK_COMPLETED_1G,282659038,2.78,,
    40.005212805,22338017208,,cpu-cycles,282659038,2.78,,
    40.005212805,22338011019,,ref-cycles,282659038,2.78,,
    40.005212805,61076237683,,instructions,282659038,2.78,2.73,insn per cycle
    40.005212805,46316934,,MEM_LOAD_RETIRED.FB_HIT,250011228,2.46,,
    40.005212805,0,,CYCLE_ACTIVITY.CYCLES_MEM_ANY,250011228,2.46,,
    40.005212805,793609681,,CYCLE_ACTIVITY.CYCLES_L1D_MISS,250011228,2.46,,
    40.005212805,22374857299,,cpu-cycles,250011228,2.46,,
    40.005212805,22374857014,,ref-cycles,250011228,2.46,,
    40.005212805,65167120721,,instructions,250011228,2.46,2.91,insn per cycle
    40.005212805,2712109952,,IDQ.MS_UOPS,250011305,2.46,,
    40.005212805,2246293,,ICACHE_64B.IFTAG_STALL,250011305,2.46,,
    40.005212805,14307377,,DTLB_LOAD_MISSES.STLB_HIT:c1,250011305,2.46,,
    40.005212805,22375020926,,cpu-cycles,250011305,2.46,,
    40.005212805,22375020885,,ref-cycles,250011305,2.46,,
    40.005212805,65181962924,,instructions,250011305,2.46,2.91,insn per cycle
    40.005212805,8340532,,ICACHE_16B.IFDATA_STALL,498207187,4.90,,
    40.005212805,1223499,,ICACHE_16B.IFDATA_STALL:c1:e1,498207187,4.90,,
    40.005212805,898091,,ARITH.DIVIDER_ACTIVE,498207187,4.90,,
    40.005212805,1430541045,,UOPS_EXECUTED.CORE_CYCLES_NONE,498207187,4.90,,
    40.005212805,22375817125,,cpu-cycles,498207187,4.90,,
    40.005212805,22375816451,,ref-cycles,498207187,4.90,,
    40.005212805,65151379924,,instructions,498207187,4.90,2.91,insn per cycle
    40.005212805,254252175,,CPU_CLK_THREAD_UNHALTED.ONE_THREAD_ACTIVE,500022516,4.92,,
    40.005212805,254252175,,CPU_CLK_THREAD_UNHALTED.REF_XCLK_ANY,500022516,4.92,,
    40.005212805,17765139,,cpu-cycles:k,500022516,4.92,,
    40.005212805,17685868,,ref-cycles:k,500022516,4.92,,
    40.005212805,14630141,,instructions:k,500022516,4.92,0.75,insn per cycle
    40.005212805,33546421345,,IDQ.DSB_UOPS,500022448,4.92,,
    40.005212805,27989886661,,IDQ.MITE_UOPS,500022448,4.92,,
    40.005212805,0,,LSD.UOPS,500022448,4.92,,
    40.005212805,22375063627,,cpu-cycles,500022448,4.92,,
    40.005212805,22375063424,,ref-cycles,500022448,4.92,,
    40.005212805,65180438791,,instructions,500022448,4.92,2.91,insn per cycle
    40.005212805,11222413921,,IDQ.ALL_MITE_CYCLES_ANY_UOPS,500022512,4.92,,
    40.005212805,4056477564,,IDQ.ALL_MITE_CYCLES_4_UOPS,500022512,4.92,,
    40.005212805,22375030264,,cpu-cycles,500022512,4.92,,
    40.005212805,22375030549,,ref-cycles,500022512,4.92,,
    40.005212805,65173077659,,instructions,500022512,4.92,2.91,insn per cycle
    40.005212805,7303517157,,IDQ.ALL_DSB_CYCLES_ANY_UOPS,500023124,4.92,,
    40.005212805,5725634222,,IDQ.ALL_DSB_CYCLES_4_UOPS,500023124,4.92,,
    40.005212805,22375137769,,cpu-cycles,500023124,4.92,,
    40.005212805,22375137444,,ref-cycles,500023124,4.92,,
    40.005212805,65167782063,,instructions,500023124,4.92,2.91,insn per cycle
    40.005212805,0,,MEM_LOAD_L3_HIT_RETIRED.XSNP_HIT,500022484,4.92,,
    40.005212805,257932,,MEM_LOAD_L3_HIT_RETIRED.XSNP_HITM,500022484,4.92,,
    40.005212805,22375144353,,cpu-cycles,500022484,4.92,,
    40.005212805,22375143641,,ref-cycles,500022484,4.92,,
    40.005212805,65135862655,,instructions,500022484,4.92,2.91,insn per cycle
    40.005212805,64686,,UOPS_EXECUTED.X87,500022466,4.92,,
    40.005212805,69531497762,,UOPS_EXECUTED.THREAD,500022466,4.92,,
    40.005212805,22375172436,,cpu-cycles,500022466,4.92,,
    40.005212805,22375170829,,ref-cycles,500022466,4.92,,
    40.005212805,65149135380,,instructions,500022466,4.92,2.91,insn per cycle
    40.005212805,<not supported>,,cstate_core/c6-residency/,0,100.00,,
    40.005212805,<not supported>,,cstate_pkg/c6-residency/,0,100.00,,
    45.005842089,22378318796,,CORE_POWER.LVL0_TURBO_LICENSE,500023393,4.92,,
    45.005842089,0,,CORE_POWER.LVL1_TURBO_LICENSE,500023393,4.92,,
    45.005842089,0,,CORE_POWER.LVL2_TURBO_LICENSE,500023393,4.92,,
    45.005842089,775042269,,L1D.REPLACEMENT,500023393,4.92,,
    45.005842089,22378318796,,cpu-cycles,500023393,4.92,,
    45.005842089,22378319040,,ref-cycles,500023393,4.92,,
    45.005842089,53288289732,,instructions,500023393,4.92,2.38,insn per cycle
    45.005842089,712657,,MACHINE_CLEARS.COUNT,254055411,2.50,,
    45.005842089,3764064,,BR_MISP_RETIRED.ALL_BRANCHES,254055411,2.50,,
    45.005842089,30386296,,INT_MISC.CLEAR_RESTEER_CYCLES,254055411,2.50,,
    45.005842089,19237353470,,MEM_LOAD_RETIRED.L1_HIT,254055411,2.50,,
    45.005842089,22374890730,,cpu-cycles,254055411,2.50,,
    45.005842089,22374900420,,ref-cycles,254055411,2.50,,
    45.005842089,65065641767,,instructions,254055411,2.50,2.91,insn per cycle
    45.005842089,65217933094,,UOPS_ISSUED.ANY,250011234,2.46,,
    45.005842089,64833411845,,UOPS_RETIRED.RETIRE_SLOTS,250011234,2.46,,
    45.005842089,18419148,,INT_MISC.RECOVERY_CYCLES_ANY,250011234,2.46,,
    45.005842089,18419148,,INT_MISC.RECOVERY_CYCLES,250011234,2.46,,
    45.005842089,22379171838,,cpu-cycles,250011234,2.46,,
    45.005842089,22379171106,,ref-cycles,250011234,2.46,,
    45.005842089,65726128364,,instructions,250011234,2.46,2.94,insn per cycle
    45.005842089,22379220391,,CPU_CLK_UNHALTED.THREAD_ANY,250011321,2.46,,
    45.005842089,16326692853,,IDQ_UOPS_NOT_DELIVERED.CORE,250011321,2.46,,
    45.005842089,1176447095,,CYCLE_ACTIVITY.STALLS_MEM_ANY,250011321,2.46,,
    45.005842089,1352490930,,CYCLE_ACTIVITY.STALLS_TOTAL,250011321,2.46,,
    45.005842089,22379220391,,cpu-cycles,250011321,2.46,,
    45.005842089,22379219048,,ref-cycles,250011321,2.46,,
    45.005842089,65799512471,,instructions,250011321,2.46,2.94,insn per cycle
    45.005842089,2925026778,,EXE_ACTIVITY.1_PORTS_UTIL,250011274,2.46,,
    45.005842089,3523394548,,EXE_ACTIVITY.2_PORTS_UTIL,250011274,2.46,,
    45.005842089,125465103,,EXE_ACTIVITY.BOUND_ON_STORES,250011274,2.46,,
    45.005842089,7145745,,EXE_ACTIVITY.EXE_BOUND_0_PORTS,250011274,2.46,,
    45.005842089,22379052916,,cpu-cycles,250011274,2.46,,
    45.005842089,22379050759,,ref-cycles,250011274,2.46,,
    45.005842089,65810790525,,instructions,250011274,2.46,2.94,insn per cycle
    45.005842089,50747084,,MEM_LOAD_RETIRED.L2_HIT,250011362,2.46,,
    45.005842089,50481328,,MEM_LOAD_RETIRED.FB_HIT,250011362,2.46,,
    45.005842089,64676786,,MEM_LOAD_RETIRED.L1_MISS,250011362,2.46,,
    45.005842089,8317943,,L1D_PEND_MISS.FB_FULL:c1,250011362,2.46,,
    45.005842089,22379204848,,cpu-cycles,250011362,2.46,,
    45.005842089,22379207289,,ref-cycles,250011362,2.46,,
    45.005842089,65789035645,,instructions,250011362,2.46,2.94,insn per cycle
    45.005842089,186704979,,CYCLE_ACTIVITY.STALLS_L1D_MISS,250011311,2.46,,
    45.005842089,71567662,,CYCLE_ACTIVITY.STALLS_L2_MISS,250011311,2.46,,
    45.005842089,4540882,,CYCLE_ACTIVITY.STALLS_L3_MISS,250011311,2.46,,
    45.005842089,201362859,,OFFCORE_REQUESTS_OUTSTANDING.CYCLES_WITH_DEMAND_RFO,250011311,2.46,,
    45.005842089,22379226139,,cpu-cycles,250011311,2.46,,
    45.005842089,22379224918,,ref-cycles,250011311,2.46,,
    45.005842089,65855050447,,instructions,250011311,2.46,2.94,insn per cycle
    45.005842089,28850,,ITLB_MISSES.WALK_COMPLETED,250011306,2.46,,
    45.005842089,942495,,ITLB_MISSES.WALK_ACTIVE,250011306,2.46,,
    45.005842089,0,,DTLB_LOAD_MISSES.WALK_COMPLETED,250011306,2.46,,
    45.005842089,37720,,DTLB_LOAD_MISSES.WALK_ACTIVE,250011306,2.46,,
    45.005842089,22379144414,,cpu-cycles,250011306,2.46,,
    45.005842089,22379143763,,ref-cycles,250011306,2.46,,
    45.005842089,65841572948,,instructions,250011306,2.46,2.94,insn per cycle
    45.005842089,0,,DTLB_STORE_MISSES.WALK_COMPLETED,250011380,2.46,,
    45.005842089,0,,DTLB_STORE_MISSES.WALK_ACTIVE,250011380,2.46,,
    45.005842089,796190579,,IDQ_UOPS_NOT_DELIVERED.CYCLES_0_UOPS_DELIV.CORE,250011380,2.46,,
    45.005842089,58555,,BACLEARS.ANY,250011380,2.46,,
    45.005842089,22379124108,,cpu-cycles,250011380,2.46,,
    45.005842089,22379120975,,ref-cycles,250011380,2.46,,
    45.005842089,65861102931,,instructions,250011380,2.46,2.94,insn per cycle
    45.005842089,13220,,MEM_INST_RETIRED.LOCK_LOADS,497086329,4.89,,
    45.005842089,21061705,,L2_RQSTS.ALL_RFO,497086329,4.89,,
    45.005842089,8035297389,,MEM_INST_RETIRED.ALL_STORES,497086329,4.89,,
    45.005842089,12524538,,L2_RQSTS.RFO_HIT,497086329,4.89,,
    45.005842089,22380211644,,cpu-cycles,497086329,4.89,,
    45.005842089,22380208615,,ref-cycles,497086329,4.89,,
    45.005842089,65538371206,,instructions,497086329,4.89,2.93,insn per cycle
    45.005842089,30884,,OFFCORE_REQUESTS_OUTSTANDING.L3_MISS_DEMAND_DATA_RD_GE_6,500022595,4.92,,
    45.005842089,6845374,,OFFCORE_REQUESTS_OUTSTANDING.CYCLES_WITH_L3_MISS_DEMAND_DATA_RD,500022595,4.92,,
    45.005842089,22378646672,,cpu-cycles,500022595,4.92,,
    45.005842089,22378643457,,ref-cycles,500022595,4.92,,
    45.005842089,65489969391,,instructions,500022595,4.92,2.93,insn per cycle
    45.005842089,21002381963,,UOPS_EXECUTED.CORE_CYCLES_GE_1,500022562,4.92,,
    45.005842089,18081560831,,UOPS_EXECUTED.CORE_CYCLES_GE_2,500022562,4.92,,
    45.005842089,14527750747,,UOPS_EXECUTED.CORE_CYCLES_GE_3,500022562,4.92,,
    45.005842089,7187761213,,UOPS_RETIRED.MACRO_FUSED,500022562,4.92,,
    45.005842089,22379497035,,cpu-cycles,500022562,4.92,,
    45.005842089,22379498174,,ref-cycles,500022562,4.92,,
    45.005842089,65514978036,,instructions,500022562,4.92,2.93,insn per cycle
    45.005842089,64632349,,FP_ARITH_INST_RETIRED.SCALAR_SINGLE:u0x03,500022653,4.92,,
    45.005842089,32195860,,FP_ARITH_INST_RETIRED.128B_PACKED_DOUBLE:u0xfc,500022653,4.92,,
    45.005842089,8249512,,ICACHE_16B.IFDATA_STALL,500022653,4.92,,
    45.005842089,1127599,,ICACHE_16B.IFDATA_STALL:c1:e1,500022653,4.92,,
    45.005842089,22379376691,,cpu-cycles,500022653,4.92,,
    45.005842089,22379378685,,ref-cycles,500022653,4.92,,
    45.005842089,65507308226,,instructions,500022653,4.92,2.93,insn per cycle
    45.005842089,21920945,,L2_RQSTS.ALL_CODE_RD,500022747,4.92,,
    45.005842089,0,,ITLB_MISSES.WALK_COMPLETED_2M_4M,500022747,4.92,,
    45.005842089,27922356,,L2_LINES_IN.ALL,500022747,4.92,,
    45.005842089,11135649,,MEM_LOAD_RETIRED.L2_MISS,500022747,4.92,,
    45.005842089,22379320868,,cpu-cycles,500022747,4.92,,
    45.005842089,22379322496,,ref-cycles,500022747,4.92,,
    45.005842089,65513173748,,instructions,500022747,4.92,2.93,insn per cycle
    45.005842089,247918,,L2_RQSTS.CODE_RD_MISS,671619268,6.60,,
    45.005842089,45,,DTLB_LOAD_MISSES.WALK_COMPLETED_2M_4M,671619268,6.60,,
    45.005842089,560,,DTLB_LOAD_MISSES.WALK_COMPLETED_4K,671619268,6.60,,
    45.005842089,15,,DTLB_LOAD_MISSES.WALK_COMPLETED_1G,671619268,6.60,,
    45.005842089,22301159574,,cpu-cycles,671619268,6.60,,
    45.005842089,22301143351,,ref-cycles,671619268,6.60,,
    45.005842089,56297002166,,instructions,671619268,6.60,2.52,insn per cycle
    45.005842089,48858208,,MEM_LOAD_RETIRED.FB_HIT,500022471,4.92,,
    45.005842089,0,,CYCLE_ACTIVITY.CYCLES_MEM_ANY,500022471,4.92,,
    45.005842089,759638240,,CYCLE_ACTIVITY.CYCLES_L1D_MISS,500022471,4.92,,
    45.005842089,22379449243,,cpu-cycles,500022471,4.92,,
    45.005842089,22379450504,,ref-cycles,500022471,4.92,,
    45.005842089,65519653481,,instructions,500022471,4.92,2.93,insn per cycle
    45.005842089,2765483160,,IDQ.MS_UOPS,500014242,4.91,,
    45.005842089,2734895,,ICACHE_64B.IFTAG_STALL,500014242,4.91,,
    45.005842089,12371576,,DTLB_LOAD_MISSES.STLB_HIT:c1,500014242,4.91,,
    45.005842089,22378997880,,cpu-cycles,500014242,4.91,,
    45.005842089,22379000809,,ref-cycles,500014242,4.91,,
    45.005842089,65500895636,,instructions,500014242,4.91,2.93,insn per cycle
    45.005842089,18334503,,ICACHE_16B.IFDATA_STALL,500023397,4.92,,
    45.005842089,1735262,,ICACHE_16B.IFDATA_STALL:c1:e1,500023397,4.92,,
    45.005842089,15612170,,ARITH.DIVIDER_ACTIVE,500023397,4.92,,
    45.005842089,2419730363,,UOPS_EXECUTED.CORE_CYCLES_NONE,500023397,4.92,,
    45.005842089,22379461142,,cpu-cycles,500023397,4.92,,
    45.005842089,22379459515,,ref-cycles,500023397,4.92,,
    45.005842089,59192634524,,instructions,500023397,4.92,2.65,insn per cycle
    45.005842089,254302561,,CPU_CLK_THREAD_UNHALTED.ONE_THREAD_ACTIVE,500022995,4.92,,
    45.005842089,254302561,,CPU_CLK_THREAD_UNHALTED.REF_XCLK_ANY,500022995,4.92,,
    45.005842089,15822637,,cpu-cycles:k,500022995,4.92,,
    45.005842089,15827317,,ref-cycles:k,500022995,4.92,,
    45.005842089,11656492,,instructions:k,500022995,4.92,0.61,insn per cycle
    45.005842089,32127828889,,IDQ.DSB_UOPS,500022733,4.92,,
    45.005842089,20723509918,,IDQ.MITE_UOPS,500022733,4.92,,
    45.005842089,0,,LSD.UOPS,500022733,4.92,,
    45.005842089,22378573404,,cpu-cycles,500022733,4.92,,
    45.005842089,22378572652,,ref-cycles,500022733,4.92,,
    45.005842089,53001315303,,instructions,500022733,4.92,2.37,insn per cycle
    45.005842089,8054317704,,IDQ.ALL_MITE_CYCLES_ANY_UOPS,500023173,4.92,,
    45.005842089,3065085174,,IDQ.ALL_MITE_CYCLES_4_UOPS,500023173,4.92,,
    45.005842089,22378452415,,cpu-cycles,500023173,4.92,,
    45.005842089,22378452782,,ref-cycles,500023173,4.92,,
    45.005842089,53222392557,,instructions,500023173,4.92,2.38,insn per cycle
    45.005842089,7252186176,,IDQ.ALL_DSB_CYCLES_ANY_UOPS,500022134,4.92,,
    45.005842089,5770838884,,IDQ.ALL_DSB_CYCLES_4_UOPS,500022134,4.92,,
    45.005842089,22378579406,,cpu-cycles,500022134,4.92,,
    45.005842089,22378577148,,ref-cycles,500022134,4.92,,
    45.005842089,53231233565,,instructions,500022134,4.92,2.38,insn per cycle
    45.005842089,150395,,MEM_LOAD_L3_HIT_RETIRED.XSNP_HIT,500022317,4.92,,
    45.005842089,2854422,,MEM_LOAD_L3_HIT_RETIRED.XSNP_HITM,500022317,4.92,,
    45.005842089,22378606531,,cpu-cycles,500022317,4.92,,
    45.005842089,22378606185,,ref-cycles,500022317,4.92,,
    45.005842089,53240862846,,instructions,500022317,4.92,2.38,insn per cycle
    45.005842089,2587789,,UOPS_EXECUTED.X87,500022702,4.92,,
    45.005842089,61286070161,,UOPS_EXECUTED.THREAD,500022702,4.92,,
    45.005842089,22378506350,,cpu-cycles,500022702,4.92,,
    45.005842089,22378504641,,ref-cycles,500022702,4.92,,
    45.005842089,53239272710,,instructions,500022702,4.92,2.38,insn per cycle
    45.005842089,<not supported>,,cstate_core/c6-residency/,0,100.00,,
    45.005842089,<not supported>,,cstate_pkg/c6-residency/,0,100.00,,
    50.006457222,22367237582,,CORE_POWER.LVL0_TURBO_LICENSE,250066931,2.46,,
    50.006457222,0,,CORE_POWER.LVL1_TURBO_LICENSE,250066931,2.46,,
    50.006457222,0,,CORE_POWER.LVL2_TURBO_LICENSE,250066931,2.46,,
    50.006457222,1441838740,,L1D.REPLACEMENT,250066931,2.46,,
    50.006457222,22367237582,,cpu-cycles,250066931,2.46,,
    50.006457222,22367243155,,ref-cycles,250066931,2.46,,
    50.006457222,41428332283,,instructions,250066931,2.46,1.85,insn per cycle
    50.006457222,6383237,,MACHINE_CLEARS.COUNT,495977534,4.88,,
    50.006457222,30943914,,BR_MISP_RETIRED.ALL_BRANCHES,495977534,4.88,,
    50.006457222,156967393,,INT_MISC.CLEAR_RESTEER_CYCLES,495977534,4.88,,
    50.006457222,13094269137,,MEM_LOAD_RETIRED.L1_HIT,495977534,4.88,,
    50.006457222,22375004413,,cpu-cycles,495977534,4.88,,
    50.006457222,22375000476,,ref-cycles,495977534,4.88,,
    50.006457222,41411230029,,instructions,495977534,4.88,1.85,insn per cycle
    50.006457222,47973586573,,UOPS_ISSUED.ANY,500022642,4.92,,
    50.006457222,45515194127,,UOPS_RETIRED.RETIRE_SLOTS,500022642,4.92,,
    50.006457222,191835393,,INT_MISC.RECOVERY_CYCLES_ANY,500022642,4.92,,
    50.006457222,191835393,,INT_MISC.RECOVERY_CYCLES,500022642,4.92,,
    50.006457222,22373117900,,cpu-cycles,500022642,4.92,,
    50.006457222,22373118246,,ref-cycles,500022642,4.92,,
    50.006457222,41424180858,,instructions,500022642,4.92,1.85,insn per cycle
    50.006457222,22373161464,,CPU_CLK_UNHALTED.THREAD_ANY,500022437,4.92,,
    50.006457222,8355339783,,IDQ_UOPS_NOT_DELIVERED.CORE,500022437,4.92,,
    50.006457222,4014211541,,CYCLE_ACTIVITY.STALLS_MEM_ANY,500022437,4.92,,
    50.006457222,5557967146,,CYCLE_ACTIVITY.STALLS_TOTAL,500022437,4.92,,
    50.006457222,22373161464,,cpu-cycles,500022437,4.92,,
    50.006457222,22373163803,,ref-cycles,500022437,4.92,,
    50.006457222,41441547822,,instructions,500022437,4.92,1.85,insn per cycle
    50.006457222,2508985968,,EXE_ACTIVITY.1_PORTS_UTIL,500023521,4.92,,
    50.006457222,3492237241,,EXE_ACTIVITY.2_PORTS_UTIL,500023521,4.92,,
    50.006457222,1161014271,,EXE_ACTIVITY.BOUND_ON_STORES,500023521,4.92,,
    50.006457222,90776585,,EXE_ACTIVITY.EXE_BOUND_0_PORTS,500023521,4.92,,
    50.006457222,22373001240,,cpu-cycles,500023521,4.92,,
    50.006457222,22373000406,,ref-cycles,500023521,4.92,,
    50.006457222,41447998697,,instructions,500023521,4.92,1.85,insn per cycle
    50.006457222,342762371,,MEM_LOAD_RETIRED.L2_HIT,500022061,4.92,,
    50.006457222,650944645,,MEM_LOAD_RETIRED.FB_HIT,500022061,4.92,,
    50.006457222,416134967,,MEM_LOAD_RETIRED.L1_MISS,500022061,4.92,,
    50.006457222,653259186,,L1D_PEND_MISS.FB_FULL:c1,500022061,4.92,,
    50.006457222,22373201769,,cpu-cycles,500022061,4.92,,
    50.006457222,22373201383,,ref-cycles,500022061,4.92,,
    50.006457222,41452745849,,instructions,500022061,4.92,1.85,insn per cycle
    50.006457222,1547767903,,CYCLE_ACTIVITY.STALLS_L1D_MISS,500022556,4.92,,
    50.006457222,1054498419,,CYCLE_ACTIVITY.STALLS_L2_MISS,500022556,4.92,,
    50.006457222,466224821,,CYCLE_ACTIVITY.STALLS_L3_MISS,500022556,4.92,,
    50.006457222,5862057931,,OFFCORE_REQUESTS_OUTSTANDING.CYCLES_WITH_DEMAND_RFO,500022556,4.92,,
    50.006457222,22373089030,,cpu-cycles,500022556,4.92,,
    50.006457222,22373088562,,ref-cycles,500022556,4.92,,
    50.006457222,41469795641,,instructions,500022556,4.92,1.85,insn per cycle
    50.006457222,7424,,ITLB_MISSES.WALK_COMPLETED,500023257,4.92,,
    50.006457222,452707,,ITLB_MISSES.WALK_ACTIVE,500023257,4.92,,
    50.006457222,20,,DTLB_LOAD_MISSES.WALK_COMPLETED,500023257,4.92,,
    50.006457222,78621,,DTLB_LOAD_MISSES.WALK_ACTIVE,500023257,4.92,,
    50.006457222,22373248081,,cpu-cycles,500023257,4.92,,
    50.006457222,22373248386,,ref-cycles,500023257,4.92,,
    50.006457222,41445031746,,instructions,500023257,4.92,1.85,insn per cycle
    50.006457222,4312,,DTLB_STORE_MISSES.WALK_COMPLETED,500021826,4.92,,
    50.006457222,296117,,DTLB_STORE_MISSES.WALK_ACTIVE,500021826,4.92,,
    50.006457222,765704861,,IDQ_UOPS_NOT_DELIVERED.CYCLES_0_UOPS_DELIV.CORE,500021826,4.92,,
    50.006457222,1085443,,BACLEARS.ANY,500021826,4.92,,
    50.006457222,22373229598,,cpu-cycles,500021826,4.92,,
    50.006457222,22373228967,,ref-cycles,500021826,4.92,,
    50.006457222,41456081983,,instructions,500021826,4.92,1.85,insn per cycle
    50.006457222,9565433,,MEM_INST_RETIRED.LOCK_LOADS,500022962,4.92,,
    50.006457222,508531714,,L2_RQSTS.ALL_RFO,500022962,4.92,,
    50.006457222,6518314679,,MEM_INST_RETIRED.ALL_STORES,500022962,4.92,,
    50.006457222,210805617,,L2_RQSTS.RFO_HIT,500022962,4.92,,
    50.006457222,22373139034,,cpu-cycles,500022962,4.92,,
    50.006457222,22373138139,,ref-cycles,500022962,4.92,,
    50.006457222,41454607989,,instructions,500022962,4.92,1.85,insn per cycle
    50.006457222,6705437,,OFFCORE_REQUESTS_OUTSTANDING.L3_MISS_DEMAND_DATA_RD_GE_6,500022302,4.92,,
    50.006457222,699619703,,OFFCORE_REQUESTS_OUTSTANDING.CYCLES_WITH_L3_MISS_DEMAND_DATA_RD,500022302,4.92,,
    50.006457222,22373183676,,cpu-cycles,500022302,4.92,,
    50.006457222,22373184042,,ref-cycles,500022302,4.92,,
    50.006457222,41495240510,,instructions,500022302,4.92,1.86,insn per cycle
    50.006457222,16793853002,,UOPS_EXECUTED.CORE_CYCLES_GE_1,500023219,4.92,,
    50.006457222,14272187050,,UOPS_EXECUTED.CORE_CYCLES_GE_2,500023219,4.92,,
    50.006457222,10777006337,,UOPS_EXECUTED.CORE_CYCLES_GE_3,500023219,4.92,,
    50.006457222,2745583235,,UOPS_RETIRED.MACRO_FUSED,500023219,4.92,,
    50.006457222,22373377787,,cpu-cycles,500023219,4.92,,
    50.006457222,22373379659,,ref-cycles,500023219,4.92,,
    50.006457222,41408157110,,instructions,500023219,4.92,1.85,insn per cycle
    50.006457222,577790,,FP_ARITH_INST_RETIRED.SCALAR_SINGLE:u0x03,500022327,4.92,,
    50.006457222,206551,,FP_ARITH_INST_RETIRED.128B_PACKED_DOUBLE:u0xfc,500022327,4.92,,
    50.006457222,48990259,,ICACHE_16B.IFDATA_STALL,500022327,4.92,,
    50.006457222,3831190,,ICACHE_16B.IFDATA_STALL:c1:e1,500022327,4.92,,
    50.006457222,22373007279,,cpu-cycles,500022327,4.92,,
    50.006457222,22373006506,,ref-cycles,500022327,4.92,,
    50.006457222,41446892490,,instructions,500022327,4.92,1.85,insn per cycle
    50.006457222,38388363,,L2_RQSTS.ALL_CODE_RD,500022481,4.92,,
    50.006457222,0,,ITLB_MISSES.WALK_COMPLETED_2M_4M,500022481,4.92,,
    50.006457222,616860361,,L2_LINES_IN.ALL,500022481,4.92,,
    50.006457222,73482665,,MEM_LOAD_RETIRED.L2_MISS,500022481,4.92,,
    50.006457222,22373161299,,cpu-cycles,500022481,4.92,,
    50.006457222,22373160242,,ref-cycles,500022481,4.92,,
    50.006457222,41461380723,,instructions,500022481,4.92,1.85,insn per cycle
    50.006457222,2416145,,L2_RQSTS.CODE_RD_MISS,521884323,5.13,,
    50.006457222,0,,DTLB_LOAD_MISSES.WALK_COMPLETED_2M_4M,521884323,5.13,,
    50.006457222,77,,DTLB_LOAD_MISSES.WALK_COMPLETED_4K,521884323,5.13,,
    50.006457222,0,,DTLB_LOAD_MISSES.WALK_COMPLETED_1G,521884323,5.13,,
    50.006457222,22359339717,,cpu-cycles,521884323,5.13,,
    50.006457222,22359344921,,ref-cycles,521884323,5.13,,
    50.006457222,40974075959,,instructions,521884323,5.13,1.83,insn per cycle
    50.006457222,524627373,,MEM_LOAD_RETIRED.FB_HIT,621887513,6.11,,
    50.006457222,0,,CYCLE_ACTIVITY.CYCLES_MEM_ANY,621887513,6.11,,
    50.006457222,3584535655,,CYCLE_ACTIVITY.CYCLES_L1D_MISS,621887513,6.11,,
    50.006457222,22309840534,,cpu-cycles,621887513,6.11,,
    50.006457222,22309825454,,ref-cycles,621887513,6.11,,
    50.006457222,39117211499,,instructions,621887513,6.11,1.75,insn per cycle
    50.006457222,3645151697,,IDQ.MS_UOPS,525978310,5.17,,
    50.006457222,68955430,,ICACHE_64B.IFTAG_STALL,525978310,5.17,,
    50.006457222,216285708,,DTLB_LOAD_MISSES.STLB_HIT:c1,525978310,5.17,,
    50.006457222,22356267852,,cpu-cycles,525978310,5.17,,
    50.006457222,22356275374,,ref-cycles,525978310,5.17,,
    50.006457222,40841513734,,instructions,525978310,5.17,1.83,insn per cycle
    50.006457222,51213963,,ICACHE_16B.IFDATA_STALL,255598270,2.51,,
    50.006457222,4020878,,ICACHE_16B.IFDATA_STALL:c1:e1,255598270,2.51,,
    50.006457222,46537748,,ARITH.DIVIDER_ACTIVE,255598270,2.51,,
    50.006457222,5553096411,,UOPS_EXECUTED.CORE_CYCLES_NONE,255598270,2.51,,
    50.006457222,22370043322,,cpu-cycles,255598270,2.51,,
    50.006457222,22370068432,,ref-cycles,255598270,2.51,,
    50.006457222,41477469036,,instructions,255598270,2.51,1.85,insn per cycle
    50.006457222,254242054,,CPU_CLK_THREAD_UNHALTED.ONE_THREAD_ACTIVE,250011295,2.46,,
    50.006457222,254242054,,CPU_CLK_THREAD_UNHALTED.REF_XCLK_ANY,250011295,2.46,,
    50.006457222,13997523,,cpu-cycles:k,250011295,2.46,,
    50.006457222,13977018,,ref-cycles:k,250011295,2.46,,
    50.006457222,8728720,,instructions:k,250011295,2.46,0.47,insn per cycle
    50.006457222,31143666306,,IDQ.DSB_UOPS,250011333,2.46,,
    50.006457222,13743519971,,IDQ.MITE_UOPS,250011333,2.46,,
    50.006457222,0,,LSD.UOPS,250011333,2.46,,
    50.006457222,22373520278,,cpu-cycles,250011333,2.46,,
    50.006457222,22373519912,,ref-cycles,250011333,2.46,,
    50.006457222,41405282388,,instructions,250011333,2.46,1.85,insn per cycle
    50.006457222,4940796541,,IDQ.ALL_MITE_CYCLES_ANY_UOPS,250011268,2.46,,
    50.006457222,2104417984,,IDQ.ALL_MITE_CYCLES_4_UOPS,250011268,2.46,,
    50.006457222,22373262741,,cpu-cycles,250011268,2.46,,
    50.006457222,22373262172,,ref-cycles,250011268,2.46,,
    50.006457222,41547065467,,instructions,250011268,2.46,1.86,insn per cycle
    50.006457222,7249566114,,IDQ.ALL_DSB_CYCLES_ANY_UOPS,250011304,2.46,,
    50.006457222,5868398220,,IDQ.ALL_DSB_CYCLES_4_UOPS,250011304,2.46,,
    50.006457222,22373573523,,cpu-cycles,250011304,2.46,,
    50.006457222,22373570797,,ref-cycles,250011304,2.46,,
    50.006457222,41427920741,,instructions,250011304,2.46,1.85,insn per cycle
    50.006457222,295568,,MEM_LOAD_L3_HIT_RETIRED.XSNP_HIT,250011138,2.46,,
    50.006457222,5408107,,MEM_LOAD_L3_HIT_RETIRED.XSNP_HITM,250011138,2.46,,
    50.006457222,22373266768,,cpu-cycles,250011138,2.46,,
    50.006457222,22373266850,,ref-cycles,250011138,2.46,,
    50.006457222,41455612973,,instructions,250011138,2.46,1.85,insn per cycle
    50.006457222,5137876,,UOPS_EXECUTED.X87,250011543,2.46,,
    50.006457222,53201628445,,UOPS_EXECUTED.THREAD,250011543,2.46,,
    50.006457222,22373421854,,cpu-cycles,250011543,2.46,,
    50.006457222,22373423604,,ref-cycles,250011543,2.46,,
    50.006457222,41460324533,,instructions,250011543,2.46,1.85,insn per cycle
    50.006457222,<not supported>,,cstate_core/c6-residency/,0,100.00,,
    50.006457222,<not supported>,,cstate_pkg/c6-residency/,0,100.00,,
    55.007069742,22371087160,,CORE_POWER.LVL0_TURBO_LICENSE,500023310,4.92,,
    55.007069742,0,,CORE_POWER.LVL1_TURBO_LICENSE,500023310,4.92,,
    55.007069742,0,,CORE_POWER.LVL2_TURBO_LICENSE,500023310,4.92,,
    55.007069742,1442935569,,L1D.REPLACEMENT,500023310,4.92,,
    55.007069742,22371087160,,cpu-cycles,500023310,4.92,,
    55.007069742,22371087465,,ref-cycles,500023310,4.92,,
    55.007069742,41467591887,,instructions,500023310,4.92,1.85,insn per cycle
    55.007069742,6682616,,MACHINE_CLEARS.COUNT,500022388,4.92,,
    55.007069742,30615090,,BR_MISP_RETIRED.ALL_BRANCHES,500022388,4.92,,
    55.007069742,156347443,,INT_MISC.CLEAR_RESTEER_CYCLES,500022388,4.92,,
    55.007069742,13120078449,,MEM_LOAD_RETIRED.L1_HIT,500022388,4.92,,
    55.007069742,22371003599,,cpu-cycles,500022388,4.92,,
    55.007069742,22371004027,,ref-cycles,500022388,4.92,,
    55.007069742,41485659717,,instructions,500022388,4.92,1.85,insn per cycle
    55.007069742,48006962553,,UOPS_ISSUED.ANY,500021841,4.92,,
    55.007069742,45510178246,,UOPS_RETIRED.RETIRE_SLOTS,500021841,4.92,,
    55.007069742,195027945,,INT_MISC.RECOVERY_CYCLES_ANY,500021841,4.92,,
    55.007069742,195027945,,INT_MISC.RECOVERY_CYCLES,500021841,4.92,,
    55.007069742,22370878138,,cpu-cycles,500021841,4.92,,
    55.007069742,22370879338,,ref-cycles,500021841,4.92,,
    55.007069742,41427620196,,instructions,500021841,4.92,1.85,insn per cycle
    55.007069742,22370972788,,CPU_CLK_UNHALTED.THREAD_ANY,500022795,4.92,,
    55.007069742,8273739064,,IDQ_UOPS_NOT_DELIVERED.CORE,500022795,4.92,,
    55.007069742,4011813157,,CYCLE_ACTIVITY.STALLS_MEM_ANY,500022795,4.92,,
    55.007069742,5555928678,,CYCLE_ACTIVITY.STALLS_TOTAL,500022795,4.92,,
    55.007069742,22370972788,,cpu-cycles,500022795,4.92,,
    55.007069742,22370972808,,ref-cycles,500022795,4.92,,
    55.007069742,41496527913,,instructions,500022795,4.92,1.86,insn per cycle
    55.007069742,2510975828,,EXE_ACTIVITY.1_PORTS_UTIL,500023002,4.92,,
    55.007069742,3492030114,,EXE_ACTIVITY.2_PORTS_UTIL,500023002,4.92,,
    55.007069742,1157948366,,EXE_ACTIVITY.BOUND_ON_STORES,500023002,4.92,,
    55.007069742,90912177,,EXE_ACTIVITY.EXE_BOUND_0_PORTS,500023002,4.92,,
    55.007069742,22370843704,,cpu-cycles,500023002,4.92,,
    55.007069742,22370842728,,ref-cycles,500023002,4.92,,
    55.007069742,41394468048,,instructions,500023002,4.92,1.85,insn per cycle
    55.007069742,342310249,,MEM_LOAD_RETIRED.L2_HIT,500023620,4.92,,
    55.007069742,650169241,,MEM_LOAD_RETIRED.FB_HIT,500023620,4.92,,
    55.007069742,415955539,,MEM_LOAD_RETIRED.L1_MISS,500023620,4.92,,
    55.007069742,653739266,,L1D_PEND_MISS.FB_FULL:c1,500023620,4.92,,
    55.007069742,22370897041,,cpu-cycles,500023620,4.92,,
    55.007069742,22370897082,,ref-cycles,500023620,4.92,,
    55.007069742,41419655045,,instructions,500023620,4.92,1.85,insn per cycle
    55.007069742,1548188356,,CYCLE_ACTIVITY.STALLS_L1D_MISS,500021450,4.92,,
    55.007069742,1053986013,,CYCLE_ACTIVITY.STALLS_L2_MISS,500021450,4.92,,
    55.007069742,462296351,,CYCLE_ACTIVITY.STALLS_L3_MISS,500021450,4.92,,
    55.007069742,5873792840,,OFFCORE_REQUESTS_OUTSTANDING.CYCLES_WITH_DEMAND_RFO,500021450,4.92,,
    55.007069742,22370878528,,cpu-cycles,500021450,4.92,,
    55.007069742,22370879057,,ref-cycles,500021450,4.92,,
    55.007069742,41481723140,,instructions,500021450,4.92,1.85,insn per cycle
    55.007069742,7485,,ITLB_MISSES.WALK_COMPLETED,500022673,4.92,,
    55.007069742,414729,,ITLB_MISSES.WALK_ACTIVE,500022673,4.92,,
    55.007069742,122,,DTLB_LOAD_MISSES.WALK_COMPLETED,500022673,4.92,,
    55.007069742,90980,,DTLB_LOAD_MISSES.WALK_ACTIVE,500022673,4.92,,
    55.007069742,22370901798,,cpu-cycles,500022673,4.92,,
    55.007069742,22370900699,,ref-cycles,500022673,4.92,,
    55.007069742,41442939378,,instructions,500022673,4.92,1.85,insn per cycle
    55.007069742,6468,,DTLB_STORE_MISSES.WALK_COMPLETED,500002781,4.92,,
    55.007069742,429066,,DTLB_STORE_MISSES.WALK_ACTIVE,500002781,4.92,,
    55.007069742,764232984,,IDQ_UOPS_NOT_DELIVERED.CYCLES_0_UOPS_DELIV.CORE,500002781,4.92,,
    55.007069742,1036682,,BACLEARS.ANY,500002781,4.92,,
    55.007069742,22369722310,,cpu-cycles,500002781,4.92,,
    55.007069742,22369721558,,ref-cycles,500002781,4.92,,
    55.007069742,41416894407,,instructions,500002781,4.92,1.85,insn per cycle
    55.007069742,9538477,,MEM_INST_RETIRED.LOCK_LOADS,256686877,2.52,,
    55.007069742,507851613,,L2_RQSTS.ALL_RFO,256686877,2.52,,
    55.007069742,6509089731,,MEM_INST_RETIRED.ALL_STORES,256686877,2.52,,
    55.007069742,210416114,,L2_RQSTS.RFO_HIT,256686877,2.52,,
    55.007069742,22367111543,,cpu-cycles,256686877,2.52,,
    55.007069742,22367118279,,ref-cycles,256686877,2.52,,
    55.007069742,41383437314,,instructions,256686877,2.52,1.85,insn per cycle
    55.007069742,7062982,,OFFCORE_REQUESTS_OUTSTANDING.L3_MISS_DEMAND_DATA_RD_GE_6,250011638,2.46,,
    55.007069742,702035669,,OFFCORE_REQUESTS_OUTSTANDING.CYCLES_WITH_L3_MISS_DEMAND_DATA_RD,250011638,2.46,,
    55.007069742,22371010165,,cpu-cycles,250011638,2.46,,
    55.007069742,22371011060,,ref-cycles,250011638,2.46,,
    55.007069742,41418985637,,instructions,250011638,2.46,1.85,insn per cycle
    55.007069742,16818821613,,UOPS_EXECUTED.CORE_CYCLES_GE_1,250010801,2.46,,
    55.007069742,14299065937,,UOPS_EXECUTED.CORE_CYCLES_GE_2,250010801,2.46,,
    55.007069742,10794856469,,UOPS_EXECUTED.CORE_CYCLES_GE_3,250010801,2.46,,
    55.007069742,2743386056,,UOPS_RETIRED.MACRO_FUSED,250010801,2.46,,
    55.007069742,22371289769,,cpu-cycles,250010801,2.46,,
    55.007069742,22371291600,,ref-cycles,250010801,2.46,,
    55.007069742,41479121481,,instructions,250010801,2.46,1.85,insn per cycle
    55.007069742,576676,,FP_ARITH_INST_RETIRED.SCALAR_SINGLE:u0x03,250011504,2.46,,
    55.007069742,206165,,FP_ARITH_INST_RETIRED.128B_PACKED_DOUBLE:u0xfc,250011504,2.46,,
    55.007069742,47899352,,ICACHE_16B.IFDATA_STALL,250011504,2.46,,
    55.007069742,3664720,,ICACHE_16B.IFDATA_STALL:c1:e1,250011504,2.46,,
    55.007069742,22370822943,,cpu-cycles,250011504,2.46,,
    55.007069742,22370822821,,ref-cycles,250011504,2.46,,
    55.007069742,41419839856,,instructions,250011504,2.46,1.85,insn per cycle
    55.007069742,38183368,,L2_RQSTS.ALL_CODE_RD,250011676,2.46,,
    55.007069742,0,,ITLB_MISSES.WALK_COMPLETED_2M_4M,250011676,2.46,,
    55.007069742,615684839,,L2_LINES_IN.ALL,250011676,2.46,,
    55.007069742,73404842,,MEM_LOAD_RETIRED.L2_MISS,250011676,2.46,,
    55.007069742,22370775316,,cpu-cycles,250011676,2.46,,
    55.007069742,22370776781,,ref-cycles,250011676,2.46,,
    55.007069742,41373357487,,instructions,250011676,2.46,1.85,insn per cycle
    55.007069742,2437090,,L2_RQSTS.CODE_RD_MISS,250010928,2.46,,
    55.007069742,0,,DTLB_LOAD_MISSES.WALK_COMPLETED_2M_4M,250010928,2.46,,
    55.007069742,0,,DTLB_LOAD_MISSES.WALK_COMPLETED_4K,250010928,2.46,,
    55.007069742,0,,DTLB_LOAD_MISSES.WALK_COMPLETED_1G,250010928,2.46,,
    55.007069742,22370875423,,cpu-cycles,250010928,2.46,,
    55.007069742,22370875829,,ref-cycles,250010928,2.46,,
    55.007069742,41423961855,,instructions,250010928,2.46,1.85,insn per cycle
    55.007069742,650653421,,MEM_LOAD_RETIRED.FB_HIT,250011158,2.46,,
    55.007069742,0,,CYCLE_ACTIVITY.CYCLES_MEM_ANY,250011158,2.46,,
    55.007069742,4429820028,,CYCLE_ACTIVITY.CYCLES_L1D_MISS,250011158,2.46,,
    55.007069742,22371091781,,cpu-cycles,250011158,2.46,,
    55.007069742,22371091293,,ref-cycles,250011158,2.46,,
    55.007069742,41488916373,,instructions,250011158,2.46,1.85,insn per cycle
    55.007069742,4876668072,,IDQ.MS_UOPS,346442085,3.41,,
    55.007069742,382537421,,ICACHE_64B.IFTAG_STALL,346442085,3.41,,
    55.007069742,179080492,,DTLB_LOAD_MISSES.STLB_HIT:c1,346442085,3.41,,
    55.007069742,22279682925,,cpu-cycles,346442085,3.41,,
    55.007069742,22279688738,,ref-cycles,346442085,3.41,,
    55.007069742,38088970441,,instructions,346442085,3.41,1.70,insn per cycle
    55.007069742,46123134,,ICACHE_16B.IFDATA_STALL,566719224,5.57,,
    55.007069742,3541935,,ICACHE_16B.IFDATA_STALL:c1:e1,566719224,5.57,,
    55.007069742,41199707,,ARITH.DIVIDER_ACTIVE,566719224,5.57,,
    55.007069742,5734103761,,UOPS_EXECUTED.CORE_CYCLES_NONE,566719224,5.57,,
    55.007069742,22330256431,,cpu-cycles,566719224,5.57,,
    55.007069742,22330239382,,ref-cycles,566719224,5.57,,
    55.007069742,39885855072,,instructions,566719224,5.57,1.78,insn per cycle
    55.007069742,254215837,,CPU_CLK_THREAD_UNHALTED.ONE_THREAD_ACTIVE,500022475,4.92,,
    55.007069742,254215837,,CPU_CLK_THREAD_UNHALTED.REF_XCLK_ANY,500022475,4.92,,
    55.007069742,13634759,,cpu-cycles:k,500022475,4.92,,
    55.007069742,13651641,,ref-cycles:k,500022475,4.92,,
    55.007069742,8670160,,instructions:k,500022475,4.92,0.48,insn per cycle
    55.007069742,31159315219,,IDQ.DSB_UOPS,500022890,4.92,,
    55.007069742,13756320831,,IDQ.MITE_UOPS,500022890,4.92,,
    55.007069742,0,,LSD.UOPS,500022890,4.92,,
    55.007069742,22371249334,,cpu-cycles,500022890,4.92,,
    55.007069742,22371247504,,ref-cycles,500022890,4.92,,
    55.007069742,41445211081,,instructions,500022890,4.92,1.85,insn per cycle
    55.007069742,4915379120,,IDQ.ALL_MITE_CYCLES_ANY_UOPS,500022832,4.92,,
    55.007069742,2106879407,,IDQ.ALL_MITE_CYCLES_4_UOPS,500022832,4.92,,
    55.007069742,22371272338,,cpu-cycles,500022832,4.92,,
    55.007069742,22371271687,,ref-cycles,500022832,4.92,,
    55.007069742,41477670636,,instructions,500022832,4.92,1.85,insn per cycle
    55.007069742,7254374312,,IDQ.ALL_DSB_CYCLES_ANY_UOPS,500022249,4.92,,
    55.007069742,5876628494,,IDQ.ALL_DSB_CYCLES_4_UOPS,500022249,4.92,,
    55.007069742,22371335030,,cpu-cycles,500022249,4.92,,
    55.007069742,22371331898,,ref-cycles,500022249,4.92,,
    55.007069742,41477456328,,instructions,500022249,4.92,1.85,insn per cycle
    55.007069742,289823,,MEM_LOAD_L3_HIT_RETIRED.XSNP_HIT,500022621,4.92,,
    55.007069742,5411610,,MEM_LOAD_L3_HIT_RETIRED.XSNP_HITM,500022621,4.92,,
    55.007069742,22371354877,,cpu-cycles,500022621,4.92,,
    55.007069742,22371352253,,ref-cycles,500022621,4.92,,
    55.007069742,41420615996,,instructions,500022621,4.92,1.85,insn per cycle
    55.007069742,5131409,,UOPS_EXECUTED.X87,500022612,4.92,,
    55.007069742,53175985200,,UOPS_EXECUTED.THREAD,500022612,4.92,,
    55.007069742,22371436574,,cpu-cycles,500022612,4.92,,
    55.007069742,22371438140,,ref-cycles,500022612,4.92,,
    55.007069742,41453481017,,instructions,500022612,4.92,1.85,insn per cycle
    55.007069742,<not supported>,,cstate_core/c6-residency/,0,100.00,,
    55.007069742,<not supported>,,cstate_pkg/c6-residency/,0,100.00,,
    60.007711861,22372211247,,CORE_POWER.LVL0_TURBO_LICENSE,500004698,4.92,,
    60.007711861,0,,CORE_POWER.LVL1_TURBO_LICENSE,500004698,4.92,,
    60.007711861,0,,CORE_POWER.LVL2_TURBO_LICENSE,500004698,4.92,,
    60.007711861,1425358271,,L1D.REPLACEMENT,500004698,4.92,,
    60.007711861,22372211247,,cpu-cycles,500004698,4.92,,
    60.007711861,22372209783,,ref-cycles,500004698,4.92,,
    60.007711861,40971692017,,instructions,500004698,4.92,1.83,insn per cycle
    60.007711861,7283880,,MACHINE_CLEARS.COUNT,257797701,2.53,,
    60.007711861,30919877,,BR_MISP_RETIRED.ALL_BRANCHES,257797701,2.53,,
    60.007711861,158304181,,INT_MISC.CLEAR_RESTEER_CYCLES,257797701,2.53,,
    60.007711861,12990192138,,MEM_LOAD_RETIRED.L1_HIT,257797701,2.53,,
    60.007711861,22369880958,,cpu-cycles,257797701,2.53,,
    60.007711861,22369889954,,ref-cycles,257797701,2.53,,
    60.007711861,41037654130,,instructions,257797701,2.53,1.83,insn per cycle
    60.007711861,47525500284,,UOPS_ISSUED.ANY,250011718,2.46,,
    60.007711861,45070755259,,UOPS_RETIRED.RETIRE_SLOTS,250011718,2.46,,
    60.007711861,191301895,,INT_MISC.RECOVERY_CYCLES_ANY,250011718,2.46,,
    60.007711861,191301895,,INT_MISC.RECOVERY_CYCLES,250011718,2.46,,
    60.007711861,22373088378,,cpu-cycles,250011718,2.46,,
    60.007711861,22373088053,,ref-cycles,250011718,2.46,,
    60.007711861,41006960159,,instructions,250011718,2.46,1.83,insn per cycle
    60.007711861,22373130321,,CPU_CLK_UNHALTED.THREAD_ANY,250011306,2.46,,
    60.007711861,8263112921,,IDQ_UOPS_NOT_DELIVERED.CORE,250011306,2.46,,
    60.007711861,3810633374,,CYCLE_ACTIVITY.STALLS_MEM_ANY,250011306,2.46,,
    60.007711861,5721022672,,CYCLE_ACTIVITY.STALLS_TOTAL,250011306,2.46,,
    60.007711861,22373130321,,cpu-cycles,250011306,2.46,,
    60.007711861,22373130524,,ref-cycles,250011306,2.46,,
    60.007711861,40982318878,,instructions,250011306,2.46,1.83,insn per cycle
    60.007711861,2471467873,,EXE_ACTIVITY.1_PORTS_UTIL,250011353,2.46,,
    60.007711861,3484237975,,EXE_ACTIVITY.2_PORTS_UTIL,250011353,2.46,,
    60.007711861,1527643744,,EXE_ACTIVITY.BOUND_ON_STORES,250011353,2.46,,
    60.007711861,90477963,,EXE_ACTIVITY.EXE_BOUND_0_PORTS,250011353,2.46,,
    60.007711861,22373055004,,cpu-cycles,250011353,2.46,,
    60.007711861,22373057648,,ref-cycles,250011353,2.46,,
    60.007711861,40998786111,,instructions,250011353,2.46,1.83,insn per cycle
    60.007711861,338033259,,MEM_LOAD_RETIRED.L2_HIT,250011167,2.46,,
    60.007711861,641980721,,MEM_LOAD_RETIRED.FB_HIT,250011167,2.46,,
    60.007711861,410764059,,MEM_LOAD_RETIRED.L1_MISS,250011167,2.46,,
    60.007711861,534815421,,L1D_PEND_MISS.FB_FULL:c1,250011167,2.46,,
    60.007711861,22372946634,,cpu-cycles,250011167,2.46,,
    60.007711861,22372945942,,ref-cycles,250011167,2.46,,
    60.007711861,41057309582,,instructions,250011167,2.46,1.84,insn per cycle
    60.007711861,1513095715,,CYCLE_ACTIVITY.STALLS_L1D_MISS,250011291,2.46,,
    60.007711861,1027153011,,CYCLE_ACTIVITY.STALLS_L2_MISS,250011291,2.46,,
    60.007711861,463810380,,CYCLE_ACTIVITY.STALLS_L3_MISS,250011291,2.46,,
    60.007711861,6119397899,,OFFCORE_REQUESTS_OUTSTANDING.CYCLES_WITH_DEMAND_RFO,250011291,2.46,,
    60.007711861,22373116474,,cpu-cycles,250011291,2.46,,
    60.007711861,22373116149,,ref-cycles,250011291,2.46,,
    60.007711861,41023261738,,instructions,250011291,2.46,1.83,insn per cycle
    60.007711861,6590,,ITLB_MISSES.WALK_COMPLETED,250011455,2.46,,
    60.007711861,343412,,ITLB_MISSES.WALK_ACTIVE,250011455,2.46,,
    60.007711861,0,,DTLB_LOAD_MISSES.WALK_COMPLETED,250011455,2.46,,
    60.007711861,55858,,DTLB_LOAD_MISSES.WALK_ACTIVE,250011455,2.46,,
    60.007711861,22372970944,,cpu-cycles,250011455,2.46,,
    60.007711861,22372974199,,ref-cycles,250011455,2.46,,
    60.007711861,40877982026,,instructions,250011455,2.46,1.83,insn per cycle
    60.007711861,3824,,DTLB_STORE_MISSES.WALK_COMPLETED,250011543,2.46,,
    60.007711861,269733,,DTLB_STORE_MISSES.WALK_ACTIVE,250011543,2.46,,
    60.007711861,757010616,,IDQ_UOPS_NOT_DELIVERED.CYCLES_0_UOPS_DELIV.CORE,250011543,2.46,,
    60.007711861,1038902,,BACLEARS.ANY,250011543,2.46,,
    60.007711861,22372900921,,cpu-cycles,250011543,2.46,,
    60.007711861,22372902305,,ref-cycles,250011543,2.46,,
    60.007711861,40999404669,,instructions,250011543,2.46,1.83,insn per cycle
    60.007711861,9564684,,MEM_INST_RETIRED.LOCK_LOADS,493346708,4.85,,
    60.007711861,506072070,,L2_RQSTS.ALL_RFO,493346708,4.85,,
    60.007711861,6498903959,,MEM_INST_RETIRED.ALL_STORES,493346708,4.85,,
    60.007711861,209187463,,L2_RQSTS.RFO_HIT,493346708,4.85,,
    60.007711861,22374916047,,cpu-cycles,493346708,4.85,,
    60.007711861,22374915841,,ref-cycles,493346708,4.85,,
    60.007711861,41276765547,,instructions,493346708,4.85,1.85,insn per cycle
    60.007711861,6769760,,OFFCORE_REQUESTS_OUTSTANDING.L3_MISS_DEMAND_DATA_RD_GE_6,500022888,4.92,,
    60.007711861,698595742,,OFFCORE_REQUESTS_OUTSTANDING.CYCLES_WITH_L3_MISS_DEMAND_DATA_RD,500022888,4.92,,
    60.007711861,22372805782,,cpu-cycles,500022888,4.92,,
    60.007711861,22372804643,,ref-cycles,500022888,4.92,,
    60.007711861,41230109602,,instructions,500022888,4.92,1.84,insn per cycle
    60.007711861,16743578698,,UOPS_EXECUTED.CORE_CYCLES_GE_1,500021658,4.92,,
    60.007711861,14241028569,,UOPS_EXECUTED.CORE_CYCLES_GE_2,500021658,4.92,,
    60.007711861,10756735899,,UOPS_EXECUTED.CORE_CYCLES_GE_3,500021658,4.92,,
    60.007711861,2721090566,,UOPS_RETIRED.MACRO_FUSED,500021658,4.92,,
    60.007711861,22373271589,,cpu-cycles,500021658,4.92,,
    60.007711861,22373271528,,ref-cycles,500021658,4.92,,
    60.007711861,41235217272,,instructions,500021658,4.92,1.84,insn per cycle
    60.007711861,575228,,FP_ARITH_INST_RETIRED.SCALAR_SINGLE:u0x03,500022495,4.92,,
    60.007711861,205290,,FP_ARITH_INST_RETIRED.128B_PACKED_DOUBLE:u0xfc,500022495,4.92,,
    60.007711861,48036690,,ICACHE_16B.IFDATA_STALL,500022495,4.92,,
    60.007711861,3575272,,ICACHE_16B.IFDATA_STALL:c1:e1,500022495,4.92,,
    60.007711861,22373210922,,cpu-cycles,500022495,4.92,,
    60.007711861,22373210739,,ref-cycles,500022495,4.92,,
    60.007711861,41275892683,,instructions,500022495,4.92,1.85,insn per cycle
    60.007711861,38496013,,L2_RQSTS.ALL_CODE_RD,500022471,4.92,,
    60.007711861,0,,ITLB_MISSES.WALK_COMPLETED_2M_4M,500022471,4.92,,
    60.007711861,613773538,,L2_LINES_IN.ALL,500022471,4.92,,
    60.007711861,73108350,,MEM_LOAD_RETIRED.L2_MISS,500022471,4.92,,
    60.007711861,22373101247,,cpu-cycles,500022471,4.92,,
    60.007711861,22373099721,,ref-cycles,500022471,4.92,,
    60.007711861,41271175152,,instructions,500022471,4.92,1.85,insn per cycle
    60.007711861,2347877,,L2_RQSTS.CODE_RD_MISS,500023668,4.92,,
    60.007711861,0,,DTLB_LOAD_MISSES.WALK_COMPLETED_2M_4M,500023668,4.92,,
    60.007711861,0,,DTLB_LOAD_MISSES.WALK_COMPLETED_4K,500023668,4.92,,
    60.007711861,0,,DTLB_LOAD_MISSES.WALK_COMPLETED_1G,500023668,4.92,,
    60.007711861,22373218489,,cpu-cycles,500023668,4.92,,
    60.007711861,22373218917,,ref-cycles,500023668,4.92,,
    60.007711861,41216819888,,instructions,500023668,4.92,1.84,insn per cycle
    60.007711861,646579698,,MEM_LOAD_RETIRED.FB_HIT,500021660,4.92,,
    60.007711861,0,,CYCLE_ACTIVITY.CYCLES_MEM_ANY,500021660,4.92,,
    60.007711861,4369001633,,CYCLE_ACTIVITY.CYCLES_L1D_MISS,500021660,4.92,,
    60.007711861,22373061993,,cpu-cycles,500021660,4.92,,
    60.007711861,22373063010,,ref-cycles,500021660,4.92,,
    60.007711861,41269203284,,instructions,500021660,4.92,1.84,insn per cycle
    60.007711861,3367697404,,IDQ.MS_UOPS,500004075,4.92,,
    60.007711861,1399207,,ICACHE_64B.IFTAG_STALL,500004075,4.92,,
    60.007711861,227427652,,DTLB_LOAD_MISSES.STLB_HIT:c1,500004075,4.92,,
    60.007711861,22372113171,,cpu-cycles,500004075,4.92,,
    60.007711861,22372113293,,ref-cycles,500004075,4.92,,
    60.007711861,41291265706,,instructions,500004075,4.92,1.85,insn per cycle
    60.007711861,46817014,,ICACHE_16B.IFDATA_STALL,529139157,5.20,,
    60.007711861,3554577,,ICACHE_16B.IFDATA_STALL:c1:e1,529139157,5.20,,
    60.007711861,44188214,,ARITH.DIVIDER_ACTIVE,529139157,5.20,,
    60.007711861,5691234925,,UOPS_EXECUTED.CORE_CYCLES_NONE,529139157,5.20,,
    60.007711861,22354102756,,cpu-cycles,529139157,5.20,,
    60.007711861,22354104563,,ref-cycles,529139157,5.20,,
    60.007711861,40616437240,,instructions,529139157,5.20,1.82,insn per cycle
    60.007711861,254093873,,CPU_CLK_THREAD_UNHALTED.ONE_THREAD_ACTIVE,522376218,5.14,,
    60.007711861,254093873,,CPU_CLK_THREAD_UNHALTED.REF_XCLK_ANY,522376218,5.14,,
    60.007711861,521220807,,cpu-cycles:k,522376218,5.14,,
    60.007711861,521214830,,ref-cycles:k,522376218,5.14,,
    60.007711861,550126565,,instructions:k,522376218,5.14,9.15,insn per cycle
    60.007711861,27534598149,,IDQ.DSB_UOPS,618274806,6.08,,
    60.007711861,13981485796,,IDQ.MITE_UOPS,618274806,6.08,,
    60.007711861,0,,LSD.UOPS,618274806,6.08,,
    60.007711861,22311800715,,cpu-cycles,618274806,6.08,,
    60.007711861,22311781615,,ref-cycles,618274806,6.08,,
    60.007711861,38806865259,,instructions,618274806,6.08,1.73,insn per cycle
    60.007711861,4872908623,,IDQ.ALL_MITE_CYCLES_ANY_UOPS,500022300,4.92,,
    60.007711861,2083679222,,IDQ.ALL_MITE_CYCLES_4_UOPS,500022300,4.92,,
    60.007711861,22373283181,,cpu-cycles,500022300,4.92,,
    60.007711861,22373282408,,ref-cycles,500022300,4.92,,
    60.007711861,41047350891,,instructions,500022300,4.92,1.84,insn per cycle
    60.007711861,7208387483,,IDQ.ALL_DSB_CYCLES_ANY_UOPS,500022529,4.92,,
    60.007711861,5835557384,,IDQ.ALL_DSB_CYCLES_4_UOPS,500022529,4.92,,
    60.007711861,22373548944,,cpu-cycles,500022529,4.92,,
    60.007711861,22373547479,,ref-cycles,500022529,4.92,,
    60.007711861,41026186254,,instructions,500022529,4.92,1.83,insn per cycle
    60.007711861,255372,,MEM_LOAD_L3_HIT_RETIRED.XSNP_HIT,500022455,4.92,,
    60.007711861,5271137,,MEM_LOAD_L3_HIT_RETIRED.XSNP_HITM,500022455,4.92,,
    60.007711861,22373507591,,cpu-cycles,500022455,4.92,,
    60.007711861,22373506534,,ref-cycles,500022455,4.92,,
    60.007711861,41054303246,,instructions,500022455,4.92,1.84,insn per cycle
    60.007711861,5131873,,UOPS_EXECUTED.X87,500022924,4.92,,
    60.007711861,52715412168,,UOPS_EXECUTED.THREAD,500022924,4.92,,
    60.007711861,22373500432,,cpu-cycles,500022924,4.92,,
    60.007711861,22373500066,,ref-cycles,500022924,4.92,,
    60.007711861,41025929256,,instructions,500022924,4.92,1.83,insn per cycle
    60.007711861,<not supported>,,cstate_core/c6-residency/,0,100.00,,
    60.007711861,<not supported>,,cstate_pkg/c6-residency/,0,100.00,,
    65.008335578,22367937058,,CORE_POWER.LVL0_TURBO_LICENSE,250102183,2.46,,
    65.008335578,0,,CORE_POWER.LVL1_TURBO_LICENSE,250102183,2.46,,
    65.008335578,0,,CORE_POWER.LVL2_TURBO_LICENSE,250102183,2.46,,
    65.008335578,1424280938,,L1D.REPLACEMENT,250102183,2.46,,
    65.008335578,22367937058,,cpu-cycles,250102183,2.46,,
    65.008335578,22367936285,,ref-cycles,250102183,2.46,,
    65.008335578,40916065400,,instructions,250102183,2.46,1.83,insn per cycle
    65.008335578,7151517,,MACHINE_CLEARS.COUNT,492235107,4.84,,
    65.008335578,30344849,,BR_MISP_RETIRED.ALL_BRANCHES,492235107,4.84,,
    65.008335578,155628461,,INT_MISC.CLEAR_RESTEER_CYCLES,492235107,4.84,,
    65.008335578,12982946224,,MEM_LOAD_RETIRED.L1_HIT,492235107,4.84,,
    65.008335578,22373024358,,cpu-cycles,492235107,4.84,,
    65.008335578,22373018387,,ref-cycles,492235107,4.84,,
    65.008335578,41012844047,,instructions,492235107,4.84,1.83,insn per cycle
    65.008335578,47477776720,,UOPS_ISSUED.ANY,500022707,4.92,,
    65.008335578,45071331513,,UOPS_RETIRED.RETIRE_SLOTS,500022707,4.92,,
    65.008335578,187807302,,INT_MISC.RECOVERY_CYCLES_ANY,500022707,4.92,,
    65.008335578,187807302,,INT_MISC.RECOVERY_CYCLES,500022707,4.92,,
    65.008335578,22371353858,,cpu-cycles,500022707,4.92,,
    65.008335578,22371352780,,ref-cycles,500022707,4.92,,
    65.008335578,40990211847,,instructions,500022707,4.92,1.83,insn per cycle
    65.008335578,22371453607,,CPU_CLK_UNHALTED.THREAD_ANY,500022512,4.92,,
    65.008335578,8206574695,,IDQ_UOPS_NOT_DELIVERED.CORE,500022512,4.92,,
    65.008335578,3813437363,,CYCLE_ACTIVITY.STALLS_MEM_ANY,500022512,4.92,,
    65.008335578,5724576790,,CYCLE_ACTIVITY.STALLS_TOTAL,500022512,4.92,,
    65.008335578,22371453607,,cpu-cycles,500022512,4.92,,
    65.008335578,22371454421,,ref-cycles,500022512,4.92,,
    65.008335578,40992492508,,instructions,500022512,4.92,1.83,insn per cycle
    65.008335578,2470926494,,EXE_ACTIVITY.1_PORTS_UTIL,500023083,4.92,,
    65.008335578,3460789305,,EXE_ACTIVITY.2_PORTS_UTIL,500023083,4.92,,
    65.008335578,1532196732,,EXE_ACTIVITY.BOUND_ON_STORES,500023083,4.92,,
    65.008335578,90348879,,EXE_ACTIVITY.EXE_BOUND_0_PORTS,500023083,4.92,,
    65.008335578,22371244340,,cpu-cycles,500023083,4.92,,
    65.008335578,22371245785,,ref-cycles,500023083,4.92,,
    65.008335578,40942478608,,instructions,500023083,4.92,1.83,insn per cycle
    65.008335578,337902152,,MEM_LOAD_RETIRED.L2_HIT,500022171,4.92,,
    65.008335578,641841129,,MEM_LOAD_RETIRED.FB_HIT,500022171,4.92,,
    65.008335578,410738965,,MEM_LOAD_RETIRED.L1_MISS,500022171,4.92,,
    65.008335578,536637003,,L1D_PEND_MISS.FB_FULL:c1,500022171,4.92,,
    65.008335578,22371306382,,cpu-cycles,500022171,4.92,,
    65.008335578,22371304002,,ref-cycles,500022171,4.92,,
    65.008335578,40970451466,,instructions,500022171,4.92,1.83,insn per cycle
    65.008335578,1530678807,,CYCLE_ACTIVITY.STALLS_L1D_MISS,500022771,4.92,,
    65.008335578,1045016942,,CYCLE_ACTIVITY.STALLS_L2_MISS,500022771,4.92,,
    65.008335578,461056536,,CYCLE_ACTIVITY.STALLS_L3_MISS,500022771,4.92,,
    65.008335578,6127073202,,OFFCORE_REQUESTS_OUTSTANDING.CYCLES_WITH_DEMAND_RFO,500022771,4.92,,
    65.008335578,22371279600,,cpu-cycles,500022771,4.92,,
    65.008335578,22371279600,,ref-cycles,500022771,4.92,,
    65.008335578,40933610273,,instructions,500022771,4.92,1.83,insn per cycle
    65.008335578,6915,,ITLB_MISSES.WALK_COMPLETED,500022772,4.92,,
    65.008335578,379814,,ITLB_MISSES.WALK_ACTIVE,500022772,4.92,,
    65.008335578,0,,DTLB_LOAD_MISSES.WALK_COMPLETED,500022772,4.92,,
    65.008335578,76886,,DTLB_LOAD_MISSES.WALK_ACTIVE,500022772,4.92,,
    65.008335578,22371340885,,cpu-cycles,500022772,4.92,,
    65.008335578,22371342391,,ref-cycles,500022772,4.92,,
    65.008335578,41018147938,,instructions,500022772,4.92,1.83,insn per cycle
    65.008335578,4251,,DTLB_STORE_MISSES.WALK_COMPLETED,500002740,4.92,,
    65.008335578,265939,,DTLB_STORE_MISSES.WALK_ACTIVE,500002740,4.92,,
    65.008335578,757728204,,IDQ_UOPS_NOT_DELIVERED.CYCLES_0_UOPS_DELIV.CORE,500002740,4.92,,
    65.008335578,1092969,,BACLEARS.ANY,500002740,4.92,,
    65.008335578,22370194731,,cpu-cycles,500002740,4.92,,
    65.008335578,22370193266,,ref-cycles,500002740,4.92,,
    65.008335578,41001172694,,instructions,500002740,4.92,1.83,insn per cycle
    65.008335578,7585755,,MEM_INST_RETIRED.LOCK_LOADS,500022756,4.92,,
    65.008335578,403847442,,L2_RQSTS.ALL_RFO,500022756,4.92,,
    65.008335578,6765840437,,MEM_INST_RETIRED.ALL_STORES,500022756,4.92,,
    65.008335578,166475639,,L2_RQSTS.RFO_HIT,500022756,4.92,,
    65.008335578,22371539532,,cpu-cycles,500022756,4.92,,
    65.008335578,22371539573,,ref-cycles,500022756,4.92,,
    65.008335578,45814657048,,instructions,500022756,4.92,2.05,insn per cycle
    65.008335578,3414533,,OFFCORE_REQUESTS_OUTSTANDING.L3_MISS_DEMAND_DATA_RD_GE_6,500021887,4.92,,
    65.008335578,350804002,,OFFCORE_REQUESTS_OUTSTANDING.CYCLES_WITH_L3_MISS_DEMAND_DATA_RD,500021887,4.92,,
    65.008335578,22371539129,,cpu-cycles,500021887,4.92,,
    65.008335578,22371537014,,ref-cycles,500021887,4.92,,
    65.008335578,53508040092,,instructions,500021887,4.92,2.39,insn per cycle
    65.008335578,18885434661,,UOPS_EXECUTED.CORE_CYCLES_GE_1,500022679,4.92,,
    65.008335578,16219211480,,UOPS_EXECUTED.CORE_CYCLES_GE_2,500022679,4.92,,
    65.008335578,12677023151,,UOPS_EXECUTED.CORE_CYCLES_GE_3,500022679,4.92,,
    65.008335578,4980573385,,UOPS_RETIRED.MACRO_FUSED,500022679,4.92,,
    65.008335578,22372387473,,cpu-cycles,500022679,4.92,,
    65.008335578,22372387310,,ref-cycles,500022679,4.92,,
    65.008335578,53540051426,,instructions,500022679,4.92,2.39,insn per cycle
    65.008335578,33949837,,FP_ARITH_INST_RETIRED.SCALAR_SINGLE:u0x03,500022583,4.92,,
    65.008335578,16872983,,FP_ARITH_INST_RETIRED.128B_PACKED_DOUBLE:u0xfc,500022583,4.92,,
    65.008335578,28279689,,ICACHE_16B.IFDATA_STALL,500022583,4.92,,
    65.008335578,2426314,,ICACHE_16B.IFDATA_STALL:c1:e1,500022583,4.92,,
    65.008335578,22372282662,,cpu-cycles,500022583,4.92,,
    65.008335578,22372281218,,ref-cycles,500022583,4.92,,
    65.008335578,53499220129,,instructions,500022583,4.92,2.39,insn per cycle
    65.008335578,30671798,,L2_RQSTS.ALL_CODE_RD,500022843,4.92,,
    65.008335578,0,,ITLB_MISSES.WALK_COMPLETED_2M_4M,500022843,4.92,,
    65.008335578,319464398,,L2_LINES_IN.ALL,500022843,4.92,,
    65.008335578,43184483,,MEM_LOAD_RETIRED.L2_MISS,500022843,4.92,,
    65.008335578,22372212210,,cpu-cycles,500022843,4.92,,
    65.008335578,22372211905,,ref-cycles,500022843,4.92,,
    65.008335578,53440868480,,instructions,500022843,4.92,2.39,insn per cycle
    65.008335578,1414995,,L2_RQSTS.CODE_RD_MISS,500022334,4.92,,
    65.008335578,0,,DTLB_LOAD_MISSES.WALK_COMPLETED_2M_4M,500022334,4.92,,
    65.008335578,122,,DTLB_LOAD_MISSES.WALK_COMPLETED_4K,500022334,4.92,,
    65.008335578,0,,DTLB_LOAD_MISSES.WALK_COMPLETED_1G,500022334,4.92,,
    65.008335578,22372318616,,cpu-cycles,500022334,4.92,,
    65.008335578,22372317131,,ref-cycles,500022334,4.92,,
    65.008335578,53476318158,,instructions,500022334,4.92,2.39,insn per cycle
    65.008335578,346767405,,MEM_LOAD_RETIRED.FB_HIT,500022912,4.92,,
    65.008335578,0,,CYCLE_ACTIVITY.CYCLES_MEM_ANY,500022912,4.92,,
    65.008335578,2528897011,,CYCLE_ACTIVITY.CYCLES_L1D_MISS,500022912,4.92,,
    65.008335578,22372358739,,cpu-cycles,500022912,4.92,,
    65.008335578,22372360224,,ref-cycles,500022912,4.92,,
    65.008335578,53487742631,,instructions,500022912,4.92,2.39,insn per cycle
    65.008335578,3095685103,,IDQ.MS_UOPS,500023027,4.92,,
    65.008335578,2015256,,ICACHE_64B.IFTAG_STALL,500023027,4.92,,
    65.008335578,116966815,,DTLB_LOAD_MISSES.STLB_HIT:c1,500023027,4.92,,
    65.008335578,22372445582,,cpu-cycles,500023027,4.92,,
    65.008335578,22372444077,,ref-cycles,500023027,4.92,,
    65.008335578,53470868447,,instructions,500023027,4.92,2.39,insn per cycle
    65.008335578,46190693,,ICACHE_16B.IFDATA_STALL,259361581,2.55,,
    65.008335578,3820353,,ICACHE_16B.IFDATA_STALL:c1:e1,259361581,2.55,,
    65.008335578,44957881,,ARITH.DIVIDER_ACTIVE,259361581,2.55,,
    65.008335578,5581041008,,UOPS_EXECUTED.CORE_CYCLES_NONE,259361581,2.55,,
    65.008335578,22369850789,,cpu-cycles,259361581,2.55,,
    65.008335578,22369852514,,ref-cycles,259361581,2.55,,
    65.008335578,41864825043,,instructions,259361581,2.55,1.87,insn per cycle
    65.008335578,254222294,,CPU_CLK_THREAD_UNHALTED.ONE_THREAD_ACTIVE,250011673,2.46,,
    65.008335578,254222294,,CPU_CLK_THREAD_UNHALTED.REF_XCLK_ANY,250011673,2.46,,
    65.008335578,14045717,,cpu-cycles:k,250011673,2.46,,
    65.008335578,14047507,,ref-cycles:k,250011673,2.46,,
    65.008335578,8796900,,instructions:k,250011673,2.46,0.16,insn per cycle
    65.008335578,25700787059,,IDQ.DSB_UOPS,355723406,3.50,,
    65.008335578,14145900923,,IDQ.MITE_UOPS,355723406,3.50,,
    65.008335578,0,,LSD.UOPS,355723406,3.50,,
    65.008335578,22273814339,,cpu-cycles,355723406,3.50,,
    65.008335578,22273783346,,ref-cycles,355723406,3.50,,
    65.008335578,37561382281,,instructions,355723406,3.50,1.68,insn per cycle
    65.008335578,5583225968,,IDQ.ALL_MITE_CYCLES_ANY_UOPS,313169248,3.08,,
    65.008335578,2313351344,,IDQ.ALL_MITE_CYCLES_4_UOPS,313169248,3.08,,
    65.008335578,22311260026,,cpu-cycles,313169248,3.08,,
    65.008335578,22311236870,,ref-cycles,313169248,3.08,,
    65.008335578,38656162661,,instructions,313169248,3.08,1.73,insn per cycle
    65.008335578,7175571368,,IDQ.ALL_DSB_CYCLES_ANY_UOPS,250010782,2.46,,
    65.008335578,5810282242,,IDQ.ALL_DSB_CYCLES_4_UOPS,250010782,2.46,,
    65.008335578,22371649976,,cpu-cycles,250010782,2.46,,
    65.008335578,22371650383,,ref-cycles,250010782,2.46,,
    65.008335578,40923979412,,instructions,250010782,2.46,1.83,insn per cycle
    65.008335578,240341,,MEM_LOAD_L3_HIT_RETIRED.XSNP_HIT,250011311,2.46,,
    65.008335578,4989078,,MEM_LOAD_L3_HIT_RETIRED.XSNP_HITM,250011311,2.46,,
    65.008335578,22371613395,,cpu-cycles,250011311,2.46,,
    65.008335578,22371611646,,ref-cycles,250011311,2.46,,
    65.008335578,41052945627,,instructions,250011311,2.46,1.84,insn per cycle
    65.008335578,5091974,,UOPS_EXECUTED.X87,250012444,2.46,,
    65.008335578,52637994059,,UOPS_EXECUTED.THREAD,250012444,2.46,,
    65.008335578,22371658173,,cpu-cycles,250012444,2.46,,
    65.008335578,22371659068,,ref-cycles,250012444,2.46,,
    65.008335578,40932939682,,instructions,250012444,2.46,1.83,insn per cycle
    65.008335578,<not supported>,,cstate_core/c6-residency/,0,100.00,,
    65.008335578,<not supported>,,cstate_pkg/c6-residency/,0,100.00,,
    70.008975358,22371087730,,CORE_POWER.LVL0_TURBO_LICENSE,500022569,4.92,,
    70.008975358,0,,CORE_POWER.LVL1_TURBO_LICENSE,500022569,4.92,,
    70.008975358,0,,CORE_POWER.LVL2_TURBO_LICENSE,500022569,4.92,,
    70.008975358,106780395,,L1D.REPLACEMENT,500022569,4.92,,
    70.008975358,22371087730,,cpu-cycles,500022569,4.92,,
    70.008975358,22371089520,,ref-cycles,500022569,4.92,,
    70.008975358,65915636497,,instructions,500022569,4.92,2.95,insn per cycle
    70.008975358,537678,,MACHINE_CLEARS.COUNT,500022781,4.92,,
    70.008975358,2490338,,BR_MISP_RETIRED.ALL_BRANCHES,500022781,4.92,,
    70.008975358,22273363,,INT_MISC.CLEAR_RESTEER_CYCLES,500022781,4.92,,
    70.008975358,19466026726,,MEM_LOAD_RETIRED.L1_HIT,500022781,4.92,,
    70.008975358,22370963466,,cpu-cycles,500022781,4.92,,
    70.008975358,22370962184,,ref-cycles,500022781,4.92,,
    70.008975358,65926426381,,instructions,500022781,4.92,2.95,insn per cycle
    70.008975358,65398416885,,UOPS_ISSUED.ANY,500022608,4.92,,
    70.008975358,65014551941,,UOPS_RETIRED.RETIRE_SLOTS,500022608,4.92,,
    70.008975358,18281344,,INT_MISC.RECOVERY_CYCLES_ANY,500022608,4.92,,
    70.008975358,18281344,,INT_MISC.RECOVERY_CYCLES,500022608,4.92,,
    70.008975358,22371046556,,cpu-cycles,500022608,4.92,,
    70.008975358,22371048203,,ref-cycles,500022608,4.92,,
    70.008975358,65917115168,,instructions,500022608,4.92,2.95,insn per cycle
    70.008975358,22370973064,,CPU_CLK_UNHALTED.THREAD_ANY,500022573,4.92,,
    70.008975358,16150402468,,IDQ_UOPS_NOT_DELIVERED.CORE,500022573,4.92,,
    70.008975358,1128319801,,CYCLE_ACTIVITY.STALLS_MEM_ANY,500022573,4.92,,
    70.008975358,1305243070,,CYCLE_ACTIVITY.STALLS_TOTAL,500022573,4.92,,
    70.008975358,22370973064,,cpu-cycles,500022573,4.92,,
    70.008975358,22370973430,,ref-cycles,500022573,4.92,,
    70.008975358,65953519707,,instructions,500022573,4.92,2.95,insn per cycle
    70.008975358,2828088305,,EXE_ACTIVITY.1_PORTS_UTIL,500022619,4.92,,
    70.008975358,3582514898,,EXE_ACTIVITY.2_PORTS_UTIL,500022619,4.92,,
    70.008975358,127213541,,EXE_ACTIVITY.BOUND_ON_STORES,500022619,4.92,,
    70.008975358,7054185,,EXE_ACTIVITY.EXE_BOUND_0_PORTS,500022619,4.92,,
    70.008975358,22370914415,,cpu-cycles,500022619,4.92,,
    70.008975358,22370914394,,ref-cycles,500022619,4.92,,
    70.008975358,65917602312,,instructions,500022619,4.92,2.95,insn per cycle
    70.008975358,50487801,,MEM_LOAD_RETIRED.L2_HIT,500022767,4.92,,
    70.008975358,51629621,,MEM_LOAD_RETIRED.FB_HIT,500022767,4.92,,
    70.008975358,64041179,,MEM_LOAD_RETIRED.L1_MISS,500022767,4.92,,
    70.008975358,5726268,,L1D_PEND_MISS.FB_FULL:c1,500022767,4.92,,
    70.008975358,22370854390,,cpu-cycles,500022767,4.92,,
    70.008975358,22370854573,,ref-cycles,500022767,4.92,,
    70.008975358,65888076851,,instructions,500022767,4.92,2.95,insn per cycle
    70.008975358,185568594,,CYCLE_ACTIVITY.STALLS_L1D_MISS,500022471,4.92,,
    70.008975358,67857799,,CYCLE_ACTIVITY.STALLS_L2_MISS,500022471,4.92,,
    70.008975358,3551315,,CYCLE_ACTIVITY.STALLS_L3_MISS,500022471,4.92,,
    70.008975358,208750948,,OFFCORE_REQUESTS_OUTSTANDING.CYCLES_WITH_DEMAND_RFO,500022471,4.92,,
    70.008975358,22370838967,,cpu-cycles,500022471,4.92,,
    70.008975358,22370839801,,ref-cycles,500022471,4.92,,
    70.008975358,65934275185,,instructions,500022471,4.92,2.95,insn per cycle
    70.008975358,28636,,ITLB_MISSES.WALK_COMPLETED,500022617,4.92,,
    70.008975358,924915,,ITLB_MISSES.WALK_ACTIVE,500022617,4.92,,
    70.008975358,0,,DTLB_LOAD_MISSES.WALK_COMPLETED,500022617,4.92,,
    70.008975358,30690,,DTLB_LOAD_MISSES.WALK_ACTIVE,500022617,4.92,,
    70.008975358,22370862550,,cpu-cycles,500022617,4.92,,
    70.008975358,22370862407,,ref-cycles,500022617,4.92,,
    70.008975358,65934723547,,instructions,500022617,4.92,2.95,insn per cycle
    70.008975358,0,,DTLB_STORE_MISSES.WALK_COMPLETED,500022635,4.92,,
    70.008975358,0,,DTLB_STORE_MISSES.WALK_ACTIVE,500022635,4.92,,
    70.008975358,771318693,,IDQ_UOPS_NOT_DELIVERED.CYCLES_0_UOPS_DELIV.CORE,500022635,4.92,,
    70.008975358,54933,,BACLEARS.ANY,500022635,4.92,,
    70.008975358,22370918599,,cpu-cycles,500022635,4.92,,
    70.008975358,22370918498,,ref-cycles,500022635,4.92,,
    70.008975358,65954059791,,instructions,500022635,4.92,2.95,insn per cycle
    70.008975358,13977,,MEM_INST_RETIRED.LOCK_LOADS,260467264,2.56,,
    70.008975358,21467109,,L2_RQSTS.ALL_RFO,260467264,2.56,,
    70.008975358,8049748267,,MEM_INST_RETIRED.ALL_STORES,260467264,2.56,,
    70.008975358,11416656,,L2_RQSTS.RFO_HIT,260467264,2.56,,
    70.008975358,22369462757,,cpu-cycles,260467264,2.56,,
    70.008975358,22369469004,,ref-cycles,260467264,2.56,,
    70.008975358,65966380276,,instructions,260467264,2.56,2.95,insn per cycle
    70.008975358,11063,,OFFCORE_REQUESTS_OUTSTANDING.L3_MISS_DEMAND_DATA_RD_GE_6,250011101,2.46,,
    70.008975358,6196334,,OFFCORE_REQUESTS_OUTSTANDING.CYCLES_WITH_L3_MISS_DEMAND_DATA_RD,250011101,2.46,,
    70.008975358,22370890098,,cpu-cycles,250011101,2.46,,
    70.008975358,22370888105,,ref-cycles,250011101,2.46,,
    70.008975358,65868662185,,instructions,250011101,2.46,2.94,insn per cycle
    70.008975358,21061993125,,UOPS_EXECUTED.CORE_CYCLES_GE_1,250011378,2.46,,
    70.008975358,18237039488,,UOPS_EXECUTED.CORE_CYCLES_GE_2,250011378,2.46,,
    70.008975358,14634301554,,UOPS_EXECUTED.CORE_CYCLES_GE_3,250011378,2.46,,
    70.008975358,7247891581,,UOPS_RETIRED.MACRO_FUSED,250011378,2.46,,
    70.008975358,22371020128,,cpu-cycles,250011378,2.46,,
    70.008975358,22371023341,,ref-cycles,250011378,2.46,,
    70.008975358,66005195431,,instructions,250011378,2.46,2.95,insn per cycle
    70.008975358,67349217,,FP_ARITH_INST_RETIRED.SCALAR_SINGLE:u0x03,250011307,2.46,,
    70.008975358,33553068,,FP_ARITH_INST_RETIRED.128B_PACKED_DOUBLE:u0xfc,250011307,2.46,,
    70.008975358,7894518,,ICACHE_16B.IFDATA_STALL,250011307,2.46,,
    70.008975358,1050340,,ICACHE_16B.IFDATA_STALL:c1:e1,250011307,2.46,,
    70.008975358,22370858365,,cpu-cycles,250011307,2.46,,
    70.008975358,22370859504,,ref-cycles,250011307,2.46,,
    70.008975358,65843571267,,instructions,250011307,2.46,2.94,insn per cycle
    70.008975358,18896728,,L2_RQSTS.ALL_CODE_RD,250011415,2.46,,
    70.008975358,0,,ITLB_MISSES.WALK_COMPLETED_2M_4M,250011415,2.46,,
    70.008975358,28924585,,L2_LINES_IN.ALL,250011415,2.46,,
    70.008975358,13573437,,MEM_LOAD_RETIRED.L2_MISS,250011415,2.46,,
    70.008975358,22370796070,,cpu-cycles,250011415,2.46,,
    70.008975358,22370795297,,ref-cycles,250011415,2.46,,
    70.008975358,65926972611,,instructions,250011415,2.46,2.95,insn per cycle
    70.008975358,405175,,L2_RQSTS.CODE_RD_MISS,250011265,2.46,,
    70.008975358,0,,DTLB_LOAD_MISSES.WALK_COMPLETED_2M_4M,250011265,2.46,,
    70.008975358,122,,DTLB_LOAD_MISSES.WALK_COMPLETED_4K,250011265,2.46,,
    70.008975358,0,,DTLB_LOAD_MISSES.WALK_COMPLETED_1G,250011265,2.46,,
    70.008975358,22370766740,,cpu-cycles,250011265,2.46,,
    70.008975358,22370764828,,ref-cycles,250011265,2.46,,
    70.008975358,65936587740,,instructions,250011265,2.46,2.95,insn per cycle
    70.008975358,51618898,,MEM_LOAD_RETIRED.FB_HIT,250011411,2.46,,
    70.008975358,0,,CYCLE_ACTIVITY.CYCLES_MEM_ANY,250011411,2.46,,
    70.008975358,700789027,,CYCLE_ACTIVITY.CYCLES_L1D_MISS,250011411,2.46,,
    70.008975358,22370762499,,cpu-cycles,250011411,2.46,,
    70.008975358,22370759408,,ref-cycles,250011411,2.46,,
    70.008975358,65915442717,,instructions,250011411,2.46,2.95,insn per cycle
    70.008975358,2818718484,,IDQ.MS_UOPS,249998427,2.46,,
    70.008975358,2971994,,ICACHE_64B.IFTAG_STALL,249998427,2.46,,
    70.008975358,10445770,,DTLB_LOAD_MISSES.STLB_HIT:c1,249998427,2.46,,
    70.008975358,22369946865,,cpu-cycles,249998427,2.46,,
    70.008975358,22369947353,,ref-cycles,249998427,2.46,,
    70.008975358,65935404883,,instructions,249998427,2.46,2.95,insn per cycle
    70.008975358,7892745,,ICACHE_16B.IFDATA_STALL,490671603,4.82,,
    70.008975358,1059433,,ICACHE_16B.IFDATA_STALL:c1:e1,490671603,4.82,,
    70.008975358,814145,,ARITH.DIVIDER_ACTIVE,490671603,4.82,,
    70.008975358,1292568156,,UOPS_EXECUTED.CORE_CYCLES_NONE,490671603,4.82,,
    70.008975358,22371826491,,cpu-cycles,490671603,4.82,,
    70.008975358,22371826927,,ref-cycles,490671603,4.82,,
    70.008975358,65914072383,,instructions,490671603,4.82,2.95,insn per cycle
    70.008975358,254207776,,CPU_CLK_THREAD_UNHALTED.ONE_THREAD_ACTIVE,500022516,4.92,,
    70.008975358,254207776,,CPU_CLK_THREAD_UNHALTED.REF_XCLK_ANY,500022516,4.92,,
    70.008975358,19298696,,cpu-cycles:k,500022516,4.92,,
    70.008975358,19241587,,ref-cycles:k,500022516,4.92,,
    70.008975358,15206761,,instructions:k,500022516,4.92,0.28,insn per cycle
    70.008975358,34694930628,,IDQ.DSB_UOPS,500022606,4.92,,
    70.008975358,27328092745,,IDQ.MITE_UOPS,500022606,4.92,,
    70.008975358,0,,LSD.UOPS,500022606,4.92,,
    70.008975358,22371020893,,cpu-cycles,500022606,4.92,,
    70.008975358,22371022601,,ref-cycles,500022606,4.92,,
    70.008975358,65952063857,,instructions,500022606,4.92,2.95,insn per cycle
    70.008975358,10778571864,,IDQ.ALL_MITE_CYCLES_ANY_UOPS,558584602,5.49,,
    70.008975358,3924301347,,IDQ.ALL_MITE_CYCLES_4_UOPS,558584602,5.49,,
    70.008975358,22341040540,,cpu-cycles,558584602,5.49,,
    70.008975358,22341036262,,ref-cycles,558584602,5.49,,
    70.008975358,62140115795,,instructions,558584602,5.49,2.78,insn per cycle
    70.008975358,6790034412,,IDQ.ALL_DSB_CYCLES_ANY_UOPS,609255114,5.99,,
    70.008975358,5231439465,,IDQ.ALL_DSB_CYCLES_4_UOPS,609255114,5.99,,
    70.008975358,22321239225,,cpu-cycles,609255114,5.99,,
    70.008975358,22321245234,,ref-cycles,609255114,5.99,,
    70.008975358,59401238961,,instructions,609255114,5.99,2.66,insn per cycle
    70.008975358,0,,MEM_LOAD_L3_HIT_RETIRED.XSNP_HIT,500022698,4.92,,
    70.008975358,223779,,MEM_LOAD_L3_HIT_RETIRED.XSNP_HITM,500022698,4.92,,
    70.008975358,22371195854,,cpu-cycles,500022698,4.92,,
    70.008975358,22371196383,,ref-cycles,500022698,4.92,,
    70.008975358,65944889382,,instructions,500022698,4.92,2.95,insn per cycle
    70.008975358,55563,,UOPS_EXECUTED.X87,500022463,4.92,,
    70.008975358,70112035072,,UOPS_EXECUTED.THREAD,500022463,4.92,,
    70.008975358,22371172458,,cpu-cycles,500022463,4.92,,
    70.008975358,22371174411,,ref-cycles,500022463,4.92,,
    70.008975358,65906175386,,instructions,500022463,4.92,2.95,insn per cycle
    70.008975358,<not supported>,,cstate_core/c6-residency/,0,100.00,,
    70.008975358,<not supported>,,cstate_pkg/c6-residency/,0,100.00,,
    75.009575233,22375086612,,CORE_POWER.LVL0_TURBO_LICENSE,500089962,4.92,,
    75.009575233,0,,CORE_POWER.LVL1_TURBO_LICENSE,500089962,4.92,,
    75.009575233,0,,CORE_POWER.LVL2_TURBO_LICENSE,500089962,4.92,,
    75.009575233,106985778,,L1D.REPLACEMENT,500089962,4.92,,
    75.009575233,22375086612,,cpu-cycles,500089962,4.92,,
    75.009575233,22375084679,,ref-cycles,500089962,4.92,,
    75.009575233,65972784665,,instructions,500089962,4.92,2.95,insn per cycle
    75.009575233,535319,,MACHINE_CLEARS.COUNT,261524578,2.57,,
    75.009575233,2500166,,BR_MISP_RETIRED.ALL_BRANCHES,261524578,2.57,,
    75.009575233,22477539,,INT_MISC.CLEAR_RESTEER_CYCLES,261524578,2.57,,
    75.009575233,19484280369,,MEM_LOAD_RETIRED.L1_HIT,261524578,2.57,,
    75.009575233,22375471475,,cpu-cycles,261524578,2.57,,
    75.009575233,22375479332,,ref-cycles,261524578,2.57,,
    75.009575233,65986559948,,instructions,261524578,2.57,2.95,insn per cycle
    75.009575233,65421686394,,UOPS_ISSUED.ANY,250011270,2.46,,
    75.009575233,65036145549,,UOPS_RETIRED.RETIRE_SLOTS,250011270,2.46,,
    75.009575233,18317992,,INT_MISC.RECOVERY_CYCLES_ANY,250011270,2.46,,
    75.009575233,18317992,,INT_MISC.RECOVERY_CYCLES,250011270,2.46,,
    75.009575233,22376685901,,cpu-cycles,250011270,2.46,,
    75.009575233,22376685860,,ref-cycles,250011270,2.46,,
    75.009575233,65935160485,,instructions,250011270,2.46,2.95,insn per cycle
    75.009575233,22376622594,,CPU_CLK_UNHALTED.THREAD_ANY,250011214,2.46,,
    75.009575233,16140786133,,IDQ_UOPS_NOT_DELIVERED.CORE,250011214,2.46,,
    75.009575233,1135316176,,CYCLE_ACTIVITY.STALLS_MEM_ANY,250011214,2.46,,
    75.009575233,1311168510,,CYCLE_ACTIVITY.STALLS_TOTAL,250011214,2.46,,
    75.009575233,22376622594,,cpu-cycles,250011214,2.46,,
    75.009575233,22376624954,,ref-cycles,250011214,2.46,,
    75.009575233,65982828567,,instructions,250011214,2.46,2.95,insn per cycle
    75.009575233,2831772752,,EXE_ACTIVITY.1_PORTS_UTIL,250011267,2.46,,
    75.009575233,3601897651,,EXE_ACTIVITY.2_PORTS_UTIL,250011267,2.46,,
    75.009575233,127320170,,EXE_ACTIVITY.BOUND_ON_STORES,250011267,2.46,,
    75.009575233,7061595,,EXE_ACTIVITY.EXE_BOUND_0_PORTS,250011267,2.46,,
    75.009575233,22376608294,,cpu-cycles,250011267,2.46,,
    75.009575233,22376605812,,ref-cycles,250011267,2.46,,
    75.009575233,65912949252,,instructions,250011267,2.46,2.95,insn per cycle
    75.009575233,50480531,,MEM_LOAD_RETIRED.L2_HIT,250011437,2.46,,
    75.009575233,51703493,,MEM_LOAD_RETIRED.FB_HIT,250011437,2.46,,
    75.009575233,64037842,,MEM_LOAD_RETIRED.L1_MISS,250011437,2.46,,
    75.009575233,5726455,,L1D_PEND_MISS.FB_FULL:c1,250011437,2.46,,
    75.009575233,22376497440,,cpu-cycles,250011437,2.46,,
    75.009575233,22376495406,,ref-cycles,250011437,2.46,,
    75.009575233,65956904632,,instructions,250011437,2.46,2.95,insn per cycle
    75.009575233,185508529,,CYCLE_ACTIVITY.STALLS_L1D_MISS,250011289,2.46,,
    75.009575233,67550172,,CYCLE_ACTIVITY.STALLS_L2_MISS,250011289,2.46,,
    75.009575233,3334199,,CYCLE_ACTIVITY.STALLS_L3_MISS,250011289,2.46,,
    75.009575233,208397849,,OFFCORE_REQUESTS_OUTSTANDING.CYCLES_WITH_DEMAND_RFO,250011289,2.46,,
    75.009575233,22376569820,,cpu-cycles,250011289,2.46,,
    75.009575233,22376568152,,ref-cycles,250011289,2.46,,
    75.009575233,65975525094,,instructions,250011289,2.46,2.95,insn per cycle
    75.009575233,27829,,ITLB_MISSES.WALK_COMPLETED,250011384,2.46,,
    75.009575233,904385,,ITLB_MISSES.WALK_ACTIVE,250011384,2.46,,
    75.009575233,81,,DTLB_LOAD_MISSES.WALK_COMPLETED,250011384,2.46,,
    75.009575233,37309,,DTLB_LOAD_MISSES.WALK_ACTIVE,250011384,2.46,,
    75.009575233,22376726001,,cpu-cycles,250011384,2.46,,
    75.009575233,22376726327,,ref-cycles,250011384,2.46,,
    75.009575233,65957217523,,instructions,250011384,2.46,2.95,insn per cycle
    75.009575233,0,,DTLB_STORE_MISSES.WALK_COMPLETED,250011181,2.46,,
    75.009575233,0,,DTLB_STORE_MISSES.WALK_ACTIVE,250011181,2.46,,
    75.009575233,777194848,,IDQ_UOPS_NOT_DELIVERED.CYCLES_0_UOPS_DELIV.CORE,250011181,2.46,,
    75.009575233,55171,,BACLEARS.ANY,250011181,2.46,,
    75.009575233,22376623410,,cpu-cycles,250011181,2.46,,
    75.009575233,22376623817,,ref-cycles,250011181,2.46,,
    75.009575233,65932785826,,instructions,250011181,2.46,2.95,insn per cycle
    75.009575233,13214,,MEM_INST_RETIRED.LOCK_LOADS,489566893,4.81,,
    75.009575233,21526474,,L2_RQSTS.ALL_RFO,489566893,4.81,,
    75.009575233,8049289668,,MEM_INST_RETIRED.ALL_STORES,489566893,4.81,,
    75.009575233,11464427,,L2_RQSTS.RFO_HIT,489566893,4.81,,
    75.009575233,22377628322,,cpu-cycles,489566893,4.81,,
    75.009575233,22377625517,,ref-cycles,489566893,4.81,,
    75.009575233,65961975039,,instructions,489566893,4.81,2.95,insn per cycle
    75.009575233,4963,,OFFCORE_REQUESTS_OUTSTANDING.L3_MISS_DEMAND_DATA_RD_GE_6,500022639,4.92,,
    75.009575233,5657976,,OFFCORE_REQUESTS_OUTSTANDING.CYCLES_WITH_L3_MISS_DEMAND_DATA_RD,500022639,4.92,,
    75.009575233,22376100879,,cpu-cycles,500022639,4.92,,
    75.009575233,22376102018,,ref-cycles,500022639,4.92,,
    75.009575233,65974104232,,instructions,500022639,4.92,2.95,insn per cycle
    75.009575233,21069246432,,UOPS_EXECUTED.CORE_CYCLES_GE_1,500022515,4.92,,
    75.009575233,18225192296,,UOPS_EXECUTED.CORE_CYCLES_GE_2,500022515,4.92,,
    75.009575233,14626105024,,UOPS_EXECUTED.CORE_CYCLES_GE_3,500022515,4.92,,
    75.009575233,7237617007,,UOPS_RETIRED.MACRO_FUSED,500022515,4.92,,
    75.009575233,22376886326,,cpu-cycles,500022515,4.92,,
    75.009575233,22376883559,,ref-cycles,500022515,4.92,,
    75.009575233,65930710842,,instructions,500022515,4.92,2.95,insn per cycle
    75.009575233,67337178,,FP_ARITH_INST_RETIRED.SCALAR_SINGLE:u0x03,500022843,4.92,,
    75.009575233,33546915,,FP_ARITH_INST_RETIRED.128B_PACKED_DOUBLE:u0xfc,500022843,4.92,,
    75.009575233,7836461,,ICACHE_16B.IFDATA_STALL,500022843,4.92,,
    75.009575233,1056226,,ICACHE_16B.IFDATA_STALL:c1:e1,500022843,4.92,,
    75.009575233,22376896298,,cpu-cycles,500022843,4.92,,
    75.009575233,22376896583,,ref-cycles,500022843,4.92,,
    75.009575233,65944542205,,instructions,500022843,4.92,2.95,insn per cycle
    75.009575233,19069480,,L2_RQSTS.ALL_CODE_RD,500022596,4.92,,
    75.009575233,0,,ITLB_MISSES.WALK_COMPLETED_2M_4M,500022596,4.92,,
    75.009575233,28967400,,L2_LINES_IN.ALL,500022596,4.92,,
    75.009575233,13571361,,MEM_LOAD_RETIRED.L2_MISS,500022596,4.92,,
    75.009575233,22376787335,,cpu-cycles,500022596,4.92,,
    75.009575233,22376791526,,ref-cycles,500022596,4.92,,
    75.009575233,65925164000,,instructions,500022596,4.92,2.95,insn per cycle
    75.009575233,403998,,L2_RQSTS.CODE_RD_MISS,500022599,4.92,,
    75.009575233,0,,DTLB_LOAD_MISSES.WALK_COMPLETED_2M_4M,500022599,4.92,,
    75.009575233,40,,DTLB_LOAD_MISSES.WALK_COMPLETED_4K,500022599,4.92,,
    75.009575233,0,,DTLB_LOAD_MISSES.WALK_COMPLETED_1G,500022599,4.92,,
    75.009575233,22376895110,,cpu-cycles,500022599,4.92,,
    75.009575233,22376893116,,ref-cycles,500022599,4.92,,
    75.009575233,65956269146,,instructions,500022599,4.92,2.95,insn per cycle
    75.009575233,51601033,,MEM_LOAD_RETIRED.FB_HIT,500022522,4.92,,
    75.009575233,0,,CYCLE_ACTIVITY.CYCLES_MEM_ANY,500022522,4.92,,
    75.009575233,700502337,,CYCLE_ACTIVITY.CYCLES_L1D_MISS,500022522,4.92,,
    75.009575233,22376898895,,cpu-cycles,500022522,4.92,,
    75.009575233,22376898671,,ref-cycles,500022522,4.92,,
    75.009575233,65952183638,,instructions,500022522,4.92,2.95,insn per cycle
    75.009575233,2819634998,,IDQ.MS_UOPS,500023003,4.92,,
    75.009575233,3200517,,ICACHE_64B.IFTAG_STALL,500023003,4.92,,
    75.009575233,10432619,,DTLB_LOAD_MISSES.STLB_HIT:c1,500023003,4.92,,
    75.009575233,22376962904,,cpu-cycles,500023003,4.92,,
    75.009575233,22376964999,,ref-cycles,500023003,4.92,,
    75.009575233,65929872075,,instructions,500023003,4.92,2.95,insn per cycle
    75.009575233,7806811,,ICACHE_16B.IFDATA_STALL,500022424,4.92,,
    75.009575233,1046137,,ICACHE_16B.IFDATA_STALL:c1:e1,500022424,4.92,,
    75.009575233,820326,,ARITH.DIVIDER_ACTIVE,500022424,4.92,,
    75.009575233,1290495406,,UOPS_EXECUTED.CORE_CYCLES_NONE,500022424,4.92,,
    75.009575233,22376773712,,cpu-cycles,500022424,4.92,,
    75.009575233,22376775584,,ref-cycles,500022424,4.92,,
    75.009575233,65946736121,,instructions,500022424,4.92,2.95,insn per cycle
    75.009575233,254281947,,CPU_CLK_THREAD_UNHALTED.ONE_THREAD_ACTIVE,500022466,4.92,,
    75.009575233,254281947,,CPU_CLK_THREAD_UNHALTED.REF_XCLK_ANY,500022466,4.92,,
    75.009575233,19221175,,cpu-cycles:k,500022466,4.92,,
    75.009575233,19194709,,ref-cycles:k,500022466,4.92,,
    75.009575233,15210946,,instructions:k,500022466,4.92,0.29,insn per cycle
    75.009575233,34593219267,,IDQ.DSB_UOPS,500022498,4.92,,
    75.009575233,27418205391,,IDQ.MITE_UOPS,500022498,4.92,,
    75.009575233,0,,LSD.UOPS,500022498,4.92,,
    75.009575233,22377060385,,cpu-cycles,500022498,4.92,,
    75.009575233,22377060731,,ref-cycles,500022498,4.92,,
    75.009575233,65943367539,,instructions,500022498,4.92,2.95,insn per cycle
    75.009575233,11160052067,,IDQ.ALL_MITE_CYCLES_ANY_UOPS,500022881,4.92,,
    75.009575233,4075330932,,IDQ.ALL_MITE_CYCLES_4_UOPS,500022881,4.92,,
    75.009575233,22377051882,,cpu-cycles,500022881,4.92,,
    75.009575233,22377053875,,ref-cycles,500022881,4.92,,
    75.009575233,65926475716,,instructions,500022881,4.92,2.95,insn per cycle
    75.009575233,7312714855,,IDQ.ALL_DSB_CYCLES_ANY_UOPS,515543002,5.07,,
    75.009575233,5691222092,,IDQ.ALL_DSB_CYCLES_4_UOPS,515543002,5.07,,
    75.009575233,22369723861,,cpu-cycles,515543002,5.07,,
    75.009575233,22369718613,,ref-cycles,515543002,5.07,,
    75.009575233,64835647930,,instructions,515543002,5.07,2.90,insn per cycle
    75.009575233,33,,MEM_LOAD_L3_HIT_RETIRED.XSNP_HIT,601088282,5.91,,
    75.009575233,183765,,MEM_LOAD_L3_HIT_RETIRED.XSNP_HITM,601088282,5.91,,
    75.009575233,22329073011,,cpu-cycles,601088282,5.91,,
    75.009575233,22329080406,,ref-cycles,601088282,5.91,,
    75.009575233,59845571317,,instructions,601088282,5.91,2.68,insn per cycle
    75.009575233,114772,,UOPS_EXECUTED.X87,553842422,5.44,,
    75.009575233,67208671519,,UOPS_EXECUTED.THREAD,553842422,5.44,,
    75.009575233,22349669360,,cpu-cycles,553842422,5.44,,
    75.009575233,22349670150,,ref-cycles,553842422,5.44,,
    75.009575233,62419559520,,instructions,553842422,5.44,2.79,insn per cycle
    75.009575233,<not supported>,,cstate_core/c6-residency/,0,100.00,,
    75.009575233,<not supported>,,cstate_pkg/c6-residency/,0,100.00,,
    80.010188244,22374026905,,CORE_POWER.LVL0_TURBO_LICENSE,250011059,2.46,,
    80.010188244,0,,CORE_POWER.LVL1_TURBO_LICENSE,250011059,2.46,,
    80.010188244,0,,CORE_POWER.LVL2_TURBO_LICENSE,250011059,2.46,,
    80.010188244,106935321,,L1D.REPLACEMENT,250011059,2.46,,
    80.010188244,22374026905,,cpu-cycles,250011059,2.46,,
    80.010188244,22374024383,,ref-cycles,250011059,2.46,,
    80.010188244,65897079606,,instructions,250011059,2.46,2.95,insn per cycle
    80.010188244,539075,,MACHINE_CLEARS.COUNT,488509828,4.80,,
    80.010188244,2487778,,BR_MISP_RETIRED.ALL_BRANCHES,488509828,4.80,,
    80.010188244,22318424,,INT_MISC.CLEAR_RESTEER_CYCLES,488509828,4.80,,
    80.010188244,19458338192,,MEM_LOAD_RETIRED.L1_HIT,488509828,4.80,,
    80.010188244,22374804050,,cpu-cycles,488509828,4.80,,
    80.010188244,22374799053,,ref-cycles,488509828,4.80,,
    80.010188244,65901018427,,instructions,488509828,4.80,2.95,insn per cycle
    80.010188244,65392747561,,UOPS_ISSUED.ANY,500022373,4.92,,
    80.010188244,65008141701,,UOPS_RETIRED.RETIRE_SLOTS,500022373,4.92,,
    80.010188244,18345844,,INT_MISC.RECOVERY_CYCLES_ANY,500022373,4.92,,
    80.010188244,18345844,,INT_MISC.RECOVERY_CYCLES,500022373,4.92,,
    80.010188244,22373159487,,cpu-cycles,500022373,4.92,,
    80.010188244,22373157718,,ref-cycles,500022373,4.92,,
    80.010188244,65913617693,,instructions,500022373,4.92,2.95,insn per cycle
    80.010188244,22373981441,,CPU_CLK_UNHALTED.THREAD_ANY,500022918,4.92,,
    80.010188244,16196447284,,IDQ_UOPS_NOT_DELIVERED.CORE,500022918,4.92,,
    80.010188244,1142975928,,CYCLE_ACTIVITY.STALLS_MEM_ANY,500022918,4.92,,
    80.010188244,1319729981,,CYCLE_ACTIVITY.STALLS_TOTAL,500022918,4.92,,
    80.010188244,22373981441,,cpu-cycles,500022918,4.92,,
    80.010188244,22373978858,,ref-cycles,500022918,4.92,,
    80.010188244,65949073546,,instructions,500022918,4.92,2.95,insn per cycle
    80.010188244,2826139717,,EXE_ACTIVITY.1_PORTS_UTIL,500022218,4.92,,
    80.010188244,3596109785,,EXE_ACTIVITY.2_PORTS_UTIL,500022218,4.92,,
    80.010188244,127019599,,EXE_ACTIVITY.BOUND_ON_STORES,500022218,4.92,,
    80.010188244,7054525,,EXE_ACTIVITY.EXE_BOUND_0_PORTS,500022218,4.92,,
    80.010188244,22373978109,,cpu-cycles,500022218,4.92,,
    80.010188244,22373981180,,ref-cycles,500022218,4.92,,
    80.010188244,65955068564,,instructions,500022218,4.92,2.95,insn per cycle
    80.010188244,50467142,,MEM_LOAD_RETIRED.L2_HIT,500022873,4.92,,
    80.010188244,51652927,,MEM_LOAD_RETIRED.FB_HIT,500022873,4.92,,
    80.010188244,64033953,,MEM_LOAD_RETIRED.L1_MISS,500022873,4.92,,
    80.010188244,5700168,,L1D_PEND_MISS.FB_FULL:c1,500022873,4.92,,
    80.010188244,22373873482,,cpu-cycles,500022873,4.92,,
    80.010188244,22373873095,,ref-cycles,500022873,4.92,,
    80.010188244,65946213921,,instructions,500022873,4.92,2.95,insn per cycle
    80.010188244,185813119,,CYCLE_ACTIVITY.STALLS_L1D_MISS,500022463,4.92,,
    80.010188244,67404625,,CYCLE_ACTIVITY.STALLS_L2_MISS,500022463,4.92,,
    80.010188244,3609447,,CYCLE_ACTIVITY.STALLS_L3_MISS,500022463,4.92,,
    80.010188244,208852449,,OFFCORE_REQUESTS_OUTSTANDING.CYCLES_WITH_DEMAND_RFO,500022463,4.92,,
    80.010188244,22373967421,,cpu-cycles,500022463,4.92,,
    80.010188244,22373967624,,ref-cycles,500022463,4.92,,
    80.010188244,65964260918,,instructions,500022463,4.92,2.95,insn per cycle
    80.010188244,28049,,ITLB_MISSES.WALK_COMPLETED,500022518,4.92,,
    80.010188244,927375,,ITLB_MISSES.WALK_ACTIVE,500022518,4.92,,
    80.010188244,61,,DTLB_LOAD_MISSES.WALK_COMPLETED,500022518,4.92,,
    80.010188244,31487,,DTLB_LOAD_MISSES.WALK_ACTIVE,500022518,4.92,,
    80.010188244,22373966222,,cpu-cycles,500022518,4.92,,
    80.010188244,22373968541,,ref-cycles,500022518,4.92,,
    80.010188244,65953931635,,instructions,500022518,4.92,2.95,insn per cycle
    80.010188244,0,,DTLB_STORE_MISSES.WALK_COMPLETED,500011946,4.92,,
    80.010188244,0,,DTLB_STORE_MISSES.WALK_ACTIVE,500011946,4.92,,
    80.010188244,774794445,,IDQ_UOPS_NOT_DELIVERED.CYCLES_0_UOPS_DELIV.CORE,500011946,4.92,,
    80.010188244,56080,,BACLEARS.ANY,500011946,4.92,,
    80.010188244,22373537042,,cpu-cycles,500011946,4.92,,
    80.010188244,22373536391,,ref-cycles,500011946,4.92,,
    80.010188244,65922961654,,instructions,500011946,4.92,2.95,insn per cycle
    80.010188244,13424,,MEM_INST_RETIRED.LOCK_LOADS,500022915,4.92,,
    80.010188244,21546930,,L2_RQSTS.ALL_RFO,500022915,4.92,,
    80.010188244,8042764007,,MEM_INST_RETIRED.ALL_STORES,500022915,4.92,,
    80.010188244,11493232,,L2_RQSTS.RFO_HIT,500022915,4.92,,
    80.010188244,22373981656,,cpu-cycles,500022915,4.92,,
    80.010188244,22373981656,,ref-cycles,500022915,4.92,,
    80.010188244,65908190551,,instructions,500022915,4.92,2.95,insn per cycle
    80.010188244,522024,,OFFCORE_REQUESTS_OUTSTANDING.L3_MISS_DEMAND_DATA_RD_GE_6,500023214,4.92,,
    80.010188244,133704751,,OFFCORE_REQUESTS_OUTSTANDING.CYCLES_WITH_L3_MISS_DEMAND_DATA_RD,500023214,4.92,,
    80.010188244,22374007731,,cpu-cycles,500023214,4.92,,
    80.010188244,22374007528,,ref-cycles,500023214,4.92,,
    80.010188244,55639052512,,instructions,500023214,4.92,2.49,insn per cycle
    80.010188244,19174136023,,UOPS_EXECUTED.CORE_CYCLES_GE_1,500023347,4.92,,
    80.010188244,16477226101,,UOPS_EXECUTED.CORE_CYCLES_GE_2,500023347,4.92,,
    80.010188244,12856020800,,UOPS_EXECUTED.CORE_CYCLES_GE_3,500023347,4.92,,
    80.010188244,5001398927,,UOPS_RETIRED.MACRO_FUSED,500023347,4.92,,
    80.010188244,22373197114,,cpu-cycles,500023347,4.92,,
    80.010188244,22373197154,,ref-cycles,500023347,4.92,,
    80.010188244,54202353574,,instructions,500023347,4.92,2.42,insn per cycle
    80.010188244,33945171,,FP_ARITH_INST_RETIRED.SCALAR_SINGLE:u0x03,500022530,4.92,,
    80.010188244,16870668,,FP_ARITH_INST_RETIRED.128B_PACKED_DOUBLE:u0xfc,500022530,4.92,,
    80.010188244,27969991,,ICACHE_16B.IFDATA_STALL,500022530,4.92,,
    80.010188244,2473294,,ICACHE_16B.IFDATA_STALL:c1:e1,500022530,4.92,,
    80.010188244,22373067159,,cpu-cycles,500022530,4.92,,
    80.010188244,22373067545,,ref-cycles,500022530,4.92,,
    80.010188244,53605162686,,instructions,500022530,4.92,2.40,insn per cycle
    80.010188244,28840773,,L2_RQSTS.ALL_CODE_RD,500022584,4.92,,
    80.010188244,0,,ITLB_MISSES.WALK_COMPLETED_2M_4M,500022584,4.92,,
    80.010188244,322697676,,L2_LINES_IN.ALL,500022584,4.92,,
    80.010188244,43667680,,MEM_LOAD_RETIRED.L2_MISS,500022584,4.92,,
    80.010188244,22372887878,,cpu-cycles,500022584,4.92,,
    80.010188244,22372883972,,ref-cycles,500022584,4.92,,
    80.010188244,53720271911,,instructions,500022584,4.92,2.40,insn per cycle
    80.010188244,1422855,,L2_RQSTS.CODE_RD_MISS,500022703,4.92,,
    80.010188244,0,,DTLB_LOAD_MISSES.WALK_COMPLETED_2M_4M,500022703,4.92,,
    80.010188244,0,,DTLB_LOAD_MISSES.WALK_COMPLETED_4K,500022703,4.92,,
    80.010188244,0,,DTLB_LOAD_MISSES.WALK_COMPLETED_1G,500022703,4.92,,
    80.010188244,22372842190,,cpu-cycles,500022703,4.92,,
    80.010188244,22372839505,,ref-cycles,500022703,4.92,,
    80.010188244,53738134938,,instructions,500022703,4.92,2.40,insn per cycle
    80.010188244,350687658,,MEM_LOAD_RETIRED.FB_HIT,500022309,4.92,,
    80.010188244,0,,CYCLE_ACTIVITY.CYCLES_MEM_ANY,500022309,4.92,,
    80.010188244,2572191127,,CYCLE_ACTIVITY.CYCLES_L1D_MISS,500022309,4.92,,
    80.010188244,22372896101,,cpu-cycles,500022309,4.92,,
    80.010188244,22372898033,,ref-cycles,500022309,4.92,,
    80.010188244,53750172355,,instructions,500022309,4.92,2.40,insn per cycle
    80.010188244,3099144154,,IDQ.MS_UOPS,500005509,4.92,,
    80.010188244,2219150,,ICACHE_64B.IFTAG_STALL,500005509,4.92,,
    80.010188244,116940804,,DTLB_LOAD_MISSES.STLB_HIT:c1,500005509,4.92,,
    80.010188244,22371752325,,cpu-cycles,500005509,4.92,,
    80.010188244,22371754359,,ref-cycles,500005509,4.92,,
    80.010188244,53781789576,,instructions,500005509,4.92,2.40,insn per cycle
    80.010188244,9847866,,ICACHE_16B.IFDATA_STALL,263048119,2.59,,
    80.010188244,1194604,,ICACHE_16B.IFDATA_STALL:c1:e1,263048119,2.59,,
    80.010188244,3054870,,ARITH.DIVIDER_ACTIVE,263048119,2.59,,
    80.010188244,1506492941,,UOPS_EXECUTED.CORE_CYCLES_NONE,263048119,2.59,,
    80.010188244,22370721173,,cpu-cycles,263048119,2.59,,
    80.010188244,22370708684,,ref-cycles,263048119,2.59,,
    80.010188244,64738504581,,instructions,263048119,2.59,2.89,insn per cycle
    80.010188244,254249591,,CPU_CLK_THREAD_UNHALTED.ONE_THREAD_ACTIVE,250011240,2.46,,
    80.010188244,254249591,,CPU_CLK_THREAD_UNHALTED.REF_XCLK_ANY,250011240,2.46,,
    80.010188244,19383512,,cpu-cycles:k,250011240,2.46,,
    80.010188244,19410647,,ref-cycles:k,250011240,2.46,,
    80.010188244,15287080,,instructions:k,250011240,2.46,0.31,insn per cycle
    80.010188244,34885609532,,IDQ.DSB_UOPS,250011377,2.46,,
    80.010188244,27209326829,,IDQ.MITE_UOPS,250011377,2.46,,
    80.010188244,0,,LSD.UOPS,250011377,2.46,,
    80.010188244,22374130741,,cpu-cycles,250011377,2.46,,
    80.010188244,22374132653,,ref-cycles,250011377,2.46,,
    80.010188244,66010592025,,instructions,250011377,2.46,2.95,insn per cycle
    80.010188244,11115131583,,IDQ.ALL_MITE_CYCLES_ANY_UOPS,250011164,2.46,,
    80.010188244,4043487424,,IDQ.ALL_MITE_CYCLES_4_UOPS,250011164,2.46,,
    80.010188244,22374032244,,cpu-cycles,250011164,2.46,,
    80.010188244,22374029031,,ref-cycles,250011164,2.46,,
    80.010188244,65909737655,,instructions,250011164,2.46,2.95,insn per cycle
    80.010188244,7445383805,,IDQ.ALL_DSB_CYCLES_ANY_UOPS,250011431,2.46,,
    80.010188244,5810244042,,IDQ.ALL_DSB_CYCLES_4_UOPS,250011431,2.46,,
    80.010188244,22374068111,,cpu-cycles,250011431,2.46,,
    80.010188244,22374070105,,ref-cycles,250011431,2.46,,
    80.010188244,65943249347,,instructions,250011431,2.46,2.95,insn per cycle
    80.010188244,0,,MEM_LOAD_L3_HIT_RETIRED.XSNP_HIT,250011246,2.46,,
    80.010188244,219192,,MEM_LOAD_L3_HIT_RETIRED.XSNP_HITM,250011246,2.46,,
    80.010188244,22374085233,,cpu-cycles,250011246,2.46,,
    80.010188244,22374085639,,ref-cycles,250011246,2.46,,
    80.010188244,65986190989,,instructions,250011246,2.46,2.95,insn per cycle
    80.010188244,299894,,UOPS_EXECUTED.X87,419219855,4.12,,
    80.010188244,57841838683,,UOPS_EXECUTED.THREAD,419219855,4.12,,
    80.010188244,22259163205,,cpu-cycles,419219855,4.12,,
    80.010188244,22259167984,,ref-cycles,419219855,4.12,,
    80.010188244,51247125839,,instructions,419219855,4.12,2.29,insn per cycle
    80.010188244,<not supported>,,cstate_core/c6-residency/,0,100.00,,
    80.010188244,<not supported>,,cstate_pkg/c6-residency/,0,100.00,,
    85.010794365,22313525403,,CORE_POWER.LVL0_TURBO_LICENSE,599474584,5.89,,
    85.010794365,0,,CORE_POWER.LVL1_TURBO_LICENSE,599474584,5.89,,
    85.010794365,0,,CORE_POWER.LVL2_TURBO_LICENSE,599474584,5.89,,
    85.010794365,1207955192,,L1D.REPLACEMENT,599474584,5.89,,
    85.010794365,22313525403,,cpu-cycles,599474584,5.89,,
    85.010794365,22313513188,,ref-cycles,599474584,5.89,,
    85.010794365,39522076426,,instructions,599474584,5.89,1.77,insn per cycle
    85.010794365,5589498,,MACHINE_CLEARS.COUNT,508533914,5.00,,
    85.010794365,29043940,,BR_MISP_RETIRED.ALL_BRANCHES,508533914,5.00,,
    85.010794365,150771720,,INT_MISC.CLEAR_RESTEER_CYCLES,508533914,5.00,,
    85.010794365,13026667357,,MEM_LOAD_RETIRED.L1_HIT,508533914,5.00,,
    85.010794365,22365338399,,cpu-cycles,508533914,5.00,,
    85.010794365,22365337439,,ref-cycles,508533914,5.00,,
    85.010794365,41282466303,,instructions,508533914,5.00,1.85,insn per cycle
    85.010794365,47758427677,,UOPS_ISSUED.ANY,511860354,5.03,,
    85.010794365,45433036425,,UOPS_RETIRED.RETIRE_SLOTS,511860354,5.03,,
    85.010794365,185184468,,INT_MISC.RECOVERY_CYCLES_ANY,511860354,5.03,,
    85.010794365,185184468,,INT_MISC.RECOVERY_CYCLES,511860354,5.03,,
    85.010794365,22362225322,,cpu-cycles,511860354,5.03,,
    85.010794365,22362227309,,ref-cycles,511860354,5.03,,
    85.010794365,41237158510,,instructions,511860354,5.03,1.84,insn per cycle
    85.010794365,22362645655,,CPU_CLK_UNHALTED.THREAD_ANY,514766470,5.06,,
    85.010794365,8555485390,,IDQ_UOPS_NOT_DELIVERED.CORE,514766470,5.06,,
    85.010794365,3967879350,,CYCLE_ACTIVITY.STALLS_MEM_ANY,514766470,5.06,,
    85.010794365,5594480279,,CYCLE_ACTIVITY.STALLS_TOTAL,514766470,5.06,,
    85.010794365,22362645655,,cpu-cycles,514766470,5.06,,
    85.010794365,22362645379,,ref-cycles,514766470,5.06,,
    85.010794365,41205837057,,instructions,514766470,5.06,1.84,insn per cycle
    85.010794365,2521338690,,EXE_ACTIVITY.1_PORTS_UTIL,507534054,4.99,,
    85.010794365,3504457218,,EXE_ACTIVITY.2_PORTS_UTIL,507534054,4.99,,
    85.010794365,1134330574,,EXE_ACTIVITY.BOUND_ON_STORES,507534054,4.99,,
    85.010794365,108811783,,EXE_ACTIVITY.EXE_BOUND_0_PORTS,507534054,4.99,,
    85.010794365,22365321814,,cpu-cycles,507534054,4.99,,
    85.010794365,22365320091,,ref-cycles,507534054,4.99,,
    85.010794365,41360464157,,instructions,507534054,4.99,1.85,insn per cycle
    85.010794365,340499732,,MEM_LOAD_RETIRED.L2_HIT,504995934,4.97,,
    85.010794365,643317227,,MEM_LOAD_RETIRED.FB_HIT,504995934,4.97,,
    85.010794365,413241027,,MEM_LOAD_RETIRED.L1_MISS,504995934,4.97,,
    85.010794365,645972070,,L1D_PEND_MISS.FB_FULL:c1,504995934,4.97,,
    85.010794365,22368531374,,cpu-cycles,504995934,4.97,,
    85.010794365,22368528494,,ref-cycles,504995934,4.97,,
    85.010794365,41444370221,,instructions,504995934,4.97,1.85,insn per cycle
    85.010794365,1565185580,,CYCLE_ACTIVITY.STALLS_L1D_MISS,500022552,4.92,,
    85.010794365,1074823158,,CYCLE_ACTIVITY.STALLS_L2_MISS,500022552,4.92,,
    85.010794365,464778210,,CYCLE_ACTIVITY.STALLS_L3_MISS,500022552,4.92,,
    85.010794365,5892823633,,OFFCORE_REQUESTS_OUTSTANDING.CYCLES_WITH_DEMAND_RFO,500022552,4.92,,
    85.010794365,22371238343,,cpu-cycles,500022552,4.92,,
    85.010794365,22371239522,,ref-cycles,500022552,4.92,,
    85.010794365,41491233990,,instructions,500022552,4.92,1.85,insn per cycle
    85.010794365,7769,,ITLB_MISSES.WALK_COMPLETED,500022698,4.92,,
    85.010794365,443864,,ITLB_MISSES.WALK_ACTIVE,500022698,4.92,,
    85.010794365,20,,DTLB_LOAD_MISSES.WALK_COMPLETED,500022698,4.92,,
    85.010794365,69156,,DTLB_LOAD_MISSES.WALK_ACTIVE,500022698,4.92,,
    85.010794365,22371271088,,cpu-cycles,500022698,4.92,,
    85.010794365,22371271332,,ref-cycles,500022698,4.92,,
    85.010794365,41540406339,,instructions,500022698,4.92,1.86,insn per cycle
    85.010794365,3864,,DTLB_STORE_MISSES.WALK_COMPLETED,500022642,4.92,,
    85.010794365,258788,,DTLB_STORE_MISSES.WALK_ACTIVE,500022642,4.92,,
    85.010794365,754962128,,IDQ_UOPS_NOT_DELIVERED.CYCLES_0_UOPS_DELIV.CORE,500022642,4.92,,
    85.010794365,1276573,,BACLEARS.ANY,500022642,4.92,,
    85.010794365,22371225645,,cpu-cycles,500022642,4.92,,
    85.010794365,22371227252,,ref-cycles,500022642,4.92,,
    85.010794365,41541629165,,instructions,500022642,4.92,1.86,insn per cycle
    85.010794365,9567795,,MEM_INST_RETIRED.LOCK_LOADS,264130452,2.60,,
    85.010794365,507590188,,L2_RQSTS.ALL_RFO,264130452,2.60,,
    85.010794365,6503777393,,MEM_INST_RETIRED.ALL_STORES,264130452,2.60,,
    85.010794365,210203935,,L2_RQSTS.RFO_HIT,264130452,2.60,,
    85.010794365,22368118785,,cpu-cycles,264130452,2.60,,
    85.010794365,22368117784,,ref-cycles,264130452,2.60,,
    85.010794365,41451566595,,instructions,264130452,2.60,1.85,insn per cycle
    85.010794365,6889397,,OFFCORE_REQUESTS_OUTSTANDING.L3_MISS_DEMAND_DATA_RD_GE_6,250011847,2.46,,
    85.010794365,703838004,,OFFCORE_REQUESTS_OUTSTANDING.CYCLES_WITH_L3_MISS_DEMAND_DATA_RD,250011847,2.46,,
    85.010794365,22371418556,,cpu-cycles,250011847,2.46,,
    85.010794365,22371416848,,ref-cycles,250011847,2.46,,
    85.010794365,41483068122,,instructions,250011847,2.46,1.85,insn per cycle
    85.010794365,16797457316,,UOPS_EXECUTED.CORE_CYCLES_GE_1,250011092,2.46,,
    85.010794365,14282445084,,UOPS_EXECUTED.CORE_CYCLES_GE_2,250011092,2.46,,
    85.010794365,10797331326,,UOPS_EXECUTED.CORE_CYCLES_GE_3,250011092,2.46,,
    85.010794365,2733833540,,UOPS_RETIRED.MACRO_FUSED,250011092,2.46,,
    85.010794365,22371455084,,cpu-cycles,250011092,2.46,,
    85.010794365,22371456630,,ref-cycles,250011092,2.46,,
    85.010794365,41483305442,,instructions,250011092,2.46,1.85,insn per cycle
    85.010794365,575913,,FP_ARITH_INST_RETIRED.SCALAR_SINGLE:u0x03,250011504,2.46,,
    85.010794365,206168,,FP_ARITH_INST_RETIRED.128B_PACKED_DOUBLE:u0xfc,250011504,2.46,,
    85.010794365,49028273,,ICACHE_16B.IFDATA_STALL,250011504,2.46,,
    85.010794365,3980954,,ICACHE_16B.IFDATA_STALL:c1:e1,250011504,2.46,,
    85.010794365,22371259587,,cpu-cycles,250011504,2.46,,
    85.010794365,22371262882,,ref-cycles,250011504,2.46,,
    85.010794365,41505049436,,instructions,250011504,2.46,1.86,insn per cycle
    85.010794365,38562934,,L2_RQSTS.ALL_CODE_RD,250011208,2.46,,
    85.010794365,0,,ITLB_MISSES.WALK_COMPLETED_2M_4M,250011208,2.46,,
    85.010794365,615669128,,L2_LINES_IN.ALL,250011208,2.46,,
    85.010794365,73614526,,MEM_LOAD_RETIRED.L2_MISS,250011208,2.46,,
    85.010794365,22371176180,,cpu-cycles,250011208,2.46,,
    85.010794365,22371176099,,ref-cycles,250011208,2.46,,
    85.010794365,41452690570,,instructions,250011208,2.46,1.85,insn per cycle
    85.010794365,2426999,,L2_RQSTS.CODE_RD_MISS,250011433,2.46,,
    85.010794365,0,,DTLB_LOAD_MISSES.WALK_COMPLETED_2M_4M,250011433,2.46,,
    85.010794365,0,,DTLB_LOAD_MISSES.WALK_COMPLETED_4K,250011433,2.46,,
    85.010794365,0,,DTLB_LOAD_MISSES.WALK_COMPLETED_1G,250011433,2.46,,
    85.010794365,22371111774,,cpu-cycles,250011433,2.46,,
    85.010794365,22371112221,,ref-cycles,250011433,2.46,,
    85.010794365,41485112588,,instructions,250011433,2.46,1.85,insn per cycle
    85.010794365,649513080,,MEM_LOAD_RETIRED.FB_HIT,250011204,2.46,,
    85.010794365,0,,CYCLE_ACTIVITY.CYCLES_MEM_ANY,250011204,2.46,,
    85.010794365,4439734345,,CYCLE_ACTIVITY.CYCLES_L1D_MISS,250011204,2.46,,
    85.010794365,22371367460,,cpu-cycles,250011204,2.46,,
    85.010794365,22371365955,,ref-cycles,250011204,2.46,,
    85.010794365,41546578644,,instructions,250011204,2.46,1.86,insn per cycle
    85.010794365,3386481286,,IDQ.MS_UOPS,250012015,2.46,,
    85.010794365,1471736,,ICACHE_64B.IFTAG_STALL,250012015,2.46,,
    85.010794365,223830072,,DTLB_LOAD_MISSES.STLB_HIT:c1,250012015,2.46,,
    85.010794365,22371299500,,cpu-cycles,250012015,2.46,,
    85.010794365,22371301005,,ref-cycles,250012015,2.46,,
    85.010794365,41493845215,,instructions,250012015,2.46,1.86,insn per cycle
    85.010794365,48483845,,ICACHE_16B.IFDATA_STALL,486985054,4.79,,
    85.010794365,3960030,,ICACHE_16B.IFDATA_STALL:c1:e1,486985054,4.79,,
    85.010794365,46310385,,ARITH.DIVIDER_ACTIVE,486985054,4.79,,
    85.010794365,5549297007,,UOPS_EXECUTED.CORE_CYCLES_NONE,486985054,4.79,,
    85.010794365,22373046506,,cpu-cycles,486985054,4.79,,
    85.010794365,22373049033,,ref-cycles,486985054,4.79,,
    85.010794365,41531463783,,instructions,486985054,4.79,1.86,insn per cycle
    85.010794365,254219938,,CPU_CLK_THREAD_UNHALTED.ONE_THREAD_ACTIVE,500022482,4.92,,
    85.010794365,254219938,,CPU_CLK_THREAD_UNHALTED.REF_XCLK_ANY,500022482,4.92,,
    85.010794365,13702242,,cpu-cycles:k,500022482,4.92,,
    85.010794365,13685889,,ref-cycles:k,500022482,4.92,,
    85.010794365,8655300,,instructions:k,500022482,4.92,0.18,insn per cycle
    85.010794365,31039397607,,IDQ.DSB_UOPS,500022435,4.92,,
    85.010794365,13818558380,,IDQ.MITE_UOPS,500022435,4.92,,
    85.010794365,0,,LSD.UOPS,500022435,4.92,,
    85.010794365,22371582350,,cpu-cycles,500022435,4.92,,
    85.010794365,22371581557,,ref-cycles,500022435,4.92,,
    85.010794365,41488687901,,instructions,500022435,4.92,1.85,insn per cycle
    85.010794365,4938045480,,IDQ.ALL_MITE_CYCLES_ANY_UOPS,500024008,4.92,,
    85.010794365,2119723785,,IDQ.ALL_MITE_CYCLES_4_UOPS,500024008,4.92,,
    85.010794365,22371593960,,cpu-cycles,500024008,4.92,,
    85.010794365,22371595465,,ref-cycles,500024008,4.92,,
    85.010794365,41551173132,,instructions,500024008,4.92,1.86,insn per cycle
    85.010794365,7220467717,,IDQ.ALL_DSB_CYCLES_ANY_UOPS,500021314,4.92,,
    85.010794365,5846178218,,IDQ.ALL_DSB_CYCLES_4_UOPS,500021314,4.92,,
    85.010794365,22371697784,,cpu-cycles,500021314,4.92,,
    85.010794365,22371698028,,ref-cycles,500021314,4.92,,
    85.010794365,41530241546,,instructions,500021314,4.92,1.86,insn per cycle
    85.010794365,281102,,MEM_LOAD_L3_HIT_RETIRED.XSNP_HIT,500022355,4.92,,
    85.010794365,5532525,,MEM_LOAD_L3_HIT_RETIRED.XSNP_HITM,500022355,4.92,,
    85.010794365,22371704182,,cpu-cycles,500022355,4.92,,
    85.010794365,22371704446,,ref-cycles,500022355,4.92,,
    85.010794365,41463351122,,instructions,500022355,4.92,1.85,insn per cycle
    85.010794365,4940518,,UOPS_EXECUTED.X87,521887267,5.13,,
    85.010794365,52599923288,,UOPS_EXECUTED.THREAD,521887267,5.13,,
    85.010794365,22359217633,,cpu-cycles,521887267,5.13,,
    85.010794365,22359203407,,ref-cycles,521887267,5.13,,
    85.010794365,40995836514,,instructions,521887267,5.13,1.83,insn per cycle
    85.010794365,<not supported>,,cstate_core/c6-residency/,0,100.00,,
    85.010794365,<not supported>,,cstate_pkg/c6-residency/,0,100.00,,
    90.011407210,22370883088,,CORE_POWER.LVL0_TURBO_LICENSE,500096070,4.92,,
    90.011407210,0,,CORE_POWER.LVL1_TURBO_LICENSE,500096070,4.92,,
    90.011407210,0,,CORE_POWER.LVL2_TURBO_LICENSE,500096070,4.92,,
    90.011407210,1444609866,,L1D.REPLACEMENT,500096070,4.92,,
    90.011407210,22370883088,,cpu-cycles,500096070,4.92,,
    90.011407210,22370884593,,ref-cycles,500096070,4.92,,
    90.011407210,41555094077,,instructions,500096070,4.92,1.86,insn per cycle
    90.011407210,5995417,,MACHINE_CLEARS.COUNT,265180984,2.61,,
    90.011407210,29156017,,BR_MISP_RETIRED.ALL_BRANCHES,265180984,2.61,,
    90.011407210,150050860,,INT_MISC.CLEAR_RESTEER_CYCLES,265180984,2.61,,
    90.011407210,13115819206,,MEM_LOAD_RETIRED.L1_HIT,265180984,2.61,,
    90.011407210,22369417061,,cpu-cycles,265180984,2.61,,
    90.011407210,22369435740,,ref-cycles,265180984,2.61,,
    90.011407210,41540614269,,instructions,265180984,2.61,1.86,insn per cycle
    90.011407210,47958714180,,UOPS_ISSUED.ANY,250011256,2.46,,
    90.011407210,45629870362,,UOPS_RETIRED.RETIRE_SLOTS,250011256,2.46,,
    90.011407210,181276449,,INT_MISC.RECOVERY_CYCLES_ANY,250011256,2.46,,
    90.011407210,181276449,,INT_MISC.RECOVERY_CYCLES,250011256,2.46,,
    90.011407210,22372385298,,cpu-cycles,250011256,2.46,,
    90.011407210,22372384281,,ref-cycles,250011256,2.46,,
    90.011407210,41521530736,,instructions,250011256,2.46,1.86,insn per cycle
    90.011407210,22372369451,,CPU_CLK_UNHALTED.THREAD_ANY,250010853,2.46,,
    90.011407210,8308667530,,IDQ_UOPS_NOT_DELIVERED.CORE,250010853,2.46,,
    90.011407210,4005205175,,CYCLE_ACTIVITY.STALLS_MEM_ANY,250010853,2.46,,
    90.011407210,5537756605,,CYCLE_ACTIVITY.STALLS_TOTAL,250010853,2.46,,
    90.011407210,22372369451,,cpu-cycles,250010853,2.46,,
    90.011407210,22372368150,,ref-cycles,250010853,2.46,,
    90.011407210,41587865358,,instructions,250010853,2.46,1.86,insn per cycle
    90.011407210,2503724436,,EXE_ACTIVITY.1_PORTS_UTIL,250011527,2.46,,
    90.011407210,3483376365,,EXE_ACTIVITY.2_PORTS_UTIL,250011527,2.46,,
    90.011407210,1148852471,,EXE_ACTIVITY.BOUND_ON_STORES,250011527,2.46,,
    90.011407210,90275390,,EXE_ACTIVITY.EXE_BOUND_0_PORTS,250011527,2.46,,
    90.011407210,22372250223,,cpu-cycles,250011527,2.46,,
    90.011407210,22372251932,,ref-cycles,250011527,2.46,,
    90.011407210,41518851075,,instructions,250011527,2.46,1.86,insn per cycle
    90.011407210,339065048,,MEM_LOAD_RETIRED.L2_HIT,253597925,2.49,,
    90.011407210,640803214,,MEM_LOAD_RETIRED.FB_HIT,253597925,2.49,,
    90.011407210,411553913,,MEM_LOAD_RETIRED.L1_MISS,253597925,2.49,,
    90.011407210,642752098,,L1D_PEND_MISS.FB_FULL:c1,253597925,2.49,,
    90.011407210,22365939942,,cpu-cycles,253597925,2.49,,
    90.011407210,22365937575,,ref-cycles,253597925,2.49,,
    90.011407210,41369021497,,instructions,253597925,2.49,1.85,insn per cycle
    90.011407210,1362053938,,CYCLE_ACTIVITY.STALLS_L1D_MISS,293259345,2.88,,
    90.011407210,931536364,,CYCLE_ACTIVITY.STALLS_L2_MISS,293259345,2.88,,
    90.011407210,417448091,,CYCLE_ACTIVITY.STALLS_L3_MISS,293259345,2.88,,
    90.011407210,5004842066,,OFFCORE_REQUESTS_OUTSTANDING.CYCLES_WITH_DEMAND_RFO,293259345,2.88,,
    90.011407210,22320755558,,cpu-cycles,293259345,2.88,,
    90.011407210,22320734575,,ref-cycles,293259345,2.88,,
    90.011407210,39751390634,,instructions,293259345,2.88,1.78,insn per cycle
    90.011407210,3903380,,ITLB_MISSES.WALK_COMPLETED,298228845,2.93,,
    90.011407210,77219961,,ITLB_MISSES.WALK_ACTIVE,298228845,2.93,,
    90.011407210,68,,DTLB_LOAD_MISSES.WALK_COMPLETED,298228845,2.93,,
    90.011407210,64526,,DTLB_LOAD_MISSES.WALK_ACTIVE,298228845,2.93,,
    90.011407210,22314809587,,cpu-cycles,298228845,2.93,,
    90.011407210,22314799117,,ref-cycles,298228845,2.93,,
    90.011407210,39583054129,,instructions,298228845,2.93,1.77,insn per cycle
    90.011407210,3011,,DTLB_STORE_MISSES.WALK_COMPLETED,324279666,3.19,,
    90.011407210,199952,,DTLB_STORE_MISSES.WALK_ACTIVE,324279666,3.19,,
    90.011407210,1097640769,,IDQ_UOPS_NOT_DELIVERED.CYCLES_0_UOPS_DELIV.CORE,324279666,3.19,,
    90.011407210,9701873,,BACLEARS.ANY,324279666,3.19,,
    90.011407210,22295659239,,cpu-cycles,324279666,3.19,,
    90.011407210,22295653217,,ref-cycles,324279666,3.19,,
    90.011407210,38818875272,,instructions,324279666,3.19,1.74,insn per cycle
    90.011407210,9561769,,MEM_INST_RETIRED.LOCK_LOADS,485903599,4.78,,
    90.011407210,508503857,,L2_RQSTS.ALL_RFO,485903599,4.78,,
    90.011407210,6518077365,,MEM_INST_RETIRED.ALL_STORES,485903599,4.78,,
    90.011407210,210473419,,L2_RQSTS.RFO_HIT,485903599,4.78,,
    90.011407210,22374182199,,cpu-cycles,485903599,4.78,,
    90.011407210,22374181697,,ref-cycles,485903599,4.78,,
    90.011407210,41510346589,,instructions,485903599,4.78,1.86,insn per cycle
    90.011407210,6877184,,OFFCORE_REQUESTS_OUTSTANDING.L3_MISS_DEMAND_DATA_RD_GE_6,500022432,4.92,,
    90.011407210,704710826,,OFFCORE_REQUESTS_OUTSTANDING.CYCLES_WITH_L3_MISS_DEMAND_DATA_RD,500022432,4.92,,
    90.011407210,22372425341,,cpu-cycles,500022432,4.92,,
    90.011407210,22372426338,,ref-cycles,500022432,4.92,,
    90.011407210,41589196604,,instructions,500022432,4.92,1.86,insn per cycle
    90.011407210,16800603102,,UOPS_EXECUTED.CORE_CYCLES_GE_1,500023172,4.92,,
    90.011407210,14286368047,,UOPS_EXECUTED.CORE_CYCLES_GE_2,500023172,4.92,,
    90.011407210,10799857026,,UOPS_EXECUTED.CORE_CYCLES_GE_3,500023172,4.92,,
    90.011407210,2742253934,,UOPS_RETIRED.MACRO_FUSED,500023172,4.92,,
    90.011407210,22372549984,,cpu-cycles,500023172,4.92,,
    90.011407210,22372552364,,ref-cycles,500023172,4.92,,
    90.011407210,41497888950,,instructions,500023172,4.92,1.86,insn per cycle
    90.011407210,576877,,FP_ARITH_INST_RETIRED.SCALAR_SINGLE:u0x03,500022230,4.92,,
    90.011407210,206504,,FP_ARITH_INST_RETIRED.128B_PACKED_DOUBLE:u0xfc,500022230,4.92,,
    90.011407210,49304375,,ICACHE_16B.IFDATA_STALL,500022230,4.92,,
    90.011407210,3946585,,ICACHE_16B.IFDATA_STALL:c1:e1,500022230,4.92,,
    90.011407210,22372413384,,cpu-cycles,500022230,4.92,,
    90.011407210,22372413893,,ref-cycles,500022230,4.92,,
    90.011407210,41584916059,,instructions,500022230,4.92,1.86,insn per cycle
    90.011407210,38710081,,L2_RQSTS.ALL_CODE_RD,500022374,4.92,,
    90.011407210,0,,ITLB_MISSES.WALK_COMPLETED_2M_4M,500022374,4.92,,
    90.011407210,615485123,,L2_LINES_IN.ALL,500022374,4.92,,
    90.011407210,73639502,,MEM_LOAD_RETIRED.L2_MISS,500022374,4.92,,
    90.011407210,22372515161,,cpu-cycles,500022374,4.92,,
    90.011407210,22372514632,,ref-cycles,500022374,4.92,,
    90.011407210,41493521254,,instructions,500022374,4.92,1.86,insn per cycle
    90.011407210,2428882,,L2_RQSTS.CODE_RD_MISS,500022858,4.92,,
    90.011407210,0,,DTLB_LOAD_MISSES.WALK_COMPLETED_2M_4M,500022858,4.92,,
    90.011407210,0,,DTLB_LOAD_MISSES.WALK_COMPLETED_4K,500022858,4.92,,
    90.011407210,0,,DTLB_LOAD_MISSES.WALK_COMPLETED_1G,500022858,4.92,,
    90.011407210,22372341600,,cpu-cycles,500022858,4.92,,
    90.011407210,22372340054,,ref-cycles,500022858,4.92,,
    90.011407210,41438435816,,instructions,500022858,4.92,1.85,insn per cycle
    90.011407210,649323471,,MEM_LOAD_RETIRED.FB_HIT,500022512,4.92,,
    90.011407210,0,,CYCLE_ACTIVITY.CYCLES_MEM_ANY,500022512,4.92,,
    90.011407210,4424937407,,CYCLE_ACTIVITY.CYCLES_L1D_MISS,500022512,4.92,,
    90.011407210,22372409221,,cpu-cycles,500022512,4.92,,
    90.011407210,22372409139,,ref-cycles,500022512,4.92,,
    90.011407210,41559050579,,instructions,500022512,4.92,1.86,insn per cycle
    90.011407210,3388449731,,IDQ.MS_UOPS,500023184,4.92,,
    90.011407210,1396076,,ICACHE_64B.IFTAG_STALL,500023184,4.92,,
    90.011407210,224076265,,DTLB_LOAD_MISSES.STLB_HIT:c1,500023184,4.92,,
    90.011407210,22372525775,,cpu-cycles,500023184,4.92,,
    90.011407210,22372525205,,ref-cycles,500023184,4.92,,
    90.011407210,41528852675,,instructions,500023184,4.92,1.86,insn per cycle
    90.011407210,48998932,,ICACHE_16B.IFDATA_STALL,500022042,4.92,,
    90.011407210,3976040,,ICACHE_16B.IFDATA_STALL:c1:e1,500022042,4.92,,
    90.011407210,46400949,,ARITH.DIVIDER_ACTIVE,500022042,4.92,,
    90.011407210,5566456072,,UOPS_EXECUTED.CORE_CYCLES_NONE,500022042,4.92,,
    90.011407210,22372514026,,cpu-cycles,500022042,4.92,,
    90.011407210,22372513029,,ref-cycles,500022042,4.92,,
    90.011407210,41529610456,,instructions,500022042,4.92,1.86,insn per cycle
    90.011407210,254233743,,CPU_CLK_THREAD_UNHALTED.ONE_THREAD_ACTIVE,500022677,4.92,,
    90.011407210,254233743,,CPU_CLK_THREAD_UNHALTED.REF_XCLK_ANY,500022677,4.92,,
    90.011407210,13492306,,cpu-cycles:k,500022677,4.92,,
    90.011407210,13486061,,ref-cycles:k,500022677,4.92,,
    90.011407210,8628661,,instructions:k,500022677,4.92,0.19,insn per cycle
    90.011407210,31034674575,,IDQ.DSB_UOPS,500022777,4.92,,
    90.011407210,13826037902,,IDQ.MITE_UOPS,500022777,4.92,,
    90.011407210,0,,LSD.UOPS,500022777,4.92,,
    90.011407210,22372673528,,cpu-cycles,500022777,4.92,,
    90.011407210,22372671901,,ref-cycles,500022777,4.92,,
    90.011407210,41509114566,,instructions,500022777,4.92,1.86,insn per cycle
    90.011407210,4936534697,,IDQ.ALL_MITE_CYCLES_ANY_UOPS,500022429,4.92,,
    90.011407210,2117720359,,IDQ.ALL_MITE_CYCLES_4_UOPS,500022429,4.92,,
    90.011407210,22372585299,,cpu-cycles,500022429,4.92,,
    90.011407210,22372583997,,ref-cycles,500022429,4.92,,
    90.011407210,41524590344,,instructions,500022429,4.92,1.86,insn per cycle
    90.011407210,7212974008,,IDQ.ALL_DSB_CYCLES_ANY_UOPS,500022604,4.92,,
    90.011407210,5841430123,,IDQ.ALL_DSB_CYCLES_4_UOPS,500022604,4.92,,
    90.011407210,22372832911,,cpu-cycles,500022604,4.92,,
    90.011407210,22372832484,,ref-cycles,500022604,4.92,,
    90.011407210,41524702922,,instructions,500022604,4.92,1.86,insn per cycle
    90.011407210,296209,,MEM_LOAD_L3_HIT_RETIRED.XSNP_HIT,500023496,4.92,,
    90.011407210,5753788,,MEM_LOAD_L3_HIT_RETIRED.XSNP_HITM,500023496,4.92,,
    90.011407210,22372720482,,cpu-cycles,500023496,4.92,,
    90.011407210,22372718326,,ref-cycles,500023496,4.92,,
    90.011407210,41483628902,,instructions,500023496,4.92,1.85,insn per cycle
    90.011407210,5133059,,UOPS_EXECUTED.X87,500021370,4.92,,
    90.011407210,53180623494,,UOPS_EXECUTED.THREAD,500021370,4.92,,
    90.011407210,22372793822,,cpu-cycles,500021370,4.92,,
    90.011407210,22372793476,,ref-cycles,500021370,4.92,,
    90.011407210,41515390003,,instructions,500021370,4.92,1.86,insn per cycle
    90.011407210,<not supported>,,cstate_core/c6-residency/,0,100.00,,
    90.011407210,<not supported>,,cstate_pkg/c6-residency/,0,100.00,,
    95.012034342,22371325828,,CORE_POWER.LVL0_TURBO_LICENSE,250010784,2.46,,
    95.012034342,0,,CORE_POWER.LVL1_TURBO_LICENSE,250010784,2.46,,
    95.012034342,0,,CORE_POWER.LVL2_TURBO_LICENSE,250010784,2.46,,
    95.012034342,1443299654,,L1D.REPLACEMENT,250010784,2.46,,
    95.012034342,22371325828,,cpu-cycles,250010784,2.46,,
    95.012034342,22371327089,,ref-cycles,250010784,2.46,,
    95.012034342,41490025169,,instructions,250010784,2.46,1.85,insn per cycle
    95.012034342,6122164,,MACHINE_CLEARS.COUNT,484852707,4.77,,
    95.012034342,29654984,,BR_MISP_RETIRED.ALL_BRANCHES,484852707,4.77,,
    95.012034342,153423610,,INT_MISC.CLEAR_RESTEER_CYCLES,484852707,4.77,,
    95.012034342,13121560213,,MEM_LOAD_RETIRED.L1_HIT,484852707,4.77,,
    95.012034342,22372810428,,cpu-cycles,484852707,4.77,,
    95.012034342,22372799080,,ref-cycles,484852707,4.77,,
    95.012034342,41557583177,,instructions,484852707,4.77,1.86,insn per cycle
    95.012034342,47981178955,,UOPS_ISSUED.ANY,500022765,4.92,,
    95.012034342,45654392513,,UOPS_RETIRED.RETIRE_SLOTS,500022765,4.92,,
    95.012034342,181331859,,INT_MISC.RECOVERY_CYCLES_ANY,500022765,4.92,,
    95.012034342,181331859,,INT_MISC.RECOVERY_CYCLES,500022765,4.92,,
    95.012034342,22371048183,,cpu-cycles,500022765,4.92,,
    95.012034342,22371046882,,ref-cycles,500022765,4.92,,
    95.012034342,41529266652,,instructions,500022765,4.92,1.86,insn per cycle
    95.012034342,22371276796,,CPU_CLK_UNHALTED.THREAD_ANY,500023190,4.92,,
    95.012034342,8272623327,,IDQ_UOPS_NOT_DELIVERED.CORE,500023190,4.92,,
    95.012034342,4003094917,,CYCLE_ACTIVITY.STALLS_MEM_ANY,500023190,4.92,,
    95.012034342,5540859739,,CYCLE_ACTIVITY.STALLS_TOTAL,500023190,4.92,,
    95.012034342,22371276796,,cpu-cycles,500023190,4.92,,
    95.012034342,22371276979,,ref-cycles,500023190,4.92,,
    95.012034342,41586175297,,instructions,500023190,4.92,1.86,insn per cycle
    95.012034342,2504271554,,EXE_ACTIVITY.1_PORTS_UTIL,500022060,4.92,,
    95.012034342,3474804463,,EXE_ACTIVITY.2_PORTS_UTIL,500022060,4.92,,
    95.012034342,1158750669,,EXE_ACTIVITY.BOUND_ON_STORES,500022060,4.92,,
    95.012034342,89405788,,EXE_ACTIVITY.EXE_BOUND_0_PORTS,500022060,4.92,,
    95.012034342,22371168211,,cpu-cycles,500022060,4.92,,
    95.012034342,22371169289,,ref-cycles,500022060,4.92,,
    95.012034342,41480820131,,instructions,500022060,4.92,1.85,insn per cycle
    95.012034342,343456863,,MEM_LOAD_RETIRED.L2_HIT,500022092,4.92,,
    95.012034342,648959042,,MEM_LOAD_RETIRED.FB_HIT,500022092,4.92,,
    95.012034342,417096196,,MEM_LOAD_RETIRED.L1_MISS,500022092,4.92,,
    95.012034342,653909561,,L1D_PEND_MISS.FB_FULL:c1,500022092,4.92,,
    95.012034342,22371274882,,cpu-cycles,500022092,4.92,,
    95.012034342,22371272604,,ref-cycles,500022092,4.92,,
    95.012034342,41522227403,,instructions,500022092,4.92,1.86,insn per cycle
    95.012034342,1563014814,,CYCLE_ACTIVITY.STALLS_L1D_MISS,500023674,4.92,,
    95.012034342,1071905163,,CYCLE_ACTIVITY.STALLS_L2_MISS,500023674,4.92,,
    95.012034342,467664212,,CYCLE_ACTIVITY.STALLS_L3_MISS,500023674,4.92,,
    95.012034342,5891920102,,OFFCORE_REQUESTS_OUTSTANDING.CYCLES_WITH_DEMAND_RFO,500023674,4.92,,
    95.012034342,22371057544,,cpu-cycles,500023674,4.92,,
    95.012034342,22371056548,,ref-cycles,500023674,4.92,,
    95.012034342,41480291182,,instructions,500023674,4.92,1.85,insn per cycle
    95.012034342,7790,,ITLB_MISSES.WALK_COMPLETED,500022066,4.92,,
    95.012034342,395777,,ITLB_MISSES.WALK_ACTIVE,500022066,4.92,,
    95.012034342,0,,DTLB_LOAD_MISSES.WALK_COMPLETED,500022066,4.92,,
    95.012034342,84879,,DTLB_LOAD_MISSES.WALK_ACTIVE,500022066,4.92,,
    95.012034342,22370867216,,cpu-cycles,500022066,4.92,,
    95.012034342,22370864511,,ref-cycles,500022066,4.92,,
    95.012034342,41544705956,,instructions,500022066,4.92,1.86,insn per cycle
    95.012034342,4409,,DTLB_STORE_MISSES.WALK_COMPLETED,668861019,6.58,,
    95.012034342,265582,,DTLB_STORE_MISSES.WALK_ACTIVE,668861019,6.58,,
    95.012034342,1128769978,,IDQ_UOPS_NOT_DELIVERED.CYCLES_0_UOPS_DELIV.CORE,668861019,6.58,,
    95.012034342,10570014,,BACLEARS.ANY,668861019,6.58,,
    95.012034342,22286500466,,cpu-cycles,668861019,6.58,,
    95.012034342,22286515185,,ref-cycles,668861019,6.58,,
    95.012034342,38464830326,,instructions,668861019,6.58,1.72,insn per cycle
    95.012034342,9455131,,MEM_INST_RETIRED.LOCK_LOADS,500022277,4.92,,
    95.012034342,508054810,,L2_RQSTS.ALL_RFO,500022277,4.92,,
    95.012034342,6507970334,,MEM_INST_RETIRED.ALL_STORES,500022277,4.92,,
    95.012034342,210914501,,L2_RQSTS.RFO_HIT,500022277,4.92,,
    95.012034342,22371040197,,cpu-cycles,500022277,4.92,,
    95.012034342,22371039201,,ref-cycles,500022277,4.92,,
    95.012034342,41522460236,,instructions,500022277,4.92,1.86,insn per cycle
    95.012034342,6919537,,OFFCORE_REQUESTS_OUTSTANDING.L3_MISS_DEMAND_DATA_RD_GE_6,500022095,4.92,,
    95.012034342,702811151,,OFFCORE_REQUESTS_OUTSTANDING.CYCLES_WITH_L3_MISS_DEMAND_DATA_RD,500022095,4.92,,
    95.012034342,22371200001,,cpu-cycles,500022095,4.92,,
    95.012034342,22371200307,,ref-cycles,500022095,4.92,,
    95.012034342,41461903751,,instructions,500022095,4.92,1.85,insn per cycle
    95.012034342,16809868493,,UOPS_EXECUTED.CORE_CYCLES_GE_1,500023455,4.92,,
    95.012034342,14295641167,,UOPS_EXECUTED.CORE_CYCLES_GE_2,500023455,4.92,,
    95.012034342,10806150715,,UOPS_EXECUTED.CORE_CYCLES_GE_3,500023455,4.92,,
    95.012034342,2742536034,,UOPS_RETIRED.MACRO_FUSED,500023455,4.92,,
    95.012034342,22371361752,,cpu-cycles,500023455,4.92,,
    95.012034342,22371360593,,ref-cycles,500023455,4.92,,
    95.012034342,41513813145,,instructions,500023455,4.92,1.86,insn per cycle
    95.012034342,576295,,FP_ARITH_INST_RETIRED.SCALAR_SINGLE:u0x03,500022146,4.92,,
    95.012034342,206146,,FP_ARITH_INST_RETIRED.128B_PACKED_DOUBLE:u0xfc,500022146,4.92,,
    95.012034342,49077265,,ICACHE_16B.IFDATA_STALL,500022146,4.92,,
    95.012034342,3946649,,ICACHE_16B.IFDATA_STALL:c1:e1,500022146,4.92,,
    95.012034342,22371092340,,cpu-cycles,500022146,4.92,,
    95.012034342,22371094273,,ref-cycles,500022146,4.92,,
    95.012034342,41518982258,,instructions,500022146,4.92,1.86,insn per cycle
    95.012034342,38663160,,L2_RQSTS.ALL_CODE_RD,500022146,4.92,,
    95.012034342,0,,ITLB_MISSES.WALK_COMPLETED_2M_4M,500022146,4.92,,
    95.012034342,615584166,,L2_LINES_IN.ALL,500022146,4.92,,
    95.012034342,73586815,,MEM_LOAD_RETIRED.L2_MISS,500022146,4.92,,
    95.012034342,22371063777,,cpu-cycles,500022146,4.92,,
    95.012034342,22371062923,,ref-cycles,500022146,4.92,,
    95.012034342,41462535821,,instructions,500022146,4.92,1.85,insn per cycle
    95.012034342,2422583,,L2_RQSTS.CODE_RD_MISS,500022667,4.92,,
    95.012034342,0,,DTLB_LOAD_MISSES.WALK_COMPLETED_2M_4M,500022667,4.92,,
    95.012034342,20,,DTLB_LOAD_MISSES.WALK_COMPLETED_4K,500022667,4.92,,
    95.012034342,0,,DTLB_LOAD_MISSES.WALK_COMPLETED_1G,500022667,4.92,,
    95.012034342,22371248957,,cpu-cycles,500022667,4.92,,
    95.012034342,22371251438,,ref-cycles,500022667,4.92,,
    95.012034342,41447502899,,instructions,500022667,4.92,1.85,insn per cycle
    95.012034342,648919338,,MEM_LOAD_RETIRED.FB_HIT,500023318,4.92,,
    95.012034342,0,,CYCLE_ACTIVITY.CYCLES_MEM_ANY,500023318,4.92,,
    95.012034342,4436879594,,CYCLE_ACTIVITY.CYCLES_L1D_MISS,500023318,4.92,,
    95.012034342,22371150648,,cpu-cycles,500023318,4.92,,
    95.012034342,22371153109,,ref-cycles,500023318,4.92,,
    95.012034342,41506121661,,instructions,500023318,4.92,1.86,insn per cycle
    95.012034342,3362368178,,IDQ.MS_UOPS,500003976,4.92,,
    95.012034342,1366090,,ICACHE_64B.IFTAG_STALL,500003976,4.92,,
    95.012034342,224748521,,DTLB_LOAD_MISSES.STLB_HIT:c1,500003976,4.92,,
    95.012034342,22369994616,,cpu-cycles,500003976,4.92,,
    95.012034342,22369996284,,ref-cycles,500003976,4.92,,
    95.012034342,41513419355,,instructions,500003976,4.92,1.86,insn per cycle
    95.012034342,50224385,,ICACHE_16B.IFDATA_STALL,266743834,2.62,,
    95.012034342,4001685,,ICACHE_16B.IFDATA_STALL:c1:e1,266743834,2.62,,
    95.012034342,46270894,,ARITH.DIVIDER_ACTIVE,266743834,2.62,,
    95.012034342,5577024891,,UOPS_EXECUTED.CORE_CYCLES_NONE,266743834,2.62,,
    95.012034342,22368477150,,cpu-cycles,266743834,2.62,,
    95.012034342,22368482069,,ref-cycles,266743834,2.62,,
    95.012034342,41459922223,,instructions,266743834,2.62,1.85,insn per cycle
    95.012034342,254217648,,CPU_CLK_THREAD_UNHALTED.ONE_THREAD_ACTIVE,250011364,2.46,,
    95.012034342,254217648,,CPU_CLK_THREAD_UNHALTED.REF_XCLK_ANY,250011364,2.46,,
    95.012034342,13431340,,cpu-cycles:k,250011364,2.46,,
    95.012034342,13438785,,ref-cycles:k,250011364,2.46,,
    95.012034342,8610777,,instructions:k,250011364,2.46,0.20,insn per cycle
    95.012034342,31016089519,,IDQ.DSB_UOPS,250011388,2.46,,
    95.012034342,13797540453,,IDQ.MITE_UOPS,250011388,2.46,,
    95.012034342,0,,LSD.UOPS,250011388,2.46,,
    95.012034342,22371475145,,cpu-cycles,250011388,2.46,,
    95.012034342,22371472257,,ref-cycles,250011388,2.46,,
    95.012034342,41408720384,,instructions,250011388,2.46,1.85,insn per cycle
    95.012034342,4915821315,,IDQ.ALL_MITE_CYCLES_ANY_UOPS,250010953,2.46,,
    95.012034342,2117916884,,IDQ.ALL_MITE_CYCLES_4_UOPS,250010953,2.46,,
    95.012034342,22371249897,,cpu-cycles,250010953,2.46,,
    95.012034342,22371252989,,ref-cycles,250010953,2.46,,
    95.012034342,41460995621,,instructions,250010953,2.46,1.85,insn per cycle
    95.012034342,7212802392,,IDQ.ALL_DSB_CYCLES_ANY_UOPS,250011709,2.46,,
    95.012034342,5840823152,,IDQ.ALL_DSB_CYCLES_4_UOPS,250011709,2.46,,
    95.012034342,22371396023,,cpu-cycles,250011709,2.46,,
    95.012034342,22371397244,,ref-cycles,250011709,2.46,,
    95.012034342,41500776259,,instructions,250011709,2.46,1.86,insn per cycle
    95.012034342,291961,,MEM_LOAD_L3_HIT_RETIRED.XSNP_HIT,250011102,2.46,,
    95.012034342,5535258,,MEM_LOAD_L3_HIT_RETIRED.XSNP_HITM,250011102,2.46,,
    95.012034342,22371310981,,cpu-cycles,250011102,2.46,,
    95.012034342,22371311876,,ref-cycles,250011102,2.46,,
    95.012034342,41452112262,,instructions,250011102,2.46,1.85,insn per cycle
    95.012034342,5099313,,UOPS_EXECUTED.X87,250011720,2.46,,
    95.012034342,53165724822,,UOPS_EXECUTED.THREAD,250011720,2.46,,
    95.012034342,22371335636,,cpu-cycles,250011720,2.46,,
    95.012034342,22371336083,,ref-cycles,250011720,2.46,,
    95.012034342,41486491258,,instructions,250011720,2.46,1.85,insn per cycle
    95.012034342,<not supported>,,cstate_core/c6-residency/,0,100.00,,
    95.012034342,<not supported>,,cstate_pkg/c6-residency/,0,100.00,,
   100.012666943,22365574467,,CORE_POWER.LVL0_TURBO_LICENSE,500092382,4.92,,
   100.012666943,0,,CORE_POWER.LVL1_TURBO_LICENSE,500092382,4.92,,
   100.012666943,0,,CORE_POWER.LVL2_TURBO_LICENSE,500092382,4.92,,
   100.012666943,1444441679,,L1D.REPLACEMENT,500092382,4.92,,
   100.012666943,22365574467,,cpu-cycles,500092382,4.92,,
   100.012666943,22365574670,,ref-cycles,500092382,4.92,,
   100.012666943,41571230059,,instructions,500092382,4.92,1.86,insn per cycle
   100.012666943,5936922,,MACHINE_CLEARS.COUNT,500021520,4.92,,
   100.012666943,29385656,,BR_MISP_RETIRED.ALL_BRANCHES,500021520,4.92,,
   100.012666943,151947769,,INT_MISC.CLEAR_RESTEER_CYCLES,500021520,4.92,,
   100.012666943,13107168382,,MEM_LOAD_RETIRED.L1_HIT,500021520,4.92,,
   100.012666943,22368105307,,cpu-cycles,500021520,4.92,,
   100.012666943,22368106202,,ref-cycles,500021520,4.92,,
   100.012666943,41516779543,,instructions,500021520,4.92,1.86,insn per cycle
   100.012666943,55868622908,,UOPS_ISSUED.ANY,500021887,4.92,,
   100.012666943,54425224162,,UOPS_RETIRED.RETIRE_SLOTS,500021887,4.92,,
   100.012666943,105749017,,INT_MISC.RECOVERY_CYCLES_ANY,500021887,4.92,,
   100.012666943,105749017,,INT_MISC.RECOVERY_CYCLES,500021887,4.92,,
   100.012666943,22368105613,,cpu-cycles,500021887,4.92,,
   100.012666943,22368106670,,ref-cycles,500021887,4.92,,
   100.012666943,52545925993,,instructions,500021887,4.92,2.35,insn per cycle
   100.012666943,22368365557,,CPU_CLK_UNHALTED.THREAD_ANY,500022091,4.92,,
   100.012666943,12195908466,,IDQ_UOPS_NOT_DELIVERED.CORE,500022091,4.92,,
   100.012666943,2589165035,,CYCLE_ACTIVITY.STALLS_MEM_ANY,500022091,4.92,,
   100.012666943,3451691990,,CYCLE_ACTIVITY.STALLS_TOTAL,500022091,4.92,,
   100.012666943,22368365557,,cpu-cycles,500022091,4.92,,
   100.012666943,22368364886,,ref-cycles,500022091,4.92,,
   100.012666943,53722891656,,instructions,500022091,4.92,2.40,insn per cycle
   100.012666943,2658108710,,EXE_ACTIVITY.1_PORTS_UTIL,500023224,4.92,,
   100.012666943,3540060140,,EXE_ACTIVITY.2_PORTS_UTIL,500023224,4.92,,
   100.012666943,647339854,,EXE_ACTIVITY.BOUND_ON_STORES,500023224,4.92,,
   100.012666943,47862590,,EXE_ACTIVITY.EXE_BOUND_0_PORTS,500023224,4.92,,
   100.012666943,22368834323,,cpu-cycles,500023224,4.92,,
   100.012666943,22368836459,,ref-cycles,500023224,4.92,,
   100.012666943,53736851015,,instructions,500023224,4.92,2.40,insn per cycle
   100.012666943,198059951,,MEM_LOAD_RETIRED.L2_HIT,500022081,4.92,,
   100.012666943,350255089,,MEM_LOAD_RETIRED.FB_HIT,500022081,4.92,,
   100.012666943,241570581,,MEM_LOAD_RETIRED.L1_MISS,500022081,4.92,,
   100.012666943,329038610,,L1D_PEND_MISS.FB_FULL:c1,500022081,4.92,,
   100.012666943,22368953048,,cpu-cycles,500022081,4.92,,
   100.012666943,22368951278,,ref-cycles,500022081,4.92,,
   100.012666943,53720715219,,instructions,500022081,4.92,2.40,insn per cycle
   100.012666943,877713389,,CYCLE_ACTIVITY.STALLS_L1D_MISS,500022724,4.92,,
   100.012666943,573354507,,CYCLE_ACTIVITY.STALLS_L2_MISS,500022724,4.92,,
   100.012666943,235158742,,CYCLE_ACTIVITY.STALLS_L3_MISS,500022724,4.92,,
   100.012666943,3061893793,,OFFCORE_REQUESTS_OUTSTANDING.CYCLES_WITH_DEMAND_RFO,500022724,4.92,,
   100.012666943,22368905701,,cpu-cycles,500022724,4.92,,
   100.012666943,22368904480,,ref-cycles,500022724,4.92,,
   100.012666943,53726606701,,instructions,500022724,4.92,2.40,insn per cycle
   100.012666943,17591,,ITLB_MISSES.WALK_COMPLETED,500022350,4.92,,
   100.012666943,645911,,ITLB_MISSES.WALK_ACTIVE,500022350,4.92,,
   100.012666943,20,,DTLB_LOAD_MISSES.WALK_COMPLETED,500022350,4.92,,
   100.012666943,63513,,DTLB_LOAD_MISSES.WALK_ACTIVE,500022350,4.92,,
   100.012666943,22368755535,,cpu-cycles,500022350,4.92,,
   100.012666943,22368752505,,ref-cycles,500022350,4.92,,
   100.012666943,53711148881,,instructions,500022350,4.92,2.40,insn per cycle
   100.012666943,1859,,DTLB_STORE_MISSES.WALK_COMPLETED,667313617,6.56,,
   100.012666943,135122,,DTLB_STORE_MISSES.WALK_ACTIVE,667313617,6.56,,
   100.012666943,1124776466,,IDQ_UOPS_NOT_DELIVERED.CYCLES_0_UOPS_DELIV.CORE,667313617,6.56,,
   100.012666943,10001260,,BACLEARS.ANY,667313617,6.56,,
   100.012666943,22283792937,,cpu-cycles,667313617,6.56,,
   100.012666943,22283800130,,ref-cycles,667313617,6.56,,
   100.012666943,47575094122,,instructions,667313617,6.56,2.13,insn per cycle
   100.012666943,8870743,,MEM_INST_RETIRED.LOCK_LOADS,267883587,2.63,,
   100.012666943,475541598,,L2_RQSTS.ALL_RFO,267883587,2.63,,
   100.012666943,6611159491,,MEM_INST_RETIRED.ALL_STORES,267883587,2.63,,
   100.012666943,197543869,,L2_RQSTS.RFO_HIT,267883587,2.63,,
   100.012666943,22366937577,,cpu-cycles,267883587,2.63,,
   100.012666943,22366943955,,ref-cycles,267883587,2.63,,
   100.012666943,43169080883,,instructions,267883587,2.63,1.93,insn per cycle
   100.012666943,6975776,,OFFCORE_REQUESTS_OUTSTANDING.L3_MISS_DEMAND_DATA_RD_GE_6,250011398,2.46,,
   100.012666943,703513417,,OFFCORE_REQUESTS_OUTSTANDING.CYCLES_WITH_L3_MISS_DEMAND_DATA_RD,250011398,2.46,,
   100.012666943,22368014367,,cpu-cycles,250011398,2.46,,
   100.012666943,22368015302,,ref-cycles,250011398,2.46,,
   100.012666943,41521987021,,instructions,250011398,2.46,1.86,insn per cycle
   100.012666943,16773414236,,UOPS_EXECUTED.CORE_CYCLES_GE_1,250011273,2.46,,
   100.012666943,14264878732,,UOPS_EXECUTED.CORE_CYCLES_GE_2,250011273,2.46,,
   100.012666943,10780874345,,UOPS_EXECUTED.CORE_CYCLES_GE_3,250011273,2.46,,
   100.012666943,2747287086,,UOPS_RETIRED.MACRO_FUSED,250011273,2.46,,
   100.012666943,22367688966,,cpu-cycles,250011273,2.46,,
   100.012666943,22367689576,,ref-cycles,250011273,2.46,,
   100.012666943,41429300570,,instructions,250011273,2.46,1.85,insn per cycle
   100.012666943,576034,,FP_ARITH_INST_RETIRED.SCALAR_SINGLE:u0x03,250011152,2.46,,
   100.012666943,205813,,FP_ARITH_INST_RETIRED.128B_PACKED_DOUBLE:u0xfc,250011152,2.46,,
   100.012666943,49553489,,ICACHE_16B.IFDATA_STALL,250011152,2.46,,
   100.012666943,3948655,,ICACHE_16B.IFDATA_STALL:c1:e1,250011152,2.46,,
   100.012666943,22368008048,,cpu-cycles,250011152,2.46,,
   100.012666943,22368005567,,ref-cycles,250011152,2.46,,
   100.012666943,41440954583,,instructions,250011152,2.46,1.85,insn per cycle
   100.012666943,38828372,,L2_RQSTS.ALL_CODE_RD,250011546,2.46,,
   100.012666943,0,,ITLB_MISSES.WALK_COMPLETED_2M_4M,250011546,2.46,,
   100.012666943,616652965,,L2_LINES_IN.ALL,250011546,2.46,,
   100.012666943,73833983,,MEM_LOAD_RETIRED.L2_MISS,250011546,2.46,,
   100.012666943,22367944895,,cpu-cycles,250011546,2.46,,
   100.012666943,22367947254,,ref-cycles,250011546,2.46,,
   100.012666943,41516213728,,instructions,250011546,2.46,1.86,insn per cycle
   100.012666943,2435477,,L2_RQSTS.CODE_RD_MISS,250011091,2.46,,
   100.012666943,0,,DTLB_LOAD_MISSES.WALK_COMPLETED_2M_4M,250011091,2.46,,
   100.012666943,0,,DTLB_LOAD_MISSES.WALK_COMPLETED_4K,250011091,2.46,,
   100.012666943,0,,DTLB_LOAD_MISSES.WALK_COMPLETED_1G,250011091,2.46,,
   100.012666943,22367963641,,cpu-cycles,250011091,2.46,,
   100.012666943,22367967464,,ref-cycles,250011091,2.46,,
   100.012666943,41490925940,,instructions,250011091,2.46,1.85,insn per cycle
   100.012666943,648178620,,MEM_LOAD_RETIRED.FB_HIT,250011298,2.46,,
   100.012666943,0,,CYCLE_ACTIVITY.CYCLES_MEM_ANY,250011298,2.46,,
   100.012666943,4449728952,,CYCLE_ACTIVITY.CYCLES_L1D_MISS,250011298,2.46,,
   100.012666943,22367995365,,cpu-cycles,250011298,2.46,,
   100.012666943,22367992395,,ref-cycles,250011298,2.46,,
   100.012666943,41449643344,,instructions,250011298,2.46,1.85,insn per cycle
   100.012666943,3378462459,,IDQ.MS_UOPS,250011610,2.46,,
   100.012666943,1356986,,ICACHE_64B.IFTAG_STALL,250011610,2.46,,
   100.012666943,224439538,,DTLB_LOAD_MISSES.STLB_HIT:c1,250011610,2.46,,
   100.012666943,22368096103,,cpu-cycles,250011610,2.46,,
   100.012666943,22368097364,,ref-cycles,250011610,2.46,,
   100.012666943,41442371565,,instructions,250011610,2.46,1.85,insn per cycle
   100.012666943,49031583,,ICACHE_16B.IFDATA_STALL,483289723,4.75,,
   100.012666943,3967365,,ICACHE_16B.IFDATA_STALL:c1:e1,483289723,4.75,,
   100.012666943,46364053,,ARITH.DIVIDER_ACTIVE,483289723,4.75,,
   100.012666943,5537109041,,UOPS_EXECUTED.CORE_CYCLES_NONE,483289723,4.75,,
   100.012666943,22369859012,,cpu-cycles,483289723,4.75,,
   100.012666943,22369855077,,ref-cycles,483289723,4.75,,
   100.012666943,41573345048,,instructions,483289723,4.75,1.86,insn per cycle
   100.012666943,254183040,,CPU_CLK_THREAD_UNHALTED.ONE_THREAD_ACTIVE,500023125,4.92,,
   100.012666943,254183040,,CPU_CLK_THREAD_UNHALTED.REF_XCLK_ANY,500023125,4.92,,
   100.012666943,13621621,,cpu-cycles:k,500023125,4.92,,
   100.012666943,13624834,,ref-cycles:k,500023125,4.92,,
   100.012666943,8612266,,instructions:k,500023125,4.92,0.20,insn per cycle
   100.012666943,31038860148,,IDQ.DSB_UOPS,500022904,4.92,,
   100.012666943,13833527276,,IDQ.MITE_UOPS,500022904,4.92,,
   100.012666943,0,,LSD.UOPS,500022904,4.92,,
   100.012666943,22368428119,,cpu-cycles,500022904,4.92,,
   100.012666943,22368429400,,ref-cycles,500022904,4.92,,
   100.012666943,41506711223,,instructions,500022904,4.92,1.86,insn per cycle
   100.012666943,4934405209,,IDQ.ALL_MITE_CYCLES_ANY_UOPS,500023049,4.92,,
   100.012666943,2116880713,,IDQ.ALL_MITE_CYCLES_4_UOPS,500023049,4.92,,
   100.012666943,22368410696,,cpu-cycles,500023049,4.92,,
   100.012666943,22368410696,,ref-cycles,500023049,4.92,,
   100.012666943,41495015676,,instructions,500023049,4.92,1.86,insn per cycle
   100.012666943,7216334290,,IDQ.ALL_DSB_CYCLES_ANY_UOPS,500021413,4.92,,
   100.012666943,5844976562,,IDQ.ALL_DSB_CYCLES_4_UOPS,500021413,4.92,,
   100.012666943,22368431732,,cpu-cycles,500021413,4.92,,
   100.012666943,22368433481,,ref-cycles,500021413,4.92,,
   100.012666943,41539449303,,instructions,500021413,4.92,1.86,insn per cycle
   100.012666943,303534,,MEM_LOAD_L3_HIT_RETIRED.XSNP_HIT,500022711,4.92,,
   100.012666943,5719316,,MEM_LOAD_L3_HIT_RETIRED.XSNP_HITM,500022711,4.92,,
   100.012666943,22368301030,,cpu-cycles,500022711,4.92,,
   100.012666943,22368301722,,ref-cycles,500022711,4.92,,
   100.012666943,41471025993,,instructions,500022711,4.92,1.85,insn per cycle
   100.012666943,5111777,,UOPS_EXECUTED.X87,500022995,4.92,,
   100.012666943,53187611959,,UOPS_EXECUTED.THREAD,500022995,4.92,,
   100.012666943,22368410551,,cpu-cycles,500022995,4.92,,
   100.012666943,22368413419,,ref-cycles,500022995,4.92,,
   100.012666943,41503246184,,instructions,500022995,4.92,1.86,insn per cycle
   100.012666943,<not supported>,,cstate_core/c6-residency/,0,100.00,,
   100.012666943,<not supported>,,cstate_pkg/c6-residency/,0,100.00,,
   105.013288048,22378813344,,CORE_POWER.LVL0_TURBO_LICENSE,500022492,4.92,,
   105.013288048,0,,CORE_POWER.LVL1_TURBO_LICENSE,500022492,4.92,,
   105.013288048,0,,CORE_POWER.LVL2_TURBO_LICENSE,500022492,4.92,,
   105.013288048,108265392,,L1D.REPLACEMENT,500022492,4.92,,
   105.013288048,22378813344,,cpu-cycles,500022492,4.92,,
   105.013288048,22378812917,,ref-cycles,500022492,4.92,,
   105.013288048,65961194499,,instructions,500022492,4.92,2.95,insn per cycle
   105.013288048,513295,,MACHINE_CLEARS.COUNT,268944494,2.64,,
   105.013288048,2476869,,BR_MISP_RETIRED.ALL_BRANCHES,268944494,2.64,,
   105.013288048,22310812,,INT_MISC.CLEAR_RESTEER_CYCLES,268944494,2.64,,
   105.013288048,19491589232,,MEM_LOAD_RETIRED.L1_HIT,268944494,2.64,,
   105.013288048,22377327268,,cpu-cycles,268944494,2.64,,
   105.013288048,22377329538,,ref-cycles,268944494,2.64,,
   105.013288048,66019048611,,instructions,268944494,2.64,2.95,insn per cycle
   105.013288048,65487863328,,UOPS_ISSUED.ANY,250011280,2.46,,
   105.013288048,65106730783,,UOPS_RETIRED.RETIRE_SLOTS,250011280,2.46,,
   105.013288048,18175094,,INT_MISC.RECOVERY_CYCLES_ANY,250011280,2.46,,
   105.013288048,18175094,,INT_MISC.RECOVERY_CYCLES,250011280,2.46,,
   105.013288048,22378637818,,cpu-cycles,250011280,2.46,,
   105.013288048,22378639405,,ref-cycles,250011280,2.46,,
   105.013288048,66006534594,,instructions,250011280,2.46,2.95,insn per cycle
   105.013288048,22378642580,,CPU_CLK_UNHALTED.THREAD_ANY,250011216,2.46,,
   105.013288048,16285225996,,IDQ_UOPS_NOT_DELIVERED.CORE,250011216,2.46,,
   105.013288048,1102053714,,CYCLE_ACTIVITY.STALLS_MEM_ANY,250011216,2.46,,
   105.013288048,1283796029,,CYCLE_ACTIVITY.STALLS_TOTAL,250011216,2.46,,
   105.013288048,22378642580,,cpu-cycles,250011216,2.46,,
   105.013288048,22378643435,,ref-cycles,250011216,2.46,,
   105.013288048,65977419373,,instructions,250011216,2.46,2.95,insn per cycle
   105.013288048,2839065411,,EXE_ACTIVITY.1_PORTS_UTIL,250011300,2.46,,
   105.013288048,3586248390,,EXE_ACTIVITY.2_PORTS_UTIL,250011300,2.46,,
   105.013288048,132573488,,EXE_ACTIVITY.BOUND_ON_STORES,250011300,2.46,,
   105.013288048,6926481,,EXE_ACTIVITY.EXE_BOUND_0_PORTS,250011300,2.46,,
   105.013288048,22378600643,,cpu-cycles,250011300,2.46,,
   105.013288048,22378598405,,ref-cycles,250011300,2.46,,
   105.013288048,65955592248,,instructions,250011300,2.46,2.95,insn per cycle
   105.013288048,52455740,,MEM_LOAD_RETIRED.L2_HIT,250011424,2.46,,
   105.013288048,51136518,,MEM_LOAD_RETIRED.FB_HIT,250011424,2.46,,
   105.013288048,66044451,,MEM_LOAD_RETIRED.L1_MISS,250011424,2.46,,
   105.013288048,5671301,,L1D_PEND_MISS.FB_FULL:c1,250011424,2.46,,
   105.013288048,22378693417,,cpu-cycles,250011424,2.46,,
   105.013288048,22378694882,,ref-cycles,250011424,2.46,,
   105.013288048,65944700162,,instructions,250011424,2.46,2.95,insn per cycle
   105.013288048,181172431,,CYCLE_ACTIVITY.STALLS_L1D_MISS,250011268,2.46,,
   105.013288048,67443971,,CYCLE_ACTIVITY.STALLS_L2_MISS,250011268,2.46,,
   105.013288048,3354189,,CYCLE_ACTIVITY.STALLS_L3_MISS,250011268,2.46,,
   105.013288048,208996672,,OFFCORE_REQUESTS_OUTSTANDING.CYCLES_WITH_DEMAND_RFO,250011268,2.46,,
   105.013288048,22378627629,,cpu-cycles,250011268,2.46,,
   105.013288048,22378625025,,ref-cycles,250011268,2.46,,
   105.013288048,66032417364,,instructions,250011268,2.46,2.95,insn per cycle
   105.013288048,28442,,ITLB_MISSES.WALK_COMPLETED,250011269,2.46,,
   105.013288048,914312,,ITLB_MISSES.WALK_ACTIVE,250011269,2.46,,
   105.013288048,40,,DTLB_LOAD_MISSES.WALK_COMPLETED,250011269,2.46,,
   105.013288048,44800,,DTLB_LOAD_MISSES.WALK_ACTIVE,250011269,2.46,,
   105.013288048,22378562322,,cpu-cycles,250011269,2.46,,
   105.013288048,22378563868,,ref-cycles,250011269,2.46,,
   105.013288048,65937048938,,instructions,250011269,2.46,2.95,insn per cycle
   105.013288048,0,,DTLB_STORE_MISSES.WALK_COMPLETED,310910631,3.06,,
   105.013288048,0,,DTLB_STORE_MISSES.WALK_ACTIVE,310910631,3.06,,
   105.013288048,1055436470,,IDQ_UOPS_NOT_DELIVERED.CYCLES_0_UOPS_DELIV.CORE,310910631,3.06,,
   105.013288048,7581752,,BACLEARS.ANY,310910631,3.06,,
   105.013288048,22320802695,,cpu-cycles,310910631,3.06,,
   105.013288048,22320795530,,ref-cycles,310910631,3.06,,
   105.013288048,58825174805,,instructions,310910631,3.06,2.63,insn per cycle
   105.013288048,21300853,,MEM_INST_RETIRED.LOCK_LOADS,592619845,5.83,,
   105.013288048,17788336,,L2_RQSTS.ALL_RFO,592619845,5.83,,
   105.013288048,7333869649,,MEM_INST_RETIRED.ALL_STORES,592619845,5.83,,
   105.013288048,9624273,,L2_RQSTS.RFO_HIT,592619845,5.83,,
   105.013288048,22322177644,,cpu-cycles,592619845,5.83,,
   105.013288048,22322167979,,ref-cycles,592619845,5.83,,
   105.013288048,59181021878,,instructions,592619845,5.83,2.65,insn per cycle
   105.013288048,0,,OFFCORE_REQUESTS_OUTSTANDING.L3_MISS_DEMAND_DATA_RD_GE_6,500022488,4.92,,
   105.013288048,5879788,,OFFCORE_REQUESTS_OUTSTANDING.CYCLES_WITH_L3_MISS_DEMAND_DATA_RD,500022488,4.92,,
   105.013288048,22378094058,,cpu-cycles,500022488,4.92,,
   105.013288048,22378094851,,ref-cycles,500022488,4.92,,
   105.013288048,65980683260,,instructions,500022488,4.92,2.95,insn per cycle
   105.013288048,21105086252,,UOPS_EXECUTED.CORE_CYCLES_GE_1,500022552,4.92,,
   105.013288048,18233991513,,UOPS_EXECUTED.CORE_CYCLES_GE_2,500022552,4.92,,
   105.013288048,14628809993,,UOPS_EXECUTED.CORE_CYCLES_GE_3,500022552,4.92,,
   105.013288048,7241885051,,UOPS_RETIRED.MACRO_FUSED,500022552,4.92,,
   105.013288048,22378871885,,cpu-cycles,500022552,4.92,,
   105.013288048,22378869057,,ref-cycles,500022552,4.92,,
   105.013288048,65970607906,,instructions,500022552,4.92,2.95,insn per cycle
   105.013288048,67439524,,FP_ARITH_INST_RETIRED.SCALAR_SINGLE:u0x03,500022577,4.92,,
   105.013288048,33598016,,FP_ARITH_INST_RETIRED.128B_PACKED_DOUBLE:u0xfc,500022577,4.92,,
   105.013288048,7718415,,ICACHE_16B.IFDATA_STALL,500022577,4.92,,
   105.013288048,1039290,,ICACHE_16B.IFDATA_STALL:c1:e1,500022577,4.92,,
   105.013288048,22378675237,,cpu-cycles,500022577,4.92,,
   105.013288048,22378676336,,ref-cycles,500022577,4.92,,
   105.013288048,65955058152,,instructions,500022577,4.92,2.95,insn per cycle
   105.013288048,18946536,,L2_RQSTS.ALL_CODE_RD,500022905,4.92,,
   105.013288048,0,,ITLB_MISSES.WALK_COMPLETED_2M_4M,500022905,4.92,,
   105.013288048,28970516,,L2_LINES_IN.ALL,500022905,4.92,,
   105.013288048,13580205,,MEM_LOAD_RETIRED.L2_MISS,500022905,4.92,,
   105.013288048,22378648624,,cpu-cycles,500022905,4.92,,
   105.013288048,22378648136,,ref-cycles,500022905,4.92,,
   105.013288048,65956805663,,instructions,500022905,4.92,2.95,insn per cycle
   105.013288048,402548,,L2_RQSTS.CODE_RD_MISS,500022474,4.92,,
   105.013288048,0,,DTLB_LOAD_MISSES.WALK_COMPLETED_2M_4M,500022474,4.92,,
   105.013288048,122,,DTLB_LOAD_MISSES.WALK_COMPLETED_4K,500022474,4.92,,
   105.013288048,0,,DTLB_LOAD_MISSES.WALK_COMPLETED_1G,500022474,4.92,,
   105.013288048,22378744428,,cpu-cycles,500022474,4.92,,
   105.013288048,22378744184,,ref-cycles,500022474,4.92,,
   105.013288048,65961602707,,instructions,500022474,4.92,2.95,insn per cycle
   105.013288048,51212264,,MEM_LOAD_RETIRED.FB_HIT,500022520,4.92,,
   105.013288048,0,,CYCLE_ACTIVITY.CYCLES_MEM_ANY,500022520,4.92,,
   105.013288048,715442240,,CYCLE_ACTIVITY.CYCLES_L1D_MISS,500022520,4.92,,
   105.013288048,22378689011,,cpu-cycles,500022520,4.92,,
   105.013288048,22378688706,,ref-cycles,500022520,4.92,,
   105.013288048,65968569364,,instructions,500022520,4.92,2.95,insn per cycle
   105.013288048,2822095388,,IDQ.MS_UOPS,500012938,4.92,,
   105.013288048,2873478,,ICACHE_64B.IFTAG_STALL,500012938,4.92,,
   105.013288048,10407421,,DTLB_LOAD_MISSES.STLB_HIT:c1,500012938,4.92,,
   105.013288048,22378365057,,cpu-cycles,500012938,4.92,,
   105.013288048,22378366847,,ref-cycles,500012938,4.92,,
   105.013288048,65976107050,,instructions,500012938,4.92,2.95,insn per cycle
   105.013288048,7562601,,ICACHE_16B.IFDATA_STALL,500022876,4.92,,
   105.013288048,1029869,,ICACHE_16B.IFDATA_STALL:c1:e1,500022876,4.92,,
   105.013288048,820721,,ARITH.DIVIDER_ACTIVE,500022876,4.92,,
   105.013288048,1268110452,,UOPS_EXECUTED.CORE_CYCLES_NONE,500022876,4.92,,
   105.013288048,22378764846,,cpu-cycles,500022876,4.92,,
   105.013288048,22378764296,,ref-cycles,500022876,4.92,,
   105.013288048,65987681147,,instructions,500022876,4.92,2.95,insn per cycle
   105.013288048,254304616,,CPU_CLK_THREAD_UNHALTED.ONE_THREAD_ACTIVE,500022571,4.92,,
   105.013288048,254304616,,CPU_CLK_THREAD_UNHALTED.REF_XCLK_ANY,500022571,4.92,,
   105.013288048,19183413,,cpu-cycles:k,500022571,4.92,,
   105.013288048,19142641,,ref-cycles:k,500022571,4.92,,
   105.013288048,15132659,,instructions:k,500022571,4.92,0.37,insn per cycle
   105.013288048,34702025376,,IDQ.DSB_UOPS,500022635,4.92,,
   105.013288048,27371915356,,IDQ.MITE_UOPS,500022635,4.92,,
   105.013288048,0,,LSD.UOPS,500022635,4.92,,
   105.013288048,22378798681,,cpu-cycles,500022635,4.92,,
   105.013288048,22378798274,,ref-cycles,500022635,4.92,,
   105.013288048,66005553154,,instructions,500022635,4.92,2.95,insn per cycle
   105.013288048,11093057847,,IDQ.ALL_MITE_CYCLES_ANY_UOPS,500022468,4.92,,
   105.013288048,4024370248,,IDQ.ALL_MITE_CYCLES_4_UOPS,500022468,4.92,,
   105.013288048,22378886004,,cpu-cycles,500022468,4.92,,
   105.013288048,22378885109,,ref-cycles,500022468,4.92,,
   105.013288048,65958452241,,instructions,500022468,4.92,2.95,insn per cycle
   105.013288048,7462618764,,IDQ.ALL_DSB_CYCLES_ANY_UOPS,500022816,4.92,,
   105.013288048,5823327540,,IDQ.ALL_DSB_CYCLES_4_UOPS,500022816,4.92,,
   105.013288048,22379006051,,cpu-cycles,500022816,4.92,,
   105.013288048,22379006682,,ref-cycles,500022816,4.92,,
   105.013288048,65972634007,,instructions,500022816,4.92,2.95,insn per cycle
   105.013288048,0,,MEM_LOAD_L3_HIT_RETIRED.XSNP_HIT,500022568,4.92,,
   105.013288048,225098,,MEM_LOAD_L3_HIT_RETIRED.XSNP_HITM,500022568,4.92,,
   105.013288048,22379030166,,cpu-cycles,500022568,4.92,,
   105.013288048,22379031244,,ref-cycles,500022568,4.92,,
   105.013288048,65980710735,,instructions,500022568,4.92,2.95,insn per cycle
   105.013288048,55582,,UOPS_EXECUTED.X87,500022520,4.92,,
   105.013288048,70172499847,,UOPS_EXECUTED.THREAD,500022520,4.92,,
   105.013288048,22378964230,,cpu-cycles,500022520,4.92,,
   105.013288048,22378965044,,ref-cycles,500022520,4.92,,
   105.013288048,65966740084,,instructions,500022520,4.92,2.95,insn per cycle
   105.013288048,<not supported>,,cstate_core/c6-residency/,0,100.00,,
   105.013288048,<not supported>,,cstate_pkg/c6-residency/,0,100.00,,
   110.013892084,22369062036,,CORE_POWER.LVL0_TURBO_LICENSE,250059955,2.46,,
   110.013892084,0,,CORE_POWER.LVL1_TURBO_LICENSE,250059955,2.46,,
   110.013892084,0,,CORE_POWER.LVL2_TURBO_LICENSE,250059955,2.46,,
   110.013892084,108970619,,L1D.REPLACEMENT,250059955,2.46,,
   110.013892084,22369062036,,cpu-cycles,250059955,2.46,,
   110.013892084,22369051462,,ref-cycles,250059955,2.46,,
   110.013892084,65909277132,,instructions,250059955,2.46,2.95,insn per cycle
   110.013892084,515269,,MACHINE_CLEARS.COUNT,481089730,4.73,,
   110.013892084,2478998,,BR_MISP_RETIRED.ALL_BRANCHES,481089730,4.73,,
   110.013892084,22309988,,INT_MISC.CLEAR_RESTEER_CYCLES,481089730,4.73,,
   110.013892084,19474149791,,MEM_LOAD_RETIRED.L1_HIT,481089730,4.73,,
   110.013892084,22373615329,,cpu-cycles,481089730,4.73,,
   110.013892084,22373615202,,ref-cycles,481089730,4.73,,
   110.013892084,65960111232,,instructions,481089730,4.73,2.95,insn per cycle
   110.013892084,65418115928,,UOPS_ISSUED.ANY,500022560,4.92,,
   110.013892084,65037357238,,UOPS_RETIRED.RETIRE_SLOTS,500022560,4.92,,
   110.013892084,18114646,,INT_MISC.RECOVERY_CYCLES_ANY,500022560,4.92,,
   110.013892084,18114646,,INT_MISC.RECOVERY_CYCLES,500022560,4.92,,
   110.013892084,22371864753,,cpu-cycles,500022560,4.92,,
   110.013892084,22371865954,,ref-cycles,500022560,4.92,,
   110.013892084,65938786994,,instructions,500022560,4.92,2.95,insn per cycle
   110.013892084,22372770170,,CPU_CLK_UNHALTED.THREAD_ANY,500022500,4.92,,
   110.013892084,16184139175,,IDQ_UOPS_NOT_DELIVERED.CORE,500022500,4.92,,
   110.013892084,1117845168,,CYCLE_ACTIVITY.STALLS_MEM_ANY,500022500,4.92,,
   110.013892084,1298848530,,CYCLE_ACTIVITY.STALLS_TOTAL,500022500,4.92,,
   110.013892084,22372770170,,cpu-cycles,500022500,4.92,,
   110.013892084,22372768360,,ref-cycles,500022500,4.92,,
   110.013892084,66001918061,,instructions,500022500,4.92,2.95,insn per cycle
   110.013892084,2863176781,,EXE_ACTIVITY.1_PORTS_UTIL,500022432,4.92,,
   110.013892084,3600965398,,EXE_ACTIVITY.2_PORTS_UTIL,500022432,4.92,,
   110.013892084,132323190,,EXE_ACTIVITY.BOUND_ON_STORES,500022432,4.92,,
   110.013892084,6946168,,EXE_ACTIVITY.EXE_BOUND_0_PORTS,500022432,4.92,,
   110.013892084,22372658484,,cpu-cycles,500022432,4.92,,
   110.013892084,22372657731,,ref-cycles,500022432,4.92,,
   110.013892084,65960230304,,instructions,500022432,4.92,2.95,insn per cycle
   110.013892084,52383097,,MEM_LOAD_RETIRED.L2_HIT,500023005,4.92,,
   110.013892084,51118746,,MEM_LOAD_RETIRED.FB_HIT,500023005,4.92,,
   110.013892084,65958565,,MEM_LOAD_RETIRED.L1_MISS,500023005,4.92,,
   110.013892084,5702006,,L1D_PEND_MISS.FB_FULL:c1,500023005,4.92,,
   110.013892084,22372667228,,cpu-cycles,500023005,4.92,,
   110.013892084,22372667961,,ref-cycles,500023005,4.92,,
   110.013892084,65960448881,,instructions,500023005,4.92,2.95,insn per cycle
   110.013892084,181478079,,CYCLE_ACTIVITY.STALLS_L1D_MISS,500022550,4.92,,
   110.013892084,67528075,,CYCLE_ACTIVITY.STALLS_L2_MISS,500022550,4.92,,
   110.013892084,3597632,,CYCLE_ACTIVITY.STALLS_L3_MISS,500022550,4.92,,
   110.013892084,208053024,,OFFCORE_REQUESTS_OUTSTANDING.CYCLES_WITH_DEMAND_RFO,500022550,4.92,,
   110.013892084,22372775093,,cpu-cycles,500022550,4.92,,
   110.013892084,22372777147,,ref-cycles,500022550,4.92,,
   110.013892084,65924446638,,instructions,500022550,4.92,2.95,insn per cycle
   110.013892084,28028,,ITLB_MISSES.WALK_COMPLETED,500022473,4.92,,
   110.013892084,929277,,ITLB_MISSES.WALK_ACTIVE,500022473,4.92,,
   110.013892084,20,,DTLB_LOAD_MISSES.WALK_COMPLETED,500022473,4.92,,
   110.013892084,42814,,DTLB_LOAD_MISSES.WALK_ACTIVE,500022473,4.92,,
   110.013892084,22372730474,,cpu-cycles,500022473,4.92,,
   110.013892084,22372730555,,ref-cycles,500022473,4.92,,
   110.013892084,65969070155,,instructions,500022473,4.92,2.95,insn per cycle
   110.013892084,0,,DTLB_STORE_MISSES.WALK_COMPLETED,500022515,4.92,,
   110.013892084,183,,DTLB_STORE_MISSES.WALK_ACTIVE,500022515,4.92,,
   110.013892084,780670817,,IDQ_UOPS_NOT_DELIVERED.CYCLES_0_UOPS_DELIV.CORE,500022515,4.92,,
   110.013892084,53615,,BACLEARS.ANY,500022515,4.92,,
   110.013892084,22372703759,,cpu-cycles,500022515,4.92,,
   110.013892084,22372702884,,ref-cycles,500022515,4.92,,
   110.013892084,65943299761,,instructions,500022515,4.92,2.95,insn per cycle
   110.013892084,3001319,,MEM_INST_RETIRED.LOCK_LOADS,513417116,5.05,,
   110.013892084,21118718,,L2_RQSTS.ALL_RFO,513417116,5.05,,
   110.013892084,7940421939,,MEM_INST_RETIRED.ALL_STORES,513417116,5.05,,
   110.013892084,11358394,,L2_RQSTS.RFO_HIT,513417116,5.05,,
   110.013892084,22365151658,,cpu-cycles,513417116,5.05,,
   110.013892084,22365146210,,ref-cycles,513417116,5.05,,
   110.013892084,64949008871,,instructions,513417116,5.05,2.90,insn per cycle
   110.013892084,408,,OFFCORE_REQUESTS_OUTSTANDING.L3_MISS_DEMAND_DATA_RD_GE_6,621802380,6.11,,
   110.013892084,13252465,,OFFCORE_REQUESTS_OUTSTANDING.CYCLES_WITH_L3_MISS_DEMAND_DATA_RD,621802380,6.11,,
   110.013892084,22318712317,,cpu-cycles,621802380,6.11,,
   110.013892084,22318709569,,ref-cycles,621802380,6.11,,
   110.013892084,58796409236,,instructions,621802380,6.11,2.63,insn per cycle
   110.013892084,20705755918,,UOPS_EXECUTED.CORE_CYCLES_GE_1,533428044,5.24,,
   110.013892084,17790176556,,UOPS_EXECUTED.CORE_CYCLES_GE_2,533428044,5.24,,
   110.013892084,14180670118,,UOPS_EXECUTED.CORE_CYCLES_GE_3,533428044,5.24,,
   110.013892084,6982997494,,UOPS_RETIRED.MACRO_FUSED,533428044,5.24,,
   110.013892084,22352218982,,cpu-cycles,533428044,5.24,,
   110.013892084,22352218124,,ref-cycles,533428044,5.24,,
   110.013892084,63686620094,,instructions,533428044,5.24,2.85,insn per cycle
   110.013892084,67436845,,FP_ARITH_INST_RETIRED.SCALAR_SINGLE:u0x03,500022329,4.92,,
   110.013892084,33596730,,FP_ARITH_INST_RETIRED.128B_PACKED_DOUBLE:u0xfc,500022329,4.92,,
   110.013892084,7542044,,ICACHE_16B.IFDATA_STALL,500022329,4.92,,
   110.013892084,1022372,,ICACHE_16B.IFDATA_STALL:c1:e1,500022329,4.92,,
   110.013892084,22372757431,,cpu-cycles,500022329,4.92,,
   110.013892084,22372758916,,ref-cycles,500022329,4.92,,
   110.013892084,65925043690,,instructions,500022329,4.92,2.95,insn per cycle
   110.013892084,18829090,,L2_RQSTS.ALL_CODE_RD,500022799,4.92,,
   110.013892084,0,,ITLB_MISSES.WALK_COMPLETED_2M_4M,500022799,4.92,,
   110.013892084,28997626,,L2_LINES_IN.ALL,500022799,4.92,,
   110.013892084,13560739,,MEM_LOAD_RETIRED.L2_MISS,500022799,4.92,,
   110.013892084,22372727080,,cpu-cycles,500022799,4.92,,
   110.013892084,22372725880,,ref-cycles,500022799,4.92,,
   110.013892084,65961048958,,instructions,500022799,4.92,2.95,insn per cycle
   110.013892084,409782,,L2_RQSTS.CODE_RD_MISS,500022620,4.92,,
   110.013892084,0,,DTLB_LOAD_MISSES.WALK_COMPLETED_2M_4M,500022620,4.92,,
   110.013892084,40,,DTLB_LOAD_MISSES.WALK_COMPLETED_4K,500022620,4.92,,
   110.013892084,0,,DTLB_LOAD_MISSES.WALK_COMPLETED_1G,500022620,4.92,,
   110.013892084,22372756984,,cpu-cycles,500022620,4.92,,
   110.013892084,22372759099,,ref-cycles,500022620,4.92,,
   110.013892084,65952268842,,instructions,500022620,4.92,2.95,insn per cycle
   110.013892084,51013101,,MEM_LOAD_RETIRED.FB_HIT,500022517,4.92,,
   110.013892084,0,,CYCLE_ACTIVITY.CYCLES_MEM_ANY,500022517,4.92,,
   110.013892084,717639166,,CYCLE_ACTIVITY.CYCLES_L1D_MISS,500022517,4.92,,
   110.013892084,22372820203,,cpu-cycles,500022517,4.92,,
   110.013892084,22372821260,,ref-cycles,500022517,4.92,,
   110.013892084,66006613189,,instructions,500022517,4.92,2.95,insn per cycle
   110.013892084,2820941799,,IDQ.MS_UOPS,500022501,4.92,,
   110.013892084,2755270,,ICACHE_64B.IFTAG_STALL,500022501,4.92,,
   110.013892084,10413799,,DTLB_LOAD_MISSES.STLB_HIT:c1,500022501,4.92,,
   110.013892084,22372874574,,cpu-cycles,500022501,4.92,,
   110.013892084,22372873842,,ref-cycles,500022501,4.92,,
   110.013892084,65940502620,,instructions,500022501,4.92,2.95,insn per cycle
   110.013892084,7732034,,ICACHE_16B.IFDATA_STALL,270466458,2.66,,
   110.013892084,1048854,,ICACHE_16B.IFDATA_STALL:c1:e1,270466458,2.66,,
   110.013892084,824553,,ARITH.DIVIDER_ACTIVE,270466458,2.66,,
   110.013892084,1298384769,,UOPS_EXECUTED.CORE_CYCLES_NONE,270466458,2.66,,
   110.013892084,22371591863,,cpu-cycles,270466458,2.66,,
   110.013892084,22371597654,,ref-cycles,270466458,2.66,,
   110.013892084,65997381467,,instructions,270466458,2.66,2.95,insn per cycle
   110.013892084,254234885,,CPU_CLK_THREAD_UNHALTED.ONE_THREAD_ACTIVE,250011300,2.46,,
   110.013892084,254234885,,CPU_CLK_THREAD_UNHALTED.REF_XCLK_ANY,250011300,2.46,,
   110.013892084,19138496,,cpu-cycles:k,250011300,2.46,,
   110.013892084,19108881,,ref-cycles:k,250011300,2.46,,
   110.013892084,15121084,,instructions:k,250011300,2.46,0.38,insn per cycle
   110.013892084,34553010495,,IDQ.DSB_UOPS,250011276,2.46,,
   110.013892084,27451625519,,IDQ.MITE_UOPS,250011276,2.46,,
   110.013892084,0,,LSD.UOPS,250011276,2.46,,
   110.013892084,22372910967,,cpu-cycles,250011276,2.46,,
   110.013892084,22372909421,,ref-cycles,250011276,2.46,,
   110.013892084,65941821232,,instructions,250011276,2.46,2.95,insn per cycle
   110.013892084,11099526172,,IDQ.ALL_MITE_CYCLES_ANY_UOPS,250011288,2.46,,
   110.013892084,4032459799,,IDQ.ALL_MITE_CYCLES_4_UOPS,250011288,2.46,,
   110.013892084,22372880719,,cpu-cycles,250011288,2.46,,
   110.013892084,22372879133,,ref-cycles,250011288,2.46,,
   110.013892084,65980718198,,instructions,250011288,2.46,2.95,insn per cycle
   110.013892084,7400722362,,IDQ.ALL_DSB_CYCLES_ANY_UOPS,250011344,2.46,,
   110.013892084,5765061046,,IDQ.ALL_DSB_CYCLES_4_UOPS,250011344,2.46,,
   110.013892084,22372904988,,cpu-cycles,250011344,2.46,,
   110.013892084,22372904744,,ref-cycles,250011344,2.46,,
   110.013892084,65910187347,,instructions,250011344,2.46,2.95,insn per cycle
   110.013892084,0,,MEM_LOAD_L3_HIT_RETIRED.XSNP_HIT,250011337,2.46,,
   110.013892084,221743,,MEM_LOAD_L3_HIT_RETIRED.XSNP_HITM,250011337,2.46,,
   110.013892084,22372906113,,cpu-cycles,250011337,2.46,,
   110.013892084,22372908147,,ref-cycles,250011337,2.46,,
   110.013892084,65937568829,,instructions,250011337,2.46,2.95,insn per cycle
   110.013892084,55567,,UOPS_EXECUTED.X87,250011345,2.46,,
   110.013892084,70208434507,,UOPS_EXECUTED.THREAD,250011345,2.46,,
   110.013892084,22372968488,,cpu-cycles,250011345,2.46,,
   110.013892084,22372966048,,ref-cycles,250011345,2.46,,
   110.013892084,66001379808,,instructions,250011345,2.46,2.95,insn per cycle
   110.013892084,<not supported>,,cstate_core/c6-residency/,0,100.00,,
   110.013892084,<not supported>,,cstate_pkg/c6-residency/,0,100.00,,
   115.014496724,22368483900,,CORE_POWER.LVL0_TURBO_LICENSE,500022525,4.92,,
   115.014496724,0,,CORE_POWER.LVL1_TURBO_LICENSE,500022525,4.92,,
   115.014496724,0,,CORE_POWER.LVL2_TURBO_LICENSE,500022525,4.92,,
   115.014496724,108750900,,L1D.REPLACEMENT,500022525,4.92,,
   115.014496724,22368483900,,cpu-cycles,500022525,4.92,,
   115.014496724,22368483818,,ref-cycles,500022525,4.92,,
   115.014496724,65998869870,,instructions,500022525,4.92,2.95,insn per cycle
   115.014496724,508124,,MACHINE_CLEARS.COUNT,500022766,4.92,,
   115.014496724,2470647,,BR_MISP_RETIRED.ALL_BRANCHES,500022766,4.92,,
   115.014496724,22098544,,INT_MISC.CLEAR_RESTEER_CYCLES,500022766,4.92,,
   115.014496724,19480729913,,MEM_LOAD_RETIRED.L1_HIT,500022766,4.92,,
   115.014496724,22368262662,,cpu-cycles,500022766,4.92,,
   115.014496724,22368262743,,ref-cycles,500022766,4.92,,
   115.014496724,65981460453,,instructions,500022766,4.92,2.95,insn per cycle
   115.014496724,62216907689,,UOPS_ISSUED.ANY,500023592,4.92,,
   115.014496724,61475693986,,UOPS_RETIRED.RETIRE_SLOTS,500023592,4.92,,
   115.014496724,52233333,,INT_MISC.RECOVERY_CYCLES_ANY,500023592,4.92,,
   115.014496724,52233333,,INT_MISC.RECOVERY_CYCLES,500023592,4.92,,
   115.014496724,22368298466,,cpu-cycles,500023592,4.92,,
   115.014496724,22368299076,,ref-cycles,500023592,4.92,,
   115.014496724,61142601048,,instructions,500023592,4.92,2.73,insn per cycle
   115.014496724,22367414600,,CPU_CLK_UNHALTED.THREAD_ANY,500022642,4.92,,
   115.014496724,12179802724,,IDQ_UOPS_NOT_DELIVERED.CORE,500022642,4.92,,
   115.014496724,2440810389,,CYCLE_ACTIVITY.STALLS_MEM_ANY,500022642,4.92,,
   115.014496724,3267722625,,CYCLE_ACTIVITY.STALLS_TOTAL,500022642,4.92,,
   115.014496724,22367414600,,cpu-cycles,500022642,4.92,,
   115.014496724,22367413136,,ref-cycles,500022642,4.92,,
   115.014496724,54021354464,,instructions,500022642,4.92,2.42,insn per cycle
   115.014496724,2661884732,,EXE_ACTIVITY.1_PORTS_UTIL,500023236,4.92,,
   115.014496724,3527752197,,EXE_ACTIVITY.2_PORTS_UTIL,500023236,4.92,,
   115.014496724,642857785,,EXE_ACTIVITY.BOUND_ON_STORES,500023236,4.92,,
   115.014496724,48685158,,EXE_ACTIVITY.EXE_BOUND_0_PORTS,500023236,4.92,,
   115.014496724,22367207547,,cpu-cycles,500023236,4.92,,
   115.014496724,22367206347,,ref-cycles,500023236,4.92,,
   115.014496724,53748864346,,instructions,500023236,4.92,2.40,insn per cycle
   115.014496724,197401804,,MEM_LOAD_RETIRED.L2_HIT,500022234,4.92,,
   115.014496724,349533707,,MEM_LOAD_RETIRED.FB_HIT,500022234,4.92,,
   115.014496724,241144870,,MEM_LOAD_RETIRED.L1_MISS,500022234,4.92,,
   115.014496724,329575305,,L1D_PEND_MISS.FB_FULL:c1,500022234,4.92,,
   115.014496724,22367178733,,cpu-cycles,500022234,4.92,,
   115.014496724,22367176252,,ref-cycles,500022234,4.92,,
   115.014496724,53734275541,,instructions,500022234,4.92,2.40,insn per cycle
   115.014496724,880381744,,CYCLE_ACTIVITY.STALLS_L1D_MISS,500022617,4.92,,
   115.014496724,579664881,,CYCLE_ACTIVITY.STALLS_L2_MISS,500022617,4.92,,
   115.014496724,232605016,,CYCLE_ACTIVITY.STALLS_L3_MISS,500022617,4.92,,
   115.014496724,3055457178,,OFFCORE_REQUESTS_OUTSTANDING.CYCLES_WITH_DEMAND_RFO,500022617,4.92,,
   115.014496724,22367140829,,cpu-cycles,500022617,4.92,,
   115.014496724,22367138694,,ref-cycles,500022617,4.92,,
   115.014496724,53781381092,,instructions,500022617,4.92,2.40,insn per cycle
   115.014496724,17264,,ITLB_MISSES.WALK_COMPLETED,500022563,4.92,,
   115.014496724,631704,,ITLB_MISSES.WALK_ACTIVE,500022563,4.92,,
   115.014496724,20,,DTLB_LOAD_MISSES.WALK_COMPLETED,500022563,4.92,,
   115.014496724,57956,,DTLB_LOAD_MISSES.WALK_ACTIVE,500022563,4.92,,
   115.014496724,22367090372,,cpu-cycles,500022563,4.92,,
   115.014496724,22367091510,,ref-cycles,500022563,4.92,,
   115.014496724,53788838365,,instructions,500022563,4.92,2.40,insn per cycle
   115.014496724,1931,,DTLB_STORE_MISSES.WALK_COMPLETED,500010405,4.92,,
   115.014496724,135804,,DTLB_STORE_MISSES.WALK_ACTIVE,500010405,4.92,,
   115.014496724,766829258,,IDQ_UOPS_NOT_DELIVERED.CYCLES_0_UOPS_DELIV.CORE,500010405,4.92,,
   115.014496724,650754,,BACLEARS.ANY,500010405,4.92,,
   115.014496724,22366572786,,cpu-cycles,500010405,4.92,,
   115.014496724,22366574027,,ref-cycles,500010405,4.92,,
   115.014496724,53779211925,,instructions,500010405,4.92,2.40,insn per cycle
   115.014496724,771730,,MEM_INST_RETIRED.LOCK_LOADS,271529071,2.67,,
   115.014496724,60095579,,L2_RQSTS.ALL_RFO,271529071,2.67,,
   115.014496724,7921682516,,MEM_INST_RETIRED.ALL_STORES,271529071,2.67,,
   115.014496724,27447598,,L2_RQSTS.RFO_HIT,271529071,2.67,,
   115.014496724,22365086241,,cpu-cycles,271529071,2.67,,
   115.014496724,22365104815,,ref-cycles,271529071,2.67,,
   115.014496724,64008585495,,instructions,271529071,2.67,2.86,insn per cycle
   115.014496724,0,,OFFCORE_REQUESTS_OUTSTANDING.L3_MISS_DEMAND_DATA_RD_GE_6,250011257,2.46,,
   115.014496724,5765023,,OFFCORE_REQUESTS_OUTSTANDING.CYCLES_WITH_L3_MISS_DEMAND_DATA_RD,250011257,2.46,,
   115.014496724,22368241634,,cpu-cycles,250011257,2.46,,
   115.014496724,22368242000,,ref-cycles,250011257,2.46,,
   115.014496724,65986413626,,instructions,250011257,2.46,2.95,insn per cycle
   115.014496724,18725103737,,UOPS_EXECUTED.CORE_CYCLES_GE_1,416598872,4.10,,
   115.014496724,15418362090,,UOPS_EXECUTED.CORE_CYCLES_GE_2,416598872,4.10,,
   115.014496724,11708157221,,UOPS_EXECUTED.CORE_CYCLES_GE_3,416598872,4.10,,
   115.014496724,5580975175,,UOPS_RETIRED.MACRO_FUSED,416598872,4.10,,
   115.014496724,22241889513,,cpu-cycles,416598872,4.10,,
   115.014496724,22241897592,,ref-cycles,416598872,4.10,,
   115.014496724,51345152198,,instructions,416598872,4.10,2.30,insn per cycle
   115.014496724,67324906,,FP_ARITH_INST_RETIRED.SCALAR_SINGLE:u0x03,250011417,2.46,,
   115.014496724,33540968,,FP_ARITH_INST_RETIRED.128B_PACKED_DOUBLE:u0xfc,250011417,2.46,,
   115.014496724,8104021,,ICACHE_16B.IFDATA_STALL,250011417,2.46,,
   115.014496724,1062250,,ICACHE_16B.IFDATA_STALL:c1:e1,250011417,2.46,,
   115.014496724,22368237030,,cpu-cycles,250011417,2.46,,
   115.014496724,22368239511,,ref-cycles,250011417,2.46,,
   115.014496724,65923441582,,instructions,250011417,2.46,2.95,insn per cycle
   115.014496724,18867953,,L2_RQSTS.ALL_CODE_RD,250011211,2.46,,
   115.014496724,0,,ITLB_MISSES.WALK_COMPLETED_2M_4M,250011211,2.46,,
   115.014496724,28998221,,L2_LINES_IN.ALL,250011211,2.46,,
   115.014496724,13565156,,MEM_LOAD_RETIRED.L2_MISS,250011211,2.46,,
   115.014496724,22367755593,,cpu-cycles,250011211,2.46,,
   115.014496724,22367752461,,ref-cycles,250011211,2.46,,
   115.014496724,65968155667,,instructions,250011211,2.46,2.95,insn per cycle
   115.014496724,402075,,L2_RQSTS.CODE_RD_MISS,250011270,2.46,,
   115.014496724,0,,DTLB_LOAD_MISSES.WALK_COMPLETED_2M_4M,250011270,2.46,,
   115.014496724,40,,DTLB_LOAD_MISSES.WALK_COMPLETED_4K,250011270,2.46,,
   115.014496724,0,,DTLB_LOAD_MISSES.WALK_COMPLETED_1G,250011270,2.46,,
   115.014496724,22368097727,,cpu-cycles,250011270,2.46,,
   115.014496724,22368097808,,ref-cycles,250011270,2.46,,
   115.014496724,65895303120,,instructions,250011270,2.46,2.95,insn per cycle
   115.014496724,51008926,,MEM_LOAD_RETIRED.FB_HIT,250011430,2.46,,
   115.014496724,0,,CYCLE_ACTIVITY.CYCLES_MEM_ANY,250011430,2.46,,
   115.014496724,717069610,,CYCLE_ACTIVITY.CYCLES_L1D_MISS,250011430,2.46,,
   115.014496724,22368212284,,cpu-cycles,250011430,2.46,,
   115.014496724,22368209071,,ref-cycles,250011430,2.46,,
   115.014496724,65982046277,,instructions,250011430,2.46,2.95,insn per cycle
   115.014496724,2820542331,,IDQ.MS_UOPS,250011200,2.46,,
   115.014496724,2870128,,ICACHE_64B.IFTAG_STALL,250011200,2.46,,
   115.014496724,10388817,,DTLB_LOAD_MISSES.STLB_HIT:c1,250011200,2.46,,
   115.014496724,22368330038,,cpu-cycles,250011200,2.46,,
   115.014496724,22368330282,,ref-cycles,250011200,2.46,,
   115.014496724,65909572606,,instructions,250011200,2.46,2.95,insn per cycle
   115.014496724,7609257,,ICACHE_16B.IFDATA_STALL,479567719,4.72,,
   115.014496724,1039963,,ICACHE_16B.IFDATA_STALL:c1:e1,479567719,4.72,,
   115.014496724,816865,,ARITH.DIVIDER_ACTIVE,479567719,4.72,,
   115.014496724,1291321071,,UOPS_EXECUTED.CORE_CYCLES_NONE,479567719,4.72,,
   115.014496724,22369177053,,cpu-cycles,479567719,4.72,,
   115.014496724,22369176438,,ref-cycles,479567719,4.72,,
   115.014496724,65945240427,,instructions,479567719,4.72,2.95,insn per cycle
   115.014496724,254177597,,CPU_CLK_THREAD_UNHALTED.ONE_THREAD_ACTIVE,500022617,4.92,,
   115.014496724,254177597,,CPU_CLK_THREAD_UNHALTED.REF_XCLK_ANY,500022617,4.92,,
   115.014496724,19436363,,cpu-cycles:k,500022617,4.92,,
   115.014496724,19452204,,ref-cycles:k,500022617,4.92,,
   115.014496724,15136587,,instructions:k,500022617,4.92,0.38,insn per cycle
   115.014496724,34618866238,,IDQ.DSB_UOPS,500022433,4.92,,
   115.014496724,27407673498,,IDQ.MITE_UOPS,500022433,4.92,,
   115.014496724,0,,LSD.UOPS,500022433,4.92,,
   115.014496724,22368251290,,cpu-cycles,500022433,4.92,,
   115.014496724,22368250578,,ref-cycles,500022433,4.92,,
   115.014496724,65962330900,,instructions,500022433,4.92,2.95,insn per cycle
   115.014496724,11093093583,,IDQ.ALL_MITE_CYCLES_ANY_UOPS,500022562,4.92,,
   115.014496724,4030948119,,IDQ.ALL_MITE_CYCLES_4_UOPS,500022562,4.92,,
   115.014496724,22368505074,,cpu-cycles,500022562,4.92,,
   115.014496724,22368503101,,ref-cycles,500022562,4.92,,
   115.014496724,65938382131,,instructions,500022562,4.92,2.95,insn per cycle
   115.014496724,7514319135,,IDQ.ALL_DSB_CYCLES_ANY_UOPS,500022912,4.92,,
   115.014496724,5875141577,,IDQ.ALL_DSB_CYCLES_4_UOPS,500022912,4.92,,
   115.014496724,22368520746,,cpu-cycles,500022912,4.92,,
   115.014496724,22368520055,,ref-cycles,500022912,4.92,,
   115.014496724,66006663448,,instructions,500022912,4.92,2.95,insn per cycle
   115.014496724,0,,MEM_LOAD_L3_HIT_RETIRED.XSNP_HIT,500022465,4.92,,
   115.014496724,222735,,MEM_LOAD_L3_HIT_RETIRED.XSNP_HITM,500022465,4.92,,
   115.014496724,22368560260,,cpu-cycles,500022465,4.92,,
   115.014496724,22368558410,,ref-cycles,500022465,4.92,,
   115.014496724,65954377007,,instructions,500022465,4.92,2.95,insn per cycle
   115.014496724,55556,,UOPS_EXECUTED.X87,500022586,4.92,,
   115.014496724,70154674137,,UOPS_EXECUTED.THREAD,500022586,4.92,,
   115.014496724,22368519211,,cpu-cycles,500022586,4.92,,
   115.014496724,22368519293,,ref-cycles,500022586,4.92,,
   115.014496724,65950087914,,instructions,500022586,4.92,2.95,insn per cycle
   115.014496724,<not supported>,,cstate_core/c6-residency/,0,100.00,,
   115.014496724,<not supported>,,cstate_pkg/c6-residency/,0,100.00,,
   120.015110729,22378726239,,CORE_POWER.LVL0_TURBO_LICENSE,500003885,4.91,,
   120.015110729,0,,CORE_POWER.LVL1_TURBO_LICENSE,500003885,4.91,,
   120.015110729,0,,CORE_POWER.LVL2_TURBO_LICENSE,500003885,4.91,,
   120.015110729,1445940960,,L1D.REPLACEMENT,500003885,4.91,,
   120.015110729,22378726239,,cpu-cycles,500003885,4.91,,
   120.015110729,22378726891,,ref-cycles,500003885,4.91,,
   120.015110729,41634606844,,instructions,500003885,4.91,1.86,insn per cycle
   120.015110729,5767467,,MACHINE_CLEARS.COUNT,272588206,2.68,,
   120.015110729,29367282,,BR_MISP_RETIRED.ALL_BRANCHES,272588206,2.68,,
   120.015110729,152554463,,INT_MISC.CLEAR_RESTEER_CYCLES,272588206,2.68,,
   120.015110729,13143452875,,MEM_LOAD_RETIRED.L1_HIT,272588206,2.68,,
   120.015110729,22376954028,,cpu-cycles,272588206,2.68,,
   120.015110729,22376979073,,ref-cycles,272588206,2.68,,
   120.015110729,41642511929,,instructions,272588206,2.68,1.86,insn per cycle
   120.015110729,48099526775,,UOPS_ISSUED.ANY,250011884,2.46,,
   120.015110729,45775975837,,UOPS_RETIRED.RETIRE_SLOTS,250011884,2.46,,
   120.015110729,181601997,,INT_MISC.RECOVERY_CYCLES_ANY,250011884,2.46,,
   120.015110729,181601997,,INT_MISC.RECOVERY_CYCLES,250011884,2.46,,
   120.015110729,22379623935,,cpu-cycles,250011884,2.46,,
   120.015110729,22379624709,,ref-cycles,250011884,2.46,,
   120.015110729,41662536170,,instructions,250011884,2.46,1.86,insn per cycle
   120.015110729,22379887806,,CPU_CLK_UNHALTED.THREAD_ANY,250011240,2.46,,
   120.015110729,8292436310,,IDQ_UOPS_NOT_DELIVERED.CORE,250011240,2.46,,
   120.015110729,4026761077,,CYCLE_ACTIVITY.STALLS_MEM_ANY,250011240,2.46,,
   120.015110729,5557623057,,CYCLE_ACTIVITY.STALLS_TOTAL,250011240,2.46,,
   120.015110729,22379887806,,cpu-cycles,250011240,2.46,,
   120.015110729,22379888823,,ref-cycles,250011240,2.46,,
   120.015110729,41588023092,,instructions,250011240,2.46,1.86,insn per cycle
   120.015110729,2502717064,,EXE_ACTIVITY.1_PORTS_UTIL,250011461,2.46,,
   120.015110729,3495233699,,EXE_ACTIVITY.2_PORTS_UTIL,250011461,2.46,,
   120.015110729,1153652430,,EXE_ACTIVITY.BOUND_ON_STORES,250011461,2.46,,
   120.015110729,88097718,,EXE_ACTIVITY.EXE_BOUND_0_PORTS,250011461,2.46,,
   120.015110729,22379590817,,cpu-cycles,250011461,2.46,,
   120.015110729,22379591712,,ref-cycles,250011461,2.46,,
   120.015110729,41634590269,,instructions,250011461,2.46,1.86,insn per cycle
   120.015110729,343789250,,MEM_LOAD_RETIRED.L2_HIT,250011241,2.46,,
   120.015110729,650047085,,MEM_LOAD_RETIRED.FB_HIT,250011241,2.46,,
   120.015110729,417431426,,MEM_LOAD_RETIRED.L1_MISS,250011241,2.46,,
   120.015110729,653390500,,L1D_PEND_MISS.FB_FULL:c1,250011241,2.46,,
   120.015110729,22379693505,,cpu-cycles,250011241,2.46,,
   120.015110729,22379696232,,ref-cycles,250011241,2.46,,
   120.015110729,41662834066,,instructions,250011241,2.46,1.86,insn per cycle
   120.015110729,1566487348,,CYCLE_ACTIVITY.STALLS_L1D_MISS,250010652,2.46,,
   120.015110729,1081121701,,CYCLE_ACTIVITY.STALLS_L2_MISS,250010652,2.46,,
   120.015110729,463426624,,CYCLE_ACTIVITY.STALLS_L3_MISS,250010652,2.46,,
   120.015110729,5891314046,,OFFCORE_REQUESTS_OUTSTANDING.CYCLES_WITH_DEMAND_RFO,250010652,2.46,,
   120.015110729,22379529424,,cpu-cycles,250010652,2.46,,
   120.015110729,22379529180,,ref-cycles,250010652,2.46,,
   120.015110729,41640661956,,instructions,250010652,2.46,1.86,insn per cycle
   120.015110729,7365,,ITLB_MISSES.WALK_COMPLETED,250011470,2.46,,
   120.015110729,405453,,ITLB_MISSES.WALK_ACTIVE,250011470,2.46,,
   120.015110729,0,,DTLB_LOAD_MISSES.WALK_COMPLETED,250011470,2.46,,
   120.015110729,76508,,DTLB_LOAD_MISSES.WALK_ACTIVE,250011470,2.46,,
   120.015110729,22379545503,,cpu-cycles,250011470,2.46,,
   120.015110729,22379545788,,ref-cycles,250011470,2.46,,
   120.015110729,41510150503,,instructions,250011470,2.46,1.86,insn per cycle
   120.015110729,4720,,DTLB_STORE_MISSES.WALK_COMPLETED,250011850,2.46,,
   120.015110729,292684,,DTLB_STORE_MISSES.WALK_ACTIVE,250011850,2.46,,
   120.015110729,752578992,,IDQ_UOPS_NOT_DELIVERED.CYCLES_0_UOPS_DELIV.CORE,250011850,2.46,,
   120.015110729,1244315,,BACLEARS.ANY,250011850,2.46,,
   120.015110729,22379712019,,cpu-cycles,250011850,2.46,,
   120.015110729,22379712548,,ref-cycles,250011850,2.46,,
   120.015110729,41610242873,,instructions,250011850,2.46,1.86,insn per cycle
   120.015110729,9542642,,MEM_INST_RETIRED.LOCK_LOADS,478504944,4.70,,
   120.015110729,508829741,,L2_RQSTS.ALL_RFO,478504944,4.70,,
   120.015110729,6525299084,,MEM_INST_RETIRED.ALL_STORES,478504944,4.70,,
   120.015110729,210610013,,L2_RQSTS.RFO_HIT,478504944,4.70,,
   120.015110729,22381440147,,cpu-cycles,478504944,4.70,,
   120.015110729,22381431025,,ref-cycles,478504944,4.70,,
   120.015110729,41604327535,,instructions,478504944,4.70,1.86,insn per cycle
   120.015110729,7217805,,OFFCORE_REQUESTS_OUTSTANDING.L3_MISS_DEMAND_DATA_RD_GE_6,500022982,4.91,,
   120.015110729,703630930,,OFFCORE_REQUESTS_OUTSTANDING.CYCLES_WITH_L3_MISS_DEMAND_DATA_RD,500022982,4.91,,
   120.015110729,22379719527,,cpu-cycles,500022982,4.91,,
   120.015110729,22379722457,,ref-cycles,500022982,4.91,,
   120.015110729,41588290705,,instructions,500022982,4.91,1.86,insn per cycle
   120.015110729,16411089874,,UOPS_EXECUTED.CORE_CYCLES_GE_1,672812852,6.61,,
   120.015110729,13515923100,,UOPS_EXECUTED.CORE_CYCLES_GE_2,672812852,6.61,,
   120.015110729,9917430558,,UOPS_EXECUTED.CORE_CYCLES_GE_3,672812852,6.61,,
   120.015110729,2842773402,,UOPS_RETIRED.MACRO_FUSED,672812852,6.61,,
   120.015110729,22296251091,,cpu-cycles,672812852,6.61,,
   120.015110729,22296241276,,ref-cycles,672812852,6.61,,
   120.015110729,38486866863,,instructions,672812852,6.61,1.72,insn per cycle
   120.015110729,577086,,FP_ARITH_INST_RETIRED.SCALAR_SINGLE:u0x03,500023271,4.91,,
   120.015110729,206266,,FP_ARITH_INST_RETIRED.128B_PACKED_DOUBLE:u0xfc,500023271,4.91,,
   120.015110729,50055767,,ICACHE_16B.IFDATA_STALL,500023271,4.91,,
   120.015110729,3972354,,ICACHE_16B.IFDATA_STALL:c1:e1,500023271,4.91,,
   120.015110729,22379788723,,cpu-cycles,500023271,4.91,,
   120.015110729,22379788478,,ref-cycles,500023271,4.91,,
   120.015110729,41585156757,,instructions,500023271,4.91,1.86,insn per cycle
   120.015110729,38657895,,L2_RQSTS.ALL_CODE_RD,500022247,4.91,,
   120.015110729,0,,ITLB_MISSES.WALK_COMPLETED_2M_4M,500022247,4.91,,
   120.015110729,616859444,,L2_LINES_IN.ALL,500022247,4.91,,
   120.015110729,73950631,,MEM_LOAD_RETIRED.L2_MISS,500022247,4.91,,
   120.015110729,22379796929,,cpu-cycles,500022247,4.91,,
   120.015110729,22379797620,,ref-cycles,500022247,4.91,,
   120.015110729,41553633203,,instructions,500022247,4.91,1.86,insn per cycle
   120.015110729,2386583,,L2_RQSTS.CODE_RD_MISS,500023085,4.91,,
   120.015110729,0,,DTLB_LOAD_MISSES.WALK_COMPLETED_2M_4M,500023085,4.91,,
   120.015110729,0,,DTLB_LOAD_MISSES.WALK_COMPLETED_4K,500023085,4.91,,
   120.015110729,0,,DTLB_LOAD_MISSES.WALK_COMPLETED_1G,500023085,4.91,,
   120.015110729,22379726111,,cpu-cycles,500023085,4.91,,
   120.015110729,22379726884,,ref-cycles,500023085,4.91,,
   120.015110729,41642427532,,instructions,500023085,4.91,1.86,insn per cycle
   120.015110729,649458106,,MEM_LOAD_RETIRED.FB_HIT,500021633,4.91,,
   120.015110729,0,,CYCLE_ACTIVITY.CYCLES_MEM_ANY,500021633,4.91,,
   120.015110729,4429547044,,CYCLE_ACTIVITY.CYCLES_L1D_MISS,500021633,4.91,,
   120.015110729,22379792957,,cpu-cycles,500021633,4.91,,
   120.015110729,22379792123,,ref-cycles,500021633,4.91,,
   120.015110729,41638616348,,instructions,500021633,4.91,1.86,insn per cycle
   120.015110729,3378050370,,IDQ.MS_UOPS,500002982,4.91,,
   120.015110729,1424225,,ICACHE_64B.IFTAG_STALL,500002982,4.91,,
   120.015110729,225981584,,DTLB_LOAD_MISSES.STLB_HIT:c1,500002982,4.91,,
   120.015110729,22378761109,,cpu-cycles,500002982,4.91,,
   120.015110729,22378759664,,ref-cycles,500002982,4.91,,
   120.015110729,41592686534,,instructions,500002982,4.91,1.86,insn per cycle
   120.015110729,49368817,,ICACHE_16B.IFDATA_STALL,500022101,4.91,,
   120.015110729,3961414,,ICACHE_16B.IFDATA_STALL:c1:e1,500022101,4.91,,
   120.015110729,46466857,,ARITH.DIVIDER_ACTIVE,500022101,4.91,,
   120.015110729,5556307634,,UOPS_EXECUTED.CORE_CYCLES_NONE,500022101,4.91,,
   120.015110729,22380015744,,cpu-cycles,500022101,4.91,,
   120.015110729,22380016110,,ref-cycles,500022101,4.91,,
   120.015110729,41570865168,,instructions,500022101,4.91,1.86,insn per cycle
   120.015110729,254317933,,CPU_CLK_THREAD_UNHALTED.ONE_THREAD_ACTIVE,500023685,4.91,,
   120.015110729,254317933,,CPU_CLK_THREAD_UNHALTED.REF_XCLK_ANY,500023685,4.91,,
   120.015110729,13716794,,cpu-cycles:k,500023685,4.91,,
   120.015110729,13721454,,ref-cycles:k,500023685,4.91,,
   120.015110729,8624275,,instructions:k,500023685,4.91,0.23,insn per cycle
   120.015110729,31093417213,,IDQ.DSB_UOPS,500022194,4.91,,
   120.015110729,13771889441,,IDQ.MITE_UOPS,500022194,4.91,,
   120.015110729,0,,LSD.UOPS,500022194,4.91,,
   120.015110729,22380027336,,cpu-cycles,500022194,4.91,,
   120.015110729,22380028292,,ref-cycles,500022194,4.91,,
   120.015110729,41575124962,,instructions,500022194,4.91,1.86,insn per cycle
   120.015110729,4916431377,,IDQ.ALL_MITE_CYCLES_ANY_UOPS,500022090,4.91,,
   120.015110729,2104767374,,IDQ.ALL_MITE_CYCLES_4_UOPS,500022090,4.91,,
   120.015110729,22379960761,,cpu-cycles,500022090,4.91,,
   120.015110729,22379960436,,ref-cycles,500022090,4.91,,
   120.015110729,41536624174,,instructions,500022090,4.91,1.86,insn per cycle
   120.015110729,7246557941,,IDQ.ALL_DSB_CYCLES_ANY_UOPS,500022783,4.91,,
   120.015110729,5870285381,,IDQ.ALL_DSB_CYCLES_4_UOPS,500022783,4.91,,
   120.015110729,22380060420,,cpu-cycles,500022783,4.91,,
   120.015110729,22380060725,,ref-cycles,500022783,4.91,,
   120.015110729,41609584092,,instructions,500022783,4.91,1.86,insn per cycle
   120.015110729,284626,,MEM_LOAD_L3_HIT_RETIRED.XSNP_HIT,500023020,4.91,,
   120.015110729,5728070,,MEM_LOAD_L3_HIT_RETIRED.XSNP_HITM,500023020,4.91,,
   120.015110729,22380041829,,cpu-cycles,500023020,4.91,,
   120.015110729,22380041503,,ref-cycles,500023020,4.91,,
   120.015110729,41630555820,,instructions,500023020,4.91,1.86,insn per cycle
   120.015110729,5128122,,UOPS_EXECUTED.X87,500022098,4.91,,
   120.015110729,53252000723,,UOPS_EXECUTED.THREAD,500022098,4.91,,
   120.015110729,22380017599,,cpu-cycles,500022098,4.91,,
   120.015110729,22380018515,,ref-cycles,500022098,4.91,,
   120.015110729,41605364281,,instructions,500022098,4.91,1.86,insn per cycle
   120.015110729,<not supported>,,cstate_core/c6-residency/,0,100.00,,
   120.015110729,<not supported>,,cstate_pkg/c6-residency/,0,100.00,,
   125.015715861,22372944868,,CORE_POWER.LVL0_TURBO_LICENSE,250100489,2.46,,
   125.015715861,0,,CORE_POWER.LVL1_TURBO_LICENSE,250100489,2.46,,
   125.015715861,0,,CORE_POWER.LVL2_TURBO_LICENSE,250100489,2.46,,
   125.015715861,1443431379,,L1D.REPLACEMENT,250100489,2.46,,
   125.015715861,22372944868,,cpu-cycles,250100489,2.46,,
   125.015715861,22372940882,,ref-cycles,250100489,2.46,,
   125.015715861,41596793356,,instructions,250100489,2.46,1.86,insn per cycle
   125.015715861,6233080,,MACHINE_CLEARS.COUNT,477445998,4.69,,
   125.015715861,28970407,,BR_MISP_RETIRED.ALL_BRANCHES,477445998,4.69,,
   125.015715861,150270809,,INT_MISC.CLEAR_RESTEER_CYCLES,477445998,4.69,,
   125.015715861,13117205124,,MEM_LOAD_RETIRED.L1_HIT,477445998,4.69,,
   125.015715861,22377956680,,cpu-cycles,477445998,4.69,,
   125.015715861,22377938931,,ref-cycles,477445998,4.69,,
   125.015715861,41569554146,,instructions,477445998,4.69,1.86,insn per cycle
   125.015715861,48020478036,,UOPS_ISSUED.ANY,500022747,4.92,,
   125.015715861,45681778302,,UOPS_RETIRED.RETIRE_SLOTS,500022747,4.92,,
   125.015715861,182903549,,INT_MISC.RECOVERY_CYCLES_ANY,500022747,4.92,,
   125.015715861,182903549,,INT_MISC.RECOVERY_CYCLES,500022747,4.92,,
   125.015715861,22376391223,,cpu-cycles,500022747,4.92,,
   125.015715861,22376391264,,ref-cycles,500022747,4.92,,
   125.015715861,41583626861,,instructions,500022747,4.92,1.86,insn per cycle
   125.015715861,22376425379,,CPU_CLK_UNHALTED.THREAD_ANY,500022608,4.92,,
   125.015715861,8327213129,,IDQ_UOPS_NOT_DELIVERED.CORE,500022608,4.92,,
   125.015715861,4021029573,,CYCLE_ACTIVITY.STALLS_MEM_ANY,500022608,4.92,,
   125.015715861,5550958043,,CYCLE_ACTIVITY.STALLS_TOTAL,500022608,4.92,,
   125.015715861,22376425379,,cpu-cycles,500022608,4.92,,
   125.015715861,22376424199,,ref-cycles,500022608,4.92,,
   125.015715861,41606424818,,instructions,500022608,4.92,1.86,insn per cycle
   125.015715861,2501092358,,EXE_ACTIVITY.1_PORTS_UTIL,500022175,4.92,,
   125.015715861,3493832285,,EXE_ACTIVITY.2_PORTS_UTIL,500022175,4.92,,
   125.015715861,1155071387,,EXE_ACTIVITY.BOUND_ON_STORES,500022175,4.92,,
   125.015715861,89278067,,EXE_ACTIVITY.EXE_BOUND_0_PORTS,500022175,4.92,,
   125.015715861,22376066603,,cpu-cycles,500022175,4.92,,
   125.015715861,22376068617,,ref-cycles,500022175,4.92,,
   125.015715861,41583048090,,instructions,500022175,4.92,1.86,insn per cycle
   125.015715861,342372810,,MEM_LOAD_RETIRED.L2_HIT,500022775,4.92,,
   125.015715861,647879989,,MEM_LOAD_RETIRED.FB_HIT,500022775,4.92,,
   125.015715861,416232041,,MEM_LOAD_RETIRED.L1_MISS,500022775,4.92,,
   125.015715861,654669698,,L1D_PEND_MISS.FB_FULL:c1,500022775,4.92,,
   125.015715861,22376366080,,cpu-cycles,500022775,4.92,,
   125.015715861,22376365470,,ref-cycles,500022775,4.92,,
   125.015715861,41540670163,,instructions,500022775,4.92,1.86,insn per cycle
   125.015715861,1569025441,,CYCLE_ACTIVITY.STALLS_L1D_MISS,500022673,4.92,,
   125.015715861,1080420633,,CYCLE_ACTIVITY.STALLS_L2_MISS,500022673,4.92,,
   125.015715861,466007650,,CYCLE_ACTIVITY.STALLS_L3_MISS,500022673,4.92,,
   125.015715861,5887263957,,OFFCORE_REQUESTS_OUTSTANDING.CYCLES_WITH_DEMAND_RFO,500022673,4.92,,
   125.015715861,22376422263,,cpu-cycles,500022673,4.92,,
   125.015715861,22376425254,,ref-cycles,500022673,4.92,,
   125.015715861,41536384617,,instructions,500022673,4.92,1.86,insn per cycle
   125.015715861,7934,,ITLB_MISSES.WALK_COMPLETED,500023056,4.92,,
   125.015715861,392431,,ITLB_MISSES.WALK_ACTIVE,500023056,4.92,,
   125.015715861,0,,DTLB_LOAD_MISSES.WALK_COMPLETED,500023056,4.92,,
   125.015715861,73485,,DTLB_LOAD_MISSES.WALK_ACTIVE,500023056,4.92,,
   125.015715861,22376368467,,cpu-cycles,500023056,4.92,,
   125.015715861,22376367511,,ref-cycles,500023056,4.92,,
   125.015715861,41615130068,,instructions,500023056,4.92,1.86,insn per cycle
   125.015715861,4191,,DTLB_STORE_MISSES.WALK_COMPLETED,500001856,4.92,,
   125.015715861,295175,,DTLB_STORE_MISSES.WALK_ACTIVE,500001856,4.92,,
   125.015715861,759644721,,IDQ_UOPS_NOT_DELIVERED.CYCLES_0_UOPS_DELIV.CORE,500001856,4.92,,
   125.015715861,1288148,,BACLEARS.ANY,500001856,4.92,,
   125.015715861,22375066503,,cpu-cycles,500001856,4.92,,
   125.015715861,22375066665,,ref-cycles,500001856,4.92,,
   125.015715861,41612009514,,instructions,500001856,4.92,1.86,insn per cycle
   125.015715861,9527405,,MEM_INST_RETIRED.LOCK_LOADS,500022266,4.92,,
   125.015715861,509005068,,L2_RQSTS.ALL_RFO,500022266,4.92,,
   125.015715861,6524731158,,MEM_INST_RETIRED.ALL_STORES,500022266,4.92,,
   125.015715861,211022036,,L2_RQSTS.RFO_HIT,500022266,4.92,,
   125.015715861,22376458968,,cpu-cycles,500022266,4.92,,
   125.015715861,22376456649,,ref-cycles,500022266,4.92,,
   125.015715861,41648826896,,instructions,500022266,4.92,1.86,insn per cycle
   125.015715861,6805719,,OFFCORE_REQUESTS_OUTSTANDING.L3_MISS_DEMAND_DATA_RD_GE_6,500022919,4.92,,
   125.015715861,701442398,,OFFCORE_REQUESTS_OUTSTANDING.CYCLES_WITH_L3_MISS_DEMAND_DATA_RD,500022919,4.92,,
   125.015715861,22376488890,,cpu-cycles,500022919,4.92,,
   125.015715861,22376488178,,ref-cycles,500022919,4.92,,
   125.015715861,41611309838,,instructions,500022919,4.92,1.86,insn per cycle
   125.015715861,16412390936,,UOPS_EXECUTED.CORE_CYCLES_GE_1,671189322,6.60,,
   125.015715861,13519039966,,UOPS_EXECUTED.CORE_CYCLES_GE_2,671189322,6.60,,
   125.015715861,9926357011,,UOPS_EXECUTED.CORE_CYCLES_GE_3,671189322,6.60,,
   125.015715861,2843209903,,UOPS_RETIRED.MACRO_FUSED,671189322,6.60,,
   125.015715861,22291617086,,cpu-cycles,671189322,6.60,,
   125.015715861,22291615767,,ref-cycles,671189322,6.60,,
   125.015715861,38563039580,,instructions,671189322,6.60,1.72,insn per cycle
   125.015715861,577144,,FP_ARITH_INST_RETIRED.SCALAR_SINGLE:u0x03,500021606,4.92,,
   125.015715861,206358,,FP_ARITH_INST_RETIRED.128B_PACKED_DOUBLE:u0xfc,500021606,4.92,,
   125.015715861,48955397,,ICACHE_16B.IFDATA_STALL,500021606,4.92,,
   125.015715861,3940157,,ICACHE_16B.IFDATA_STALL:c1:e1,500021606,4.92,,
   125.015715861,22376290713,,cpu-cycles,500021606,4.92,,
   125.015715861,22376291852,,ref-cycles,500021606,4.92,,
   125.015715861,41624142076,,instructions,500021606,4.92,1.86,insn per cycle
   125.015715861,38629504,,L2_RQSTS.ALL_CODE_RD,500022665,4.92,,
   125.015715861,0,,ITLB_MISSES.WALK_COMPLETED_2M_4M,500022665,4.92,,
   125.015715861,616581105,,L2_LINES_IN.ALL,500022665,4.92,,
   125.015715861,73533458,,MEM_LOAD_RETIRED.L2_MISS,500022665,4.92,,
   125.015715861,22376364711,,cpu-cycles,500022665,4.92,,
   125.015715861,22376363856,,ref-cycles,500022665,4.92,,
   125.015715861,41706565864,,instructions,500022665,4.92,1.86,insn per cycle
   125.015715861,2406838,,L2_RQSTS.CODE_RD_MISS,500022536,4.92,,
   125.015715861,0,,DTLB_LOAD_MISSES.WALK_COMPLETED_2M_4M,500022536,4.92,,
   125.015715861,0,,DTLB_LOAD_MISSES.WALK_COMPLETED_4K,500022536,4.92,,
   125.015715861,0,,DTLB_LOAD_MISSES.WALK_COMPLETED_1G,500022536,4.92,,
   125.015715861,22376322958,,cpu-cycles,500022536,4.92,,
   125.015715861,22376325358,,ref-cycles,500022536,4.92,,
   125.015715861,41587916833,,instructions,500022536,4.92,1.86,insn per cycle
   125.015715861,649796153,,MEM_LOAD_RETIRED.FB_HIT,500022887,4.92,,
   125.015715861,0,,CYCLE_ACTIVITY.CYCLES_MEM_ANY,500022887,4.92,,
   125.015715861,4415716432,,CYCLE_ACTIVITY.CYCLES_L1D_MISS,500022887,4.92,,
   125.015715861,22376505649,,cpu-cycles,500022887,4.92,,
   125.015715861,22376502760,,ref-cycles,500022887,4.92,,
   125.015715861,41638512666,,instructions,500022887,4.92,1.86,insn per cycle
   125.015715861,3376789275,,IDQ.MS_UOPS,500023160,4.92,,
   125.015715861,1303168,,ICACHE_64B.IFTAG_STALL,500023160,4.92,,
   125.015715861,223479266,,DTLB_LOAD_MISSES.STLB_HIT:c1,500023160,4.92,,
   125.015715861,22376492199,,cpu-cycles,500023160,4.92,,
   125.015715861,22376493033,,ref-cycles,500023160,4.92,,
   125.015715861,41543110311,,instructions,500023160,4.92,1.86,insn per cycle
   125.015715861,49159281,,ICACHE_16B.IFDATA_STALL,274117192,2.69,,
   125.015715861,3986333,,ICACHE_16B.IFDATA_STALL:c1:e1,274117192,2.69,,
   125.015715861,46455225,,ARITH.DIVIDER_ACTIVE,274117192,2.69,,
   125.015715861,5556936870,,UOPS_EXECUTED.CORE_CYCLES_NONE,274117192,2.69,,
   125.015715861,22373884452,,cpu-cycles,274117192,2.69,,
   125.015715861,22373882670,,ref-cycles,274117192,2.69,,
   125.015715861,41599745611,,instructions,274117192,2.69,1.86,insn per cycle
   125.015715861,254277690,,CPU_CLK_THREAD_UNHALTED.ONE_THREAD_ACTIVE,250011187,2.46,,
   125.015715861,254277690,,CPU_CLK_THREAD_UNHALTED.REF_XCLK_ANY,250011187,2.46,,
   125.015715861,13683301,,cpu-cycles:k,250011187,2.46,,
   125.015715861,13685458,,ref-cycles:k,250011187,2.46,,
   125.015715861,8620956,,instructions:k,250011187,2.46,0.23,insn per cycle
   125.015715861,31183587345,,IDQ.DSB_UOPS,250011561,2.46,,
   125.015715861,13788084003,,IDQ.MITE_UOPS,250011561,2.46,,
   125.015715861,0,,LSD.UOPS,250011561,2.46,,
   125.015715861,22376650484,,cpu-cycles,250011561,2.46,,
   125.015715861,22376651501,,ref-cycles,250011561,2.46,,
   125.015715861,41632294525,,instructions,250011561,2.46,1.86,insn per cycle
   125.015715861,4913870799,,IDQ.ALL_MITE_CYCLES_ANY_UOPS,250011188,2.46,,
   125.015715861,2105934374,,IDQ.ALL_MITE_CYCLES_4_UOPS,250011188,2.46,,
   125.015715861,22376502321,,cpu-cycles,250011188,2.46,,
   125.015715861,22376501711,,ref-cycles,250011188,2.46,,
   125.015715861,41634684918,,instructions,250011188,2.46,1.86,insn per cycle
   125.015715861,7256319907,,IDQ.ALL_DSB_CYCLES_ANY_UOPS,250011686,2.46,,
   125.015715861,5876886201,,IDQ.ALL_DSB_CYCLES_4_UOPS,250011686,2.46,,
   125.015715861,22376691847,,cpu-cycles,250011686,2.46,,
   125.015715861,22376690056,,ref-cycles,250011686,2.46,,
   125.015715861,41702814672,,instructions,250011686,2.46,1.86,insn per cycle
   125.015715861,290933,,MEM_LOAD_L3_HIT_RETIRED.XSNP_HIT,250010683,2.46,,
   125.015715861,5746762,,MEM_LOAD_L3_HIT_RETIRED.XSNP_HITM,250010683,2.46,,
   125.015715861,22376713358,,cpu-cycles,250010683,2.46,,
   125.015715861,22376713195,,ref-cycles,250010683,2.46,,
   125.015715861,41607966255,,instructions,250010683,2.46,1.86,insn per cycle
   125.015715861,5133023,,UOPS_EXECUTED.X87,250011438,2.46,,
   125.015715861,53274333386,,UOPS_EXECUTED.THREAD,250011438,2.46,,
   125.015715861,22376779568,,cpu-cycles,250011438,2.46,,
   125.015715861,22376780870,,ref-cycles,250011438,2.46,,
   125.015715861,41629455137,,instructions,250011438,2.46,1.86,insn per cycle
   125.015715861,<not supported>,,cstate_core/c6-residency/,0,100.00,,
   125.015715861,<not supported>,,cstate_pkg/c6-residency/,0,100.00,,
   130.016356382,22375539986,,CORE_POWER.LVL0_TURBO_LICENSE,500022532,4.92,,
   130.016356382,0,,CORE_POWER.LVL1_TURBO_LICENSE,500022532,4.92,,
   130.016356382,0,,CORE_POWER.LVL2_TURBO_LICENSE,500022532,4.92,,
   130.016356382,1444532873,,L1D.REPLACEMENT,500022532,4.92,,
   130.016356382,22375539986,,cpu-cycles,500022532,4.92,,
   130.016356382,22375541024,,ref-cycles,500022532,4.92,,
   130.016356382,41635749740,,instructions,500022532,4.92,1.86,insn per cycle
   130.016356382,5828068,,MACHINE_CLEARS.COUNT,500022218,4.92,,
   130.016356382,27686710,,BR_MISP_RETIRED.ALL_BRANCHES,500022218,4.92,,
   130.016356382,143832570,,INT_MISC.CLEAR_RESTEER_CYCLES,500022218,4.92,,
   130.016356382,13127935507,,MEM_LOAD_RETIRED.L1_HIT,500022218,4.92,,
   130.016356382,22375302487,,cpu-cycles,500022218,4.92,,
   130.016356382,22375303890,,ref-cycles,500022218,4.92,,
   130.016356382,41587407595,,instructions,500022218,4.92,1.86,insn per cycle
   130.016356382,47955192190,,UOPS_ISSUED.ANY,500022504,4.92,,
   130.016356382,45659125892,,UOPS_RETIRED.RETIRE_SLOTS,500022504,4.92,,
   130.016356382,179143048,,INT_MISC.RECOVERY_CYCLES_ANY,500022504,4.92,,
   130.016356382,179143048,,INT_MISC.RECOVERY_CYCLES,500022504,4.92,,
   130.016356382,22375130336,,cpu-cycles,500022504,4.92,,
   130.016356382,22375129136,,ref-cycles,500022504,4.92,,
   130.016356382,41550150749,,instructions,500022504,4.92,1.86,insn per cycle
   130.016356382,22375190548,,CPU_CLK_UNHALTED.THREAD_ANY,500023446,4.92,,
   130.016356382,8228456693,,IDQ_UOPS_NOT_DELIVERED.CORE,500023446,4.92,,
   130.016356382,4043738428,,CYCLE_ACTIVITY.STALLS_MEM_ANY,500023446,4.92,,
   130.016356382,5582218298,,CYCLE_ACTIVITY.STALLS_TOTAL,500023446,4.92,,
   130.016356382,22375190548,,cpu-cycles,500023446,4.92,,
   130.016356382,22375190995,,ref-cycles,500023446,4.92,,
   130.016356382,41549678726,,instructions,500023446,4.92,1.86,insn per cycle
   130.016356382,2502132010,,EXE_ACTIVITY.1_PORTS_UTIL,500022715,4.92,,
   130.016356382,3488421372,,EXE_ACTIVITY.2_PORTS_UTIL,500022715,4.92,,
   130.016356382,1153998311,,EXE_ACTIVITY.BOUND_ON_STORES,500022715,4.92,,
   130.016356382,88488190,,EXE_ACTIVITY.EXE_BOUND_0_PORTS,500022715,4.92,,
   130.016356382,22375243205,,cpu-cycles,500022715,4.92,,
   130.016356382,22375243469,,ref-cycles,500022715,4.92,,
   130.016356382,41598095328,,instructions,500022715,4.92,1.86,insn per cycle
   130.016356382,343147911,,MEM_LOAD_RETIRED.L2_HIT,500021362,4.92,,
   130.016356382,648896233,,MEM_LOAD_RETIRED.FB_HIT,500021362,4.92,,
   130.016356382,416819530,,MEM_LOAD_RETIRED.L1_MISS,500021362,4.92,,
   130.016356382,655826561,,L1D_PEND_MISS.FB_FULL:c1,500021362,4.92,,
   130.016356382,22375307331,,cpu-cycles,500021362,4.92,,
   130.016356382,22375304443,,ref-cycles,500021362,4.92,,
   130.016356382,41585200413,,instructions,500021362,4.92,1.86,insn per cycle
   130.016356382,1570674811,,CYCLE_ACTIVITY.STALLS_L1D_MISS,500022664,4.92,,
   130.016356382,1080445793,,CYCLE_ACTIVITY.STALLS_L2_MISS,500022664,4.92,,
   130.016356382,470258699,,CYCLE_ACTIVITY.STALLS_L3_MISS,500022664,4.92,,
   130.016356382,5887396377,,OFFCORE_REQUESTS_OUTSTANDING.CYCLES_WITH_DEMAND_RFO,500022664,4.92,,
   130.016356382,22375161508,,cpu-cycles,500022664,4.92,,
   130.016356382,22375160837,,ref-cycles,500022664,4.92,,
   130.016356382,41530927579,,instructions,500022664,4.92,1.86,insn per cycle
   130.016356382,8178,,ITLB_MISSES.WALK_COMPLETED,500023090,4.92,,
   130.016356382,392574,,ITLB_MISSES.WALK_ACTIVE,500023090,4.92,,
   130.016356382,0,,DTLB_LOAD_MISSES.WALK_COMPLETED,500023090,4.92,,
   130.016356382,80927,,DTLB_LOAD_MISSES.WALK_ACTIVE,500023090,4.92,,
   130.016356382,22375159049,,cpu-cycles,500023090,4.92,,
   130.016356382,22375158682,,ref-cycles,500023090,4.92,,
   130.016356382,41585144474,,instructions,500023090,4.92,1.86,insn per cycle
   130.016356382,4638,,DTLB_STORE_MISSES.WALK_COMPLETED,500022907,4.92,,
   130.016356382,296450,,DTLB_STORE_MISSES.WALK_ACTIVE,500022907,4.92,,
   130.016356382,756759977,,IDQ_UOPS_NOT_DELIVERED.CYCLES_0_UOPS_DELIV.CORE,500022907,4.92,,
   130.016356382,1289147,,BACLEARS.ANY,500022907,4.92,,
   130.016356382,22375232592,,cpu-cycles,500022907,4.92,,
   130.016356382,22375233243,,ref-cycles,500022907,4.92,,
   130.016356382,41548754264,,instructions,500022907,4.92,1.86,insn per cycle
   130.016356382,9421842,,MEM_INST_RETIRED.LOCK_LOADS,275232264,2.71,,
   130.016356382,507895342,,L2_RQSTS.ALL_RFO,275232264,2.71,,
   130.016356382,6510436895,,MEM_INST_RETIRED.ALL_STORES,275232264,2.71,,
   130.016356382,210532095,,L2_RQSTS.RFO_HIT,275232264,2.71,,
   130.016356382,22372295369,,cpu-cycles,275232264,2.71,,
   130.016356382,22372311816,,ref-cycles,275232264,2.71,,
   130.016356382,41579414001,,instructions,275232264,2.71,1.86,insn per cycle
   130.016356382,7051344,,OFFCORE_REQUESTS_OUTSTANDING.L3_MISS_DEMAND_DATA_RD_GE_6,250011401,2.46,,
   130.016356382,708764341,,OFFCORE_REQUESTS_OUTSTANDING.CYCLES_WITH_L3_MISS_DEMAND_DATA_RD,250011401,2.46,,
   130.016356382,22375183892,,cpu-cycles,250011401,2.46,,
   130.016356382,22375184828,,ref-cycles,250011401,2.46,,
   130.016356382,41594406856,,instructions,250011401,2.46,1.86,insn per cycle
   130.016356382,16507703355,,UOPS_EXECUTED.CORE_CYCLES_GE_1,302085464,2.97,,
   130.016356382,13735449765,,UOPS_EXECUTED.CORE_CYCLES_GE_2,302085464,2.97,,
   130.016356382,10206080246,,UOPS_EXECUTED.CORE_CYCLES_GE_3,302085464,2.97,,
   130.016356382,2813761712,,UOPS_RETIRED.MACRO_FUSED,302085464,2.97,,
   130.016356382,22318977696,,cpu-cycles,302085464,2.97,,
   130.016356382,22318995443,,ref-cycles,302085464,2.97,,
   130.016356382,39465268823,,instructions,302085464,2.97,1.76,insn per cycle
   130.016356382,38801511,,FP_ARITH_INST_RETIRED.SCALAR_SINGLE:u0x03,368612006,3.62,,
   130.016356382,12358505,,FP_ARITH_INST_RETIRED.128B_PACKED_DOUBLE:u0xfc,368612006,3.62,,
   130.016356382,42943329,,ICACHE_16B.IFDATA_STALL,368612006,3.62,,
   130.016356382,3543940,,ICACHE_16B.IFDATA_STALL:c1:e1,368612006,3.62,,
   130.016356382,22267482693,,cpu-cycles,368612006,3.62,,
   130.016356382,22267473228,,ref-cycles,368612006,3.62,,
   130.016356382,37686391549,,instructions,368612006,3.62,1.68,insn per cycle
   130.016356382,38489535,,L2_RQSTS.ALL_CODE_RD,250011366,2.46,,
   130.016356382,0,,ITLB_MISSES.WALK_COMPLETED_2M_4M,250011366,2.46,,
   130.016356382,616276395,,L2_LINES_IN.ALL,250011366,2.46,,
   130.016356382,73868169,,MEM_LOAD_RETIRED.L2_MISS,250011366,2.46,,
   130.016356382,22375224933,,cpu-cycles,250011366,2.46,,
   130.016356382,22375226642,,ref-cycles,250011366,2.46,,
   130.016356382,41577394484,,instructions,250011366,2.46,1.86,insn per cycle
   130.016356382,2444808,,L2_RQSTS.CODE_RD_MISS,250010903,2.46,,
   130.016356382,0,,DTLB_LOAD_MISSES.WALK_COMPLETED_2M_4M,250010903,2.46,,
   130.016356382,40,,DTLB_LOAD_MISSES.WALK_COMPLETED_4K,250010903,2.46,,
   130.016356382,0,,DTLB_LOAD_MISSES.WALK_COMPLETED_1G,250010903,2.46,,
   130.016356382,22375138044,,cpu-cycles,250010903,2.46,,
   130.016356382,22375141380,,ref-cycles,250010903,2.46,,
   130.016356382,41534140569,,instructions,250010903,2.46,1.86,insn per cycle
   130.016356382,649826413,,MEM_LOAD_RETIRED.FB_HIT,250011793,2.46,,
   130.016356382,0,,CYCLE_ACTIVITY.CYCLES_MEM_ANY,250011793,2.46,,
   130.016356382,4423439559,,CYCLE_ACTIVITY.CYCLES_L1D_MISS,250011793,2.46,,
   130.016356382,22375177705,,cpu-cycles,250011793,2.46,,
   130.016356382,22375180716,,ref-cycles,250011793,2.46,,
   130.016356382,41674112577,,instructions,250011793,2.46,1.86,insn per cycle
   130.016356382,3393359450,,IDQ.MS_UOPS,249992082,2.46,,
   130.016356382,1529488,,ICACHE_64B.IFTAG_STALL,249992082,2.46,,
   130.016356382,223286294,,DTLB_LOAD_MISSES.STLB_HIT:c1,249992082,2.46,,
   130.016356382,22372888034,,cpu-cycles,249992082,2.46,,
   130.016356382,22372887261,,ref-cycles,249992082,2.46,,
   130.016356382,41612835241,,instructions,249992082,2.46,1.86,insn per cycle
   130.016356382,49412151,,ICACHE_16B.IFDATA_STALL,475916569,4.68,,
   130.016356382,3955806,,ICACHE_16B.IFDATA_STALL:c1:e1,475916569,4.68,,
   130.016356382,46557613,,ARITH.DIVIDER_ACTIVE,475916569,4.68,,
   130.016356382,5561349639,,UOPS_EXECUTED.CORE_CYCLES_NONE,475916569,4.68,,
   130.016356382,22377075717,,cpu-cycles,475916569,4.68,,
   130.016356382,22377073665,,ref-cycles,475916569,4.68,,
   130.016356382,41603260633,,instructions,475916569,4.68,1.86,insn per cycle
   130.016356382,254265661,,CPU_CLK_THREAD_UNHALTED.ONE_THREAD_ACTIVE,500022737,4.92,,
   130.016356382,254265661,,CPU_CLK_THREAD_UNHALTED.REF_XCLK_ANY,500022737,4.92,,
   130.016356382,13689742,,cpu-cycles:k,500022737,4.92,,
   130.016356382,13686508,,ref-cycles:k,500022737,4.92,,
   130.016356382,8621385,,instructions:k,500022737,4.92,0.24,insn per cycle
   130.016356382,31145711819,,IDQ.DSB_UOPS,500022953,4.92,,
   130.016356382,13788939992,,IDQ.MITE_UOPS,500022953,4.92,,
   130.016356382,0,,LSD.UOPS,500022953,4.92,,
   130.016356382,22375665758,,cpu-cycles,500022953,4.92,,
   130.016356382,22375664354,,ref-cycles,500022953,4.92,,
   130.016356382,41583309709,,instructions,500022953,4.92,1.86,insn per cycle
   130.016356382,4924050551,,IDQ.ALL_MITE_CYCLES_ANY_UOPS,500022101,4.92,,
   130.016356382,2105479774,,IDQ.ALL_MITE_CYCLES_4_UOPS,500022101,4.92,,
   130.016356382,22375430489,,cpu-cycles,500022101,4.92,,
   130.016356382,22375430550,,ref-cycles,500022101,4.92,,
   130.016356382,41600733006,,instructions,500022101,4.92,1.86,insn per cycle
   130.016356382,7233237697,,IDQ.ALL_DSB_CYCLES_ANY_UOPS,500022493,4.92,,
   130.016356382,5861690389,,IDQ.ALL_DSB_CYCLES_4_UOPS,500022493,4.92,,
   130.016356382,22375593790,,cpu-cycles,500022493,4.92,,
   130.016356382,22375592752,,ref-cycles,500022493,4.92,,
   130.016356382,41541062529,,instructions,500022493,4.92,1.86,insn per cycle
   130.016356382,274132,,MEM_LOAD_L3_HIT_RETIRED.XSNP_HIT,500023101,4.92,,
   130.016356382,5624915,,MEM_LOAD_L3_HIT_RETIRED.XSNP_HITM,500023101,4.92,,
   130.016356382,22375561257,,cpu-cycles,500023101,4.92,,
   130.016356382,22375560627,,ref-cycles,500023101,4.92,,
   130.016356382,41583955633,,instructions,500023101,4.92,1.86,insn per cycle
   130.016356382,5120290,,UOPS_EXECUTED.X87,500022566,4.92,,
   130.016356382,53286797045,,UOPS_EXECUTED.THREAD,500022566,4.92,,
   130.016356382,22375629260,,cpu-cycles,500022566,4.92,,
   130.016356382,22375633166,,ref-cycles,500022566,4.92,,
   130.016356382,41619253846,,instructions,500022566,4.92,1.86,insn per cycle
   130.016356382,<not supported>,,cstate_core/c6-residency/,0,100.00,,
   130.016356382,<not supported>,,cstate_pkg/c6-residency/,0,100.00,,
   135.016958813,22370595779,,CORE_POWER.LVL0_TURBO_LICENSE,500077089,4.92,,
   135.016958813,0,,CORE_POWER.LVL1_TURBO_LICENSE,500077089,4.92,,
   135.016958813,0,,CORE_POWER.LVL2_TURBO_LICENSE,500077089,4.92,,
   135.016958813,775155358,,L1D.REPLACEMENT,500077089,4.92,,
   135.016958813,22370595779,,cpu-cycles,500077089,4.92,,
   135.016958813,22370597162,,ref-cycles,500077089,4.92,,
   135.016958813,53776198545,,instructions,500077089,4.92,2.40,insn per cycle
   135.016958813,5300753,,MACHINE_CLEARS.COUNT,276289165,2.72,,
   135.016958813,25500418,,BR_MISP_RETIRED.ALL_BRANCHES,276289165,2.72,,
   135.016958813,133658864,,INT_MISC.CLEAR_RESTEER_CYCLES,276289165,2.72,,
   135.016958813,13739555603,,MEM_LOAD_RETIRED.L1_HIT,276289165,2.72,,
   135.016958813,22371442889,,cpu-cycles,276289165,2.72,,
   135.016958813,22371452498,,ref-cycles,276289165,2.72,,
   135.016958813,43925506550,,instructions,276289165,2.72,1.96,insn per cycle
   135.016958813,47930104106,,UOPS_ISSUED.ANY,250011450,2.46,,
   135.016958813,45662679458,,UOPS_RETIRED.RETIRE_SLOTS,250011450,2.46,,
   135.016958813,177060343,,INT_MISC.RECOVERY_CYCLES_ANY,250011450,2.46,,
   135.016958813,177060343,,INT_MISC.RECOVERY_CYCLES,250011450,2.46,,
   135.016958813,22372499461,,cpu-cycles,250011450,2.46,,
   135.016958813,22372499461,,ref-cycles,250011450,2.46,,
   135.016958813,41547712733,,instructions,250011450,2.46,1.86,insn per cycle
   135.016958813,22372704956,,CPU_CLK_UNHALTED.THREAD_ANY,250010945,2.46,,
   135.016958813,8270927757,,IDQ_UOPS_NOT_DELIVERED.CORE,250010945,2.46,,
   135.016958813,4006327813,,CYCLE_ACTIVITY.STALLS_MEM_ANY,250010945,2.46,,
   135.016958813,5540964682,,CYCLE_ACTIVITY.STALLS_TOTAL,250010945,2.46,,
   135.016958813,22372704956,,cpu-cycles,250010945,2.46,,
   135.016958813,22372699342,,ref-cycles,250010945,2.46,,
   135.016958813,41642623659,,instructions,250010945,2.46,1.86,insn per cycle
   135.016958813,2502665417,,EXE_ACTIVITY.1_PORTS_UTIL,250011093,2.46,,
   135.016958813,3494122487,,EXE_ACTIVITY.2_PORTS_UTIL,250011093,2.46,,
   135.016958813,1151736802,,EXE_ACTIVITY.BOUND_ON_STORES,250011093,2.46,,
   135.016958813,89021481,,EXE_ACTIVITY.EXE_BOUND_0_PORTS,250011093,2.46,,
   135.016958813,22372318022,,cpu-cycles,250011093,2.46,,
   135.016958813,22372319690,,ref-cycles,250011093,2.46,,
   135.016958813,41544776785,,instructions,250011093,2.46,1.86,insn per cycle
   135.016958813,343448700,,MEM_LOAD_RETIRED.L2_HIT,250011797,2.46,,
   135.016958813,650106128,,MEM_LOAD_RETIRED.FB_HIT,250011797,2.46,,
   135.016958813,417392100,,MEM_LOAD_RETIRED.L1_MISS,250011797,2.46,,
   135.016958813,656988412,,L1D_PEND_MISS.FB_FULL:c1,250011797,2.46,,
   135.016958813,22372528080,,cpu-cycles,250011797,2.46,,
   135.016958813,22372524907,,ref-cycles,250011797,2.46,,
   135.016958813,41695463021,,instructions,250011797,2.46,1.86,insn per cycle
   135.016958813,1565659490,,CYCLE_ACTIVITY.STALLS_L1D_MISS,250011870,2.46,,
   135.016958813,1078498975,,CYCLE_ACTIVITY.STALLS_L2_MISS,250011870,2.46,,
   135.016958813,461423580,,CYCLE_ACTIVITY.STALLS_L3_MISS,250011870,2.46,,
   135.016958813,5883820194,,OFFCORE_REQUESTS_OUTSTANDING.CYCLES_WITH_DEMAND_RFO,250011870,2.46,,
   135.016958813,22372403205,,cpu-cycles,250011870,2.46,,
   135.016958813,22372404344,,ref-cycles,250011870,2.46,,
   135.016958813,41578191782,,instructions,250011870,2.46,1.86,insn per cycle
   135.016958813,7322,,ITLB_MISSES.WALK_COMPLETED,250010239,2.46,,
   135.016958813,370255,,ITLB_MISSES.WALK_ACTIVE,250010239,2.46,,
   135.016958813,0,,DTLB_LOAD_MISSES.WALK_COMPLETED,250010239,2.46,,
   135.016958813,72496,,DTLB_LOAD_MISSES.WALK_ACTIVE,250010239,2.46,,
   135.016958813,22372351192,,cpu-cycles,250010239,2.46,,
   135.016958813,22372353430,,ref-cycles,250010239,2.46,,
   135.016958813,41664028523,,instructions,250010239,2.46,1.86,insn per cycle
   135.016958813,4230,,DTLB_STORE_MISSES.WALK_COMPLETED,250011549,2.46,,
   135.016958813,290352,,DTLB_STORE_MISSES.WALK_ACTIVE,250011549,2.46,,
   135.016958813,758349675,,IDQ_UOPS_NOT_DELIVERED.CYCLES_0_UOPS_DELIV.CORE,250011549,2.46,,
   135.016958813,1295499,,BACLEARS.ANY,250011549,2.46,,
   135.016958813,22372348602,,cpu-cycles,250011549,2.46,,
   135.016958813,22372347096,,ref-cycles,250011549,2.46,,
   135.016958813,41625822909,,instructions,250011549,2.46,1.86,insn per cycle
   135.016958813,9552291,,MEM_INST_RETIRED.LOCK_LOADS,474801507,4.67,,
   135.016958813,508981967,,L2_RQSTS.ALL_RFO,474801507,4.67,,
   135.016958813,6521222712,,MEM_INST_RETIRED.ALL_STORES,474801507,4.67,,
   135.016958813,211395091,,L2_RQSTS.RFO_HIT,474801507,4.67,,
   135.016958813,22374168347,,cpu-cycles,474801507,4.67,,
   135.016958813,22374160078,,ref-cycles,474801507,4.67,,
   135.016958813,41660750749,,instructions,474801507,4.67,1.86,insn per cycle
   135.016958813,6898498,,OFFCORE_REQUESTS_OUTSTANDING.L3_MISS_DEMAND_DATA_RD_GE_6,500022675,4.92,,
   135.016958813,703964252,,OFFCORE_REQUESTS_OUTSTANDING.CYCLES_WITH_L3_MISS_DEMAND_DATA_RD,500022675,4.92,,
   135.016958813,22372543160,,cpu-cycles,500022675,4.92,,
   135.016958813,22372544462,,ref-cycles,500022675,4.92,,
   135.016958813,41628492594,,instructions,500022675,4.92,1.86,insn per cycle
   135.016958813,16825595420,,UOPS_EXECUTED.CORE_CYCLES_GE_1,500022309,4.92,,
   135.016958813,14309349083,,UOPS_EXECUTED.CORE_CYCLES_GE_2,500022309,4.92,,
   135.016958813,10817679575,,UOPS_EXECUTED.CORE_CYCLES_GE_3,500022309,4.92,,
   135.016958813,2756350000,,UOPS_RETIRED.MACRO_FUSED,500022309,4.92,,
   135.016958813,22372840883,,cpu-cycles,500022309,4.92,,
   135.016958813,22372841086,,ref-cycles,500022309,4.92,,
   135.016958813,41611864829,,instructions,500022309,4.92,1.86,insn per cycle
   135.016958813,1291781,,FP_ARITH_INST_RETIRED.SCALAR_SINGLE:u0x03,503099101,4.95,,
   135.016958813,433511,,FP_ARITH_INST_RETIRED.128B_PACKED_DOUBLE:u0xfc,503099101,4.95,,
   135.016958813,49219501,,ICACHE_16B.IFDATA_STALL,503099101,4.95,,
   135.016958813,3944143,,ICACHE_16B.IFDATA_STALL:c1:e1,503099101,4.95,,
   135.016958813,22369640739,,cpu-cycles,503099101,4.95,,
   135.016958813,22369640516,,ref-cycles,503099101,4.95,,
   135.016958813,41605118290,,instructions,503099101,4.95,1.86,insn per cycle
   135.016958813,34042630,,L2_RQSTS.ALL_CODE_RD,622153669,6.12,,
   135.016958813,32,,ITLB_MISSES.WALK_COMPLETED_2M_4M,622153669,6.12,,
   135.016958813,496617312,,L2_LINES_IN.ALL,622153669,6.12,,
   135.016958813,59466198,,MEM_LOAD_RETIRED.L2_MISS,622153669,6.12,,
   135.016958813,22305597655,,cpu-cycles,622153669,6.12,,
   135.016958813,22305597868,,ref-cycles,622153669,6.12,,
   135.016958813,39292715388,,instructions,622153669,6.12,1.76,insn per cycle
   135.016958813,2230979,,L2_RQSTS.CODE_RD_MISS,544221920,5.35,,
   135.016958813,0,,DTLB_LOAD_MISSES.WALK_COMPLETED_2M_4M,544221920,5.35,,
   135.016958813,0,,DTLB_LOAD_MISSES.WALK_COMPLETED_4K,544221920,5.35,,
   135.016958813,0,,DTLB_LOAD_MISSES.WALK_COMPLETED_1G,544221920,5.35,,
   135.016958813,22347731632,,cpu-cycles,544221920,5.35,,
   135.016958813,22347724848,,ref-cycles,544221920,5.35,,
   135.016958813,40611087563,,instructions,544221920,5.35,1.82,insn per cycle
   135.016958813,648394382,,MEM_LOAD_RETIRED.FB_HIT,500021940,4.92,,
   135.016958813,0,,CYCLE_ACTIVITY.CYCLES_MEM_ANY,500021940,4.92,,
   135.016958813,4438555493,,CYCLE_ACTIVITY.CYCLES_L1D_MISS,500021940,4.92,,
   135.016958813,22372599321,,cpu-cycles,500021940,4.92,,
   135.016958813,22372598996,,ref-cycles,500021940,4.92,,
   135.016958813,41580691016,,instructions,500021940,4.92,1.86,insn per cycle
   135.016958813,3385481399,,IDQ.MS_UOPS,500022712,4.92,,
   135.016958813,1366592,,ICACHE_64B.IFTAG_STALL,500022712,4.92,,
   135.016958813,223961113,,DTLB_LOAD_MISSES.STLB_HIT:c1,500022712,4.92,,
   135.016958813,22372710404,,cpu-cycles,500022712,4.92,,
   135.016958813,22372710973,,ref-cycles,500022712,4.92,,
   135.016958813,41648498879,,instructions,500022712,4.92,1.86,insn per cycle
   135.016958813,48610055,,ICACHE_16B.IFDATA_STALL,500022636,4.92,,
   135.016958813,3930232,,ICACHE_16B.IFDATA_STALL:c1:e1,500022636,4.92,,
   135.016958813,46428385,,ARITH.DIVIDER_ACTIVE,500022636,4.92,,
   135.016958813,5566349842,,UOPS_EXECUTED.CORE_CYCLES_NONE,500022636,4.92,,
   135.016958813,22372709030,,cpu-cycles,500022636,4.92,,
   135.016958813,22372707280,,ref-cycles,500022636,4.92,,
   135.016958813,41559277740,,instructions,500022636,4.92,1.86,insn per cycle
   135.016958813,254235277,,CPU_CLK_THREAD_UNHALTED.ONE_THREAD_ACTIVE,500021919,4.92,,
   135.016958813,254235277,,CPU_CLK_THREAD_UNHALTED.REF_XCLK_ANY,500021919,4.92,,
   135.016958813,15044358,,cpu-cycles:k,500021919,4.92,,
   135.016958813,15041713,,ref-cycles:k,500021919,4.92,,
   135.016958813,10128783,,instructions:k,500021919,4.92,0.28,insn per cycle
   135.016958813,32662129627,,IDQ.DSB_UOPS,500022223,4.92,,
   135.016958813,20721761654,,IDQ.MITE_UOPS,500022223,4.92,,
   135.016958813,0,,LSD.UOPS,500022223,4.92,,
   135.016958813,22372786505,,cpu-cycles,500022223,4.92,,
   135.016958813,22372785590,,ref-cycles,500022223,4.92,,
   135.016958813,53711341356,,instructions,500022223,4.92,2.40,insn per cycle
   135.016958813,7982611456,,IDQ.ALL_MITE_CYCLES_ANY_UOPS,500022529,4.92,,
   135.016958813,3046591611,,IDQ.ALL_MITE_CYCLES_4_UOPS,500022529,4.92,,
   135.016958813,22373558832,,cpu-cycles,500022529,4.92,,
   135.016958813,22373557631,,ref-cycles,500022529,4.92,,
   135.016958813,53797623721,,instructions,500022529,4.92,2.41,insn per cycle
   135.016958813,7404755164,,IDQ.ALL_DSB_CYCLES_ANY_UOPS,500022326,4.92,,
   135.016958813,5893835289,,IDQ.ALL_DSB_CYCLES_4_UOPS,500022326,4.92,,
   135.016958813,22373715725,,cpu-cycles,500022326,4.92,,
   135.016958813,22373715298,,ref-cycles,500022326,4.92,,
   135.016958813,53805020188,,instructions,500022326,4.92,2.41,insn per cycle
   135.016958813,135453,,MEM_LOAD_L3_HIT_RETIRED.XSNP_HIT,500022712,4.92,,
   135.016958813,2935968,,MEM_LOAD_L3_HIT_RETIRED.XSNP_HITM,500022712,4.92,,
   135.016958813,22373709594,,cpu-cycles,500022712,4.92,,
   135.016958813,22373707967,,ref-cycles,500022712,4.92,,
   135.016958813,53785995367,,instructions,500022712,4.92,2.40,insn per cycle
   135.016958813,2595090,,UOPS_EXECUTED.X87,500022332,4.92,,
   135.016958813,61716599677,,UOPS_EXECUTED.THREAD,500022332,4.92,,
   135.016958813,22373674727,,cpu-cycles,500022332,4.92,,
   135.016958813,22373676028,,ref-cycles,500022332,4.92,,
   135.016958813,53803523289,,instructions,500022332,4.92,2.41,insn per cycle
   135.016958813,<not supported>,,cstate_core/c6-residency/,0,100.00,,
   135.016958813,<not supported>,,cstate_pkg/c6-residency/,0,100.00,,
   140.017571125,22375787085,,CORE_POWER.LVL0_TURBO_LICENSE,250011318,2.46,,
   140.017571125,0,,CORE_POWER.LVL1_TURBO_LICENSE,250011318,2.46,,
   140.017571125,0,,CORE_POWER.LVL2_TURBO_LICENSE,250011318,2.46,,
   140.017571125,107709039,,L1D.REPLACEMENT,250011318,2.46,,
   140.017571125,22375787085,,cpu-cycles,250011318,2.46,,
   140.017571125,22375788509,,ref-cycles,250011318,2.46,,
   140.017571125,66023320318,,instructions,250011318,2.46,2.95,insn per cycle
   140.017571125,508985,,MACHINE_CLEARS.COUNT,473745569,4.66,,
   140.017571125,2476220,,BR_MISP_RETIRED.ALL_BRANCHES,473745569,4.66,,
   140.017571125,22257899,,INT_MISC.CLEAR_RESTEER_CYCLES,473745569,4.66,,
   140.017571125,19473961386,,MEM_LOAD_RETIRED.L1_HIT,473745569,4.66,,
   140.017571125,22376441635,,cpu-cycles,473745569,4.66,,
   140.017571125,22376438199,,ref-cycles,473745569,4.66,,
   140.017571125,65953493506,,instructions,473745569,4.66,2.95,insn per cycle
   140.017571125,65475294558,,UOPS_ISSUED.ANY,500022615,4.92,,
   140.017571125,65094416980,,UOPS_RETIRED.RETIRE_SLOTS,500022615,4.92,,
   140.017571125,18213586,,INT_MISC.RECOVERY_CYCLES_ANY,500022615,4.92,,
   140.017571125,18213586,,INT_MISC.RECOVERY_CYCLES,500022615,4.92,,
   140.017571125,22375025487,,cpu-cycles,500022615,4.92,,
   140.017571125,22375026951,,ref-cycles,500022615,4.92,,
   140.017571125,65991784734,,instructions,500022615,4.92,2.95,insn per cycle
   140.017571125,22375571792,,CPU_CLK_UNHALTED.THREAD_ANY,500022426,4.92,,
   140.017571125,16221356240,,IDQ_UOPS_NOT_DELIVERED.CORE,500022426,4.92,,
   140.017571125,1119729484,,CYCLE_ACTIVITY.STALLS_MEM_ANY,500022426,4.92,,
   140.017571125,1302038573,,CYCLE_ACTIVITY.STALLS_TOTAL,500022426,4.92,,
   140.017571125,22375571792,,cpu-cycles,500022426,4.92,,
   140.017571125,22375572382,,ref-cycles,500022426,4.92,,
   140.017571125,65983076142,,instructions,500022426,4.92,2.95,insn per cycle
   140.017571125,2846413892,,EXE_ACTIVITY.1_PORTS_UTIL,500022580,4.92,,
   140.017571125,3605271506,,EXE_ACTIVITY.2_PORTS_UTIL,500022580,4.92,,
   140.017571125,133764824,,EXE_ACTIVITY.BOUND_ON_STORES,500022580,4.92,,
   140.017571125,6985375,,EXE_ACTIVITY.EXE_BOUND_0_PORTS,500022580,4.92,,
   140.017571125,22375589568,,cpu-cycles,500022580,4.92,,
   140.017571125,22375590503,,ref-cycles,500022580,4.92,,
   140.017571125,65945151809,,instructions,500022580,4.92,2.95,insn per cycle
   140.017571125,52305688,,MEM_LOAD_RETIRED.L2_HIT,500022754,4.92,,
   140.017571125,49606986,,MEM_LOAD_RETIRED.FB_HIT,500022754,4.92,,
   140.017571125,65908215,,MEM_LOAD_RETIRED.L1_MISS,500022754,4.92,,
   140.017571125,5766802,,L1D_PEND_MISS.FB_FULL:c1,500022754,4.92,,
   140.017571125,22375557652,,cpu-cycles,500022754,4.92,,
   140.017571125,22375558974,,ref-cycles,500022754,4.92,,
   140.017571125,65931529088,,instructions,500022754,4.92,2.95,insn per cycle
   140.017571125,185845007,,CYCLE_ACTIVITY.STALLS_L1D_MISS,500022533,4.92,,
   140.017571125,67993824,,CYCLE_ACTIVITY.STALLS_L2_MISS,500022533,4.92,,
   140.017571125,3728679,,CYCLE_ACTIVITY.STALLS_L3_MISS,500022533,4.92,,
   140.017571125,212699979,,OFFCORE_REQUESTS_OUTSTANDING.CYCLES_WITH_DEMAND_RFO,500022533,4.92,,
   140.017571125,22375675881,,cpu-cycles,500022533,4.92,,
   140.017571125,22375676654,,ref-cycles,500022533,4.92,,
   140.017571125,65960701579,,instructions,500022533,4.92,2.95,insn per cycle
   140.017571125,28601,,ITLB_MISSES.WALK_COMPLETED,500022532,4.92,,
   140.017571125,934977,,ITLB_MISSES.WALK_ACTIVE,500022532,4.92,,
   140.017571125,20,,DTLB_LOAD_MISSES.WALK_COMPLETED,500022532,4.92,,
   140.017571125,43756,,DTLB_LOAD_MISSES.WALK_ACTIVE,500022532,4.92,,
   140.017571125,22375595489,,cpu-cycles,500022532,4.92,,
   140.017571125,22375594939,,ref-cycles,500022532,4.92,,
   140.017571125,65941785128,,instructions,500022532,4.92,2.95,insn per cycle
   140.017571125,0,,DTLB_STORE_MISSES.WALK_COMPLETED,500008890,4.92,,
   140.017571125,0,,DTLB_STORE_MISSES.WALK_ACTIVE,500008890,4.92,,
   140.017571125,778763028,,IDQ_UOPS_NOT_DELIVERED.CYCLES_0_UOPS_DELIV.CORE,500008890,4.92,,
   140.017571125,55658,,BACLEARS.ANY,500008890,4.92,,
   140.017571125,22375135357,,cpu-cycles,500008890,4.92,,
   140.017571125,22375138999,,ref-cycles,500008890,4.92,,
   140.017571125,65971806586,,instructions,500008890,4.92,2.95,insn per cycle
   140.017571125,13425,,MEM_INST_RETIRED.LOCK_LOADS,500022624,4.92,,
   140.017571125,21717572,,L2_RQSTS.ALL_RFO,500022624,4.92,,
   140.017571125,8051545389,,MEM_INST_RETIRED.ALL_STORES,500022624,4.92,,
   140.017571125,11656716,,L2_RQSTS.RFO_HIT,500022624,4.92,,
   140.017571125,22375617099,,cpu-cycles,500022624,4.92,,
   140.017571125,22375617669,,ref-cycles,500022624,4.92,,
   140.017571125,65985937061,,instructions,500022624,4.92,2.95,insn per cycle
   140.017571125,0,,OFFCORE_REQUESTS_OUTSTANDING.L3_MISS_DEMAND_DATA_RD_GE_6,500022527,4.92,,
   140.017571125,6205751,,OFFCORE_REQUESTS_OUTSTANDING.CYCLES_WITH_L3_MISS_DEMAND_DATA_RD,500022527,4.92,,
   140.017571125,22375694762,,cpu-cycles,500022527,4.92,,
   140.017571125,22375696023,,ref-cycles,500022527,4.92,,
   140.017571125,65945371767,,instructions,500022527,4.92,2.95,insn per cycle
   140.017571125,21073454540,,UOPS_EXECUTED.CORE_CYCLES_GE_1,500022782,4.92,,
   140.017571125,18235997627,,UOPS_EXECUTED.CORE_CYCLES_GE_2,500022782,4.92,,
   140.017571125,14632109863,,UOPS_EXECUTED.CORE_CYCLES_GE_3,500022782,4.92,,
   140.017571125,7236271072,,UOPS_RETIRED.MACRO_FUSED,500022782,4.92,,
   140.017571125,22375833059,,cpu-cycles,500022782,4.92,,
   140.017571125,22375831310,,ref-cycles,500022782,4.92,,
   140.017571125,65925668320,,instructions,500022782,4.92,2.95,insn per cycle
   140.017571125,67428082,,FP_ARITH_INST_RETIRED.SCALAR_SINGLE:u0x03,500022355,4.92,,
   140.017571125,33592312,,FP_ARITH_INST_RETIRED.128B_PACKED_DOUBLE:u0xfc,500022355,4.92,,
   140.017571125,7477722,,ICACHE_16B.IFDATA_STALL,500022355,4.92,,
   140.017571125,1037523,,ICACHE_16B.IFDATA_STALL:c1:e1,500022355,4.92,,
   140.017571125,22375399150,,cpu-cycles,500022355,4.92,,
   140.017571125,22375401185,,ref-cycles,500022355,4.92,,
   140.017571125,65940297721,,instructions,500022355,4.92,2.95,insn per cycle
   140.017571125,18949346,,L2_RQSTS.ALL_CODE_RD,500022797,4.92,,
   140.017571125,0,,ITLB_MISSES.WALK_COMPLETED_2M_4M,500022797,4.92,,
   140.017571125,29012697,,L2_LINES_IN.ALL,500022797,4.92,,
   140.017571125,13601357,,MEM_LOAD_RETIRED.L2_MISS,500022797,4.92,,
   140.017571125,22375577358,,cpu-cycles,500022797,4.92,,
   140.017571125,22375576361,,ref-cycles,500022797,4.92,,
   140.017571125,65946645949,,instructions,500022797,4.92,2.95,insn per cycle
   140.017571125,322009,,L2_RQSTS.CODE_RD_MISS,670044606,6.59,,
   140.017571125,60,,DTLB_LOAD_MISSES.WALK_COMPLETED_2M_4M,670044606,6.59,,
   140.017571125,1062,,DTLB_LOAD_MISSES.WALK_COMPLETED_4K,670044606,6.59,,
   140.017571125,30,,DTLB_LOAD_MISSES.WALK_COMPLETED_1G,670044606,6.59,,
   140.017571125,22298492452,,cpu-cycles,670044606,6.59,,
   140.017571125,22298491572,,ref-cycles,670044606,6.59,,
   140.017571125,56723824853,,instructions,670044606,6.59,2.54,insn per cycle
   140.017571125,49517118,,MEM_LOAD_RETIRED.FB_HIT,500022705,4.92,,
   140.017571125,0,,CYCLE_ACTIVITY.CYCLES_MEM_ANY,500022705,4.92,,
   140.017571125,708023397,,CYCLE_ACTIVITY.CYCLES_L1D_MISS,500022705,4.92,,
   140.017571125,22375656649,,cpu-cycles,500022705,4.92,,
   140.017571125,22375657503,,ref-cycles,500022705,4.92,,
   140.017571125,65938788238,,instructions,500022705,4.92,2.95,insn per cycle
   140.017571125,2821306540,,IDQ.MS_UOPS,500012548,4.92,,
   140.017571125,2822195,,ICACHE_64B.IFTAG_STALL,500012548,4.92,,
   140.017571125,10401753,,DTLB_LOAD_MISSES.STLB_HIT:c1,500012548,4.92,,
   140.017571125,22375262516,,cpu-cycles,500012548,4.92,,
   140.017571125,22375261845,,ref-cycles,500012548,4.92,,
   140.017571125,65956518686,,instructions,500012548,4.92,2.95,insn per cycle
   140.017571125,7666421,,ICACHE_16B.IFDATA_STALL,277819780,2.73,,
   140.017571125,1056488,,ICACHE_16B.IFDATA_STALL:c1:e1,277819780,2.73,,
   140.017571125,826122,,ARITH.DIVIDER_ACTIVE,277819780,2.73,,
   140.017571125,1301755488,,UOPS_EXECUTED.CORE_CYCLES_NONE,277819780,2.73,,
   140.017571125,22374497190,,cpu-cycles,277819780,2.73,,
   140.017571125,22374502279,,ref-cycles,277819780,2.73,,
   140.017571125,65947863171,,instructions,277819780,2.73,2.95,insn per cycle
   140.017571125,254267843,,CPU_CLK_THREAD_UNHALTED.ONE_THREAD_ACTIVE,250011295,2.46,,
   140.017571125,254267843,,CPU_CLK_THREAD_UNHALTED.REF_XCLK_ANY,250011295,2.46,,
   140.017571125,19104368,,cpu-cycles:k,250011295,2.46,,
   140.017571125,19129348,,ref-cycles:k,250011295,2.46,,
   140.017571125,15123115,,instructions:k,250011295,2.46,0.43,insn per cycle
   140.017571125,34448780088,,IDQ.DSB_UOPS,250011253,2.46,,
   140.017571125,27561293600,,IDQ.MITE_UOPS,250011253,2.46,,
   140.017571125,0,,LSD.UOPS,250011253,2.46,,
   140.017571125,22375829748,,cpu-cycles,250011253,2.46,,
   140.017571125,22375829707,,ref-cycles,250011253,2.46,,
   140.017571125,65952112330,,instructions,250011253,2.46,2.95,insn per cycle
   140.017571125,11080845896,,IDQ.ALL_MITE_CYCLES_ANY_UOPS,250011289,2.46,,
   140.017571125,4006674829,,IDQ.ALL_MITE_CYCLES_4_UOPS,250011289,2.46,,
   140.017571125,22375704614,,cpu-cycles,250011289,2.46,,
   140.017571125,22375706648,,ref-cycles,250011289,2.46,,
   140.017571125,65950790668,,instructions,250011289,2.46,2.95,insn per cycle
   140.017571125,7421951899,,IDQ.ALL_DSB_CYCLES_ANY_UOPS,250011394,2.46,,
   140.017571125,5789262011,,IDQ.ALL_DSB_CYCLES_4_UOPS,250011394,2.46,,
   140.017571125,22375841040,,cpu-cycles,250011394,2.46,,
   140.017571125,22375839616,,ref-cycles,250011394,2.46,,
   140.017571125,65951460340,,instructions,250011394,2.46,2.95,insn per cycle
   140.017571125,0,,MEM_LOAD_L3_HIT_RETIRED.XSNP_HIT,250011277,2.46,,
   140.017571125,222261,,MEM_LOAD_L3_HIT_RETIRED.XSNP_HITM,250011277,2.46,,
   140.017571125,22375869024,,cpu-cycles,250011277,2.46,,
   140.017571125,22375868658,,ref-cycles,250011277,2.46,,
   140.017571125,65963809204,,instructions,250011277,2.46,2.95,insn per cycle
   140.017571125,55575,,UOPS_EXECUTED.X87,250011257,2.46,,
   140.017571125,70151813583,,UOPS_EXECUTED.THREAD,250011257,2.46,,
   140.017571125,22375887374,,cpu-cycles,250011257,2.46,,
   140.017571125,22375887903,,ref-cycles,250011257,2.46,,
   140.017571125,65947281292,,instructions,250011257,2.46,2.95,insn per cycle
   140.017571125,<not supported>,,cstate_core/c6-residency/,0,100.00,,
   140.017571125,<not supported>,,cstate_pkg/c6-residency/,0,100.00,,
   145.018184112,22376128707,,CORE_POWER.LVL0_TURBO_LICENSE,500012092,4.92,,
   145.018184112,0,,CORE_POWER.LVL1_TURBO_LICENSE,500012092,4.92,,
   145.018184112,0,,CORE_POWER.LVL2_TURBO_LICENSE,500012092,4.92,,
   145.018184112,107769139,,L1D.REPLACEMENT,500012092,4.92,,
   145.018184112,22376128707,,cpu-cycles,500012092,4.92,,
   145.018184112,22376128442,,ref-cycles,500012092,4.92,,
   145.018184112,65970217789,,instructions,500012092,4.92,2.95,insn per cycle
   145.018184112,509776,,MACHINE_CLEARS.COUNT,500022826,4.92,,
   145.018184112,2476502,,BR_MISP_RETIRED.ALL_BRANCHES,500022826,4.92,,
   145.018184112,22141605,,INT_MISC.CLEAR_RESTEER_CYCLES,500022826,4.92,,
   145.018184112,19464737883,,MEM_LOAD_RETIRED.L1_HIT,500022826,4.92,,
   145.018184112,22376496051,,cpu-cycles,500022826,4.92,,
   145.018184112,22376496539,,ref-cycles,500022826,4.92,,
   145.018184112,65923711141,,instructions,500022826,4.92,2.95,insn per cycle
   145.018184112,65441209386,,UOPS_ISSUED.ANY,500022507,4.92,,
   145.018184112,65060814345,,UOPS_RETIRED.RETIRE_SLOTS,500022507,4.92,,
   145.018184112,18179398,,INT_MISC.RECOVERY_CYCLES_ANY,500022507,4.92,,
   145.018184112,18179398,,INT_MISC.RECOVERY_CYCLES,500022507,4.92,,
   145.018184112,22376450337,,cpu-cycles,500022507,4.92,,
   145.018184112,22376453002,,ref-cycles,500022507,4.92,,
   145.018184112,65957692707,,instructions,500022507,4.92,2.95,insn per cycle
   145.018184112,22376518209,,CPU_CLK_UNHALTED.THREAD_ANY,500022484,4.92,,
   145.018184112,16237564617,,IDQ_UOPS_NOT_DELIVERED.CORE,500022484,4.92,,
   145.018184112,1101513059,,CYCLE_ACTIVITY.STALLS_MEM_ANY,500022484,4.92,,
   145.018184112,1283404764,,CYCLE_ACTIVITY.STALLS_TOTAL,500022484,4.92,,
   145.018184112,22376518209,,cpu-cycles,500022484,4.92,,
   145.018184112,22376519654,,ref-cycles,500022484,4.92,,
   145.018184112,65983870025,,instructions,500022484,4.92,2.95,insn per cycle
   145.018184112,2828658025,,EXE_ACTIVITY.1_PORTS_UTIL,500022518,4.92,,
   145.018184112,3599151726,,EXE_ACTIVITY.2_PORTS_UTIL,500022518,4.92,,
   145.018184112,133362659,,EXE_ACTIVITY.BOUND_ON_STORES,500022518,4.92,,
   145.018184112,6995653,,EXE_ACTIVITY.EXE_BOUND_0_PORTS,500022518,4.92,,
   145.018184112,22376449674,,cpu-cycles,500022518,4.92,,
   145.018184112,22376450569,,ref-cycles,500022518,4.92,,
   145.018184112,65944025336,,instructions,500022518,4.92,2.95,insn per cycle
   145.018184112,52299615,,MEM_LOAD_RETIRED.L2_HIT,500022838,4.92,,
   145.018184112,49548523,,MEM_LOAD_RETIRED.FB_HIT,500022838,4.92,,
   145.018184112,65897091,,MEM_LOAD_RETIRED.L1_MISS,500022838,4.92,,
   145.018184112,5804725,,L1D_PEND_MISS.FB_FULL:c1,500022838,4.92,,
   145.018184112,22376459406,,cpu-cycles,500022838,4.92,,
   145.018184112,22376459081,,ref-cycles,500022838,4.92,,
   145.018184112,65947543315,,instructions,500022838,4.92,2.95,insn per cycle
   145.018184112,185631200,,CYCLE_ACTIVITY.STALLS_L1D_MISS,500022606,4.92,,
   145.018184112,68444341,,CYCLE_ACTIVITY.STALLS_L2_MISS,500022606,4.92,,
   145.018184112,3938416,,CYCLE_ACTIVITY.STALLS_L3_MISS,500022606,4.92,,
   145.018184112,211118794,,OFFCORE_REQUESTS_OUTSTANDING.CYCLES_WITH_DEMAND_RFO,500022606,4.92,,
   145.018184112,22376454153,,cpu-cycles,500022606,4.92,,
   145.018184112,22376452892,,ref-cycles,500022606,4.92,,
   145.018184112,65980039925,,instructions,500022606,4.92,2.95,insn per cycle
   145.018184112,27971,,ITLB_MISSES.WALK_COMPLETED,500022591,4.92,,
   145.018184112,907829,,ITLB_MISSES.WALK_ACTIVE,500022591,4.92,,
   145.018184112,20,,DTLB_LOAD_MISSES.WALK_COMPLETED,500022591,4.92,,
   145.018184112,42476,,DTLB_LOAD_MISSES.WALK_ACTIVE,500022591,4.92,,
   145.018184112,22376428171,,cpu-cycles,500022591,4.92,,
   145.018184112,22376430429,,ref-cycles,500022591,4.92,,
   145.018184112,65947913401,,instructions,500022591,4.92,2.95,insn per cycle
   145.018184112,0,,DTLB_STORE_MISSES.WALK_COMPLETED,500022332,4.92,,
   145.018184112,0,,DTLB_STORE_MISSES.WALK_ACTIVE,500022332,4.92,,
   145.018184112,779375960,,IDQ_UOPS_NOT_DELIVERED.CYCLES_0_UOPS_DELIV.CORE,500022332,4.92,,
   145.018184112,53970,,BACLEARS.ANY,500022332,4.92,,
   145.018184112,22376464545,,cpu-cycles,500022332,4.92,,
   145.018184112,22376465644,,ref-cycles,500022332,4.92,,
   145.018184112,65962828953,,instructions,500022332,4.92,2.95,insn per cycle
   145.018184112,13787,,MEM_INST_RETIRED.LOCK_LOADS,278885631,2.74,,
   145.018184112,21721882,,L2_RQSTS.ALL_RFO,278885631,2.74,,
   145.018184112,8046623926,,MEM_INST_RETIRED.ALL_STORES,278885631,2.74,,
   145.018184112,11653204,,L2_RQSTS.RFO_HIT,278885631,2.74,,
   145.018184112,22375190232,,cpu-cycles,278885631,2.74,,
   145.018184112,22375197271,,ref-cycles,278885631,2.74,,
   145.018184112,65945889114,,instructions,278885631,2.74,2.95,insn per cycle
   145.018184112,0,,OFFCORE_REQUESTS_OUTSTANDING.L3_MISS_DEMAND_DATA_RD_GE_6,250011317,2.46,,
   145.018184112,6417591,,OFFCORE_REQUESTS_OUTSTANDING.CYCLES_WITH_L3_MISS_DEMAND_DATA_RD,250011317,2.46,,
   145.018184112,22376343780,,cpu-cycles,250011317,2.46,,
   145.018184112,22376340647,,ref-cycles,250011317,2.46,,
   145.018184112,66049762228,,instructions,250011317,2.46,2.95,insn per cycle
   145.018184112,21068932027,,UOPS_EXECUTED.CORE_CYCLES_GE_1,250011235,2.46,,
   145.018184112,18253822976,,UOPS_EXECUTED.CORE_CYCLES_GE_2,250011235,2.46,,
   145.018184112,14645304483,,UOPS_EXECUTED.CORE_CYCLES_GE_3,250011235,2.46,,
   145.018184112,7243753157,,UOPS_RETIRED.MACRO_FUSED,250011235,2.46,,
   145.018184112,22376565123,,cpu-cycles,250011235,2.46,,
   145.018184112,22376567320,,ref-cycles,250011235,2.46,,
   145.018184112,65982475628,,instructions,250011235,2.46,2.95,insn per cycle
   145.018184112,67426378,,FP_ARITH_INST_RETIRED.SCALAR_SINGLE:u0x03,250011266,2.46,,
   145.018184112,33591476,,FP_ARITH_INST_RETIRED.128B_PACKED_DOUBLE:u0xfc,250011266,2.46,,
   145.018184112,7499762,,ICACHE_16B.IFDATA_STALL,250011266,2.46,,
   145.018184112,1058043,,ICACHE_16B.IFDATA_STALL:c1:e1,250011266,2.46,,
   145.018184112,22376342651,,cpu-cycles,250011266,2.46,,
   145.018184112,22376339478,,ref-cycles,250011266,2.46,,
   145.018184112,66006822328,,instructions,250011266,2.46,2.95,insn per cycle
   145.018184112,18918812,,L2_RQSTS.ALL_CODE_RD,250011418,2.46,,
   145.018184112,0,,ITLB_MISSES.WALK_COMPLETED_2M_4M,250011418,2.46,,
   145.018184112,29024721,,L2_LINES_IN.ALL,250011418,2.46,,
   145.018184112,13608375,,MEM_LOAD_RETIRED.L2_MISS,250011418,2.46,,
   145.018184112,22376301777,,cpu-cycles,250011418,2.46,,
   145.018184112,22376301126,,ref-cycles,250011418,2.46,,
   145.018184112,65982903655,,instructions,250011418,2.46,2.95,insn per cycle
   145.018184112,244172,,L2_RQSTS.CODE_RD_MISS,420339850,4.13,,
   145.018184112,871,,DTLB_LOAD_MISSES.WALK_COMPLETED_2M_4M,420339850,4.13,,
   145.018184112,3460,,DTLB_LOAD_MISSES.WALK_COMPLETED_4K,420339850,4.13,,
   145.018184112,72,,DTLB_LOAD_MISSES.WALK_COMPLETED_1G,420339850,4.13,,
   145.018184112,22254332445,,cpu-cycles,420339850,4.13,,
   145.018184112,22254350425,,ref-cycles,420339850,4.13,,
   145.018184112,51165270564,,instructions,420339850,4.13,2.29,insn per cycle
   145.018184112,49514232,,MEM_LOAD_RETIRED.FB_HIT,250011347,2.46,,
   145.018184112,0,,CYCLE_ACTIVITY.CYCLES_MEM_ANY,250011347,2.46,,
   145.018184112,708449721,,CYCLE_ACTIVITY.CYCLES_L1D_MISS,250011347,2.46,,
   145.018184112,22376327621,,cpu-cycles,250011347,2.46,,
   145.018184112,22376326888,,ref-cycles,250011347,2.46,,
   145.018184112,66007884228,,instructions,250011347,2.46,2.95,insn per cycle
   145.018184112,2821300271,,IDQ.MS_UOPS,250011232,2.46,,
   145.018184112,2766334,,ICACHE_64B.IFTAG_STALL,250011232,2.46,,
   145.018184112,10435717,,DTLB_LOAD_MISSES.STLB_HIT:c1,250011232,2.46,,
   145.018184112,22376446520,,cpu-cycles,250011232,2.46,,
   145.018184112,22376447944,,ref-cycles,250011232,2.46,,
   145.018184112,66003579374,,instructions,250011232,2.46,2.95,insn per cycle
   145.018184112,7588932,,ICACHE_16B.IFDATA_STALL,472214337,4.64,,
   145.018184112,1055037,,ICACHE_16B.IFDATA_STALL:c1:e1,472214337,4.64,,
   145.018184112,815673,,ARITH.DIVIDER_ACTIVE,472214337,4.64,,
   145.018184112,1293299482,,UOPS_EXECUTED.CORE_CYCLES_NONE,472214337,4.64,,
   145.018184112,22377296649,,cpu-cycles,472214337,4.64,,
   145.018184112,22377294624,,ref-cycles,472214337,4.64,,
   145.018184112,65973167763,,instructions,472214337,4.64,2.95,insn per cycle
   145.018184112,254269026,,CPU_CLK_THREAD_UNHALTED.ONE_THREAD_ACTIVE,500022546,4.92,,
   145.018184112,254269026,,CPU_CLK_THREAD_UNHALTED.REF_XCLK_ANY,500022546,4.92,,
   145.018184112,19099498,,cpu-cycles:k,500022546,4.92,,
   145.018184112,19129952,,ref-cycles:k,500022546,4.92,,
   145.018184112,15123591,,instructions:k,500022546,4.92,0.44,insn per cycle
   145.018184112,34621695009,,IDQ.DSB_UOPS,500022480,4.92,,
   145.018184112,27415154783,,IDQ.MITE_UOPS,500022480,4.92,,
   145.018184112,0,,LSD.UOPS,500022480,4.92,,
   145.018184112,22376603992,,cpu-cycles,500022480,4.92,,
   145.018184112,22376602283,,ref-cycles,500022480,4.92,,
   145.018184112,65971256403,,instructions,500022480,4.92,2.95,insn per cycle
   145.018184112,11127756087,,IDQ.ALL_MITE_CYCLES_ANY_UOPS,500022641,4.92,,
   145.018184112,4049217217,,IDQ.ALL_MITE_CYCLES_4_UOPS,500022641,4.92,,
   145.018184112,22376653658,,cpu-cycles,500022641,4.92,,
   145.018184112,22376651644,,ref-cycles,500022641,4.92,,
   145.018184112,65960127011,,instructions,500022641,4.92,2.95,insn per cycle
   145.018184112,7470918641,,IDQ.ALL_DSB_CYCLES_ANY_UOPS,500022859,4.92,,
   145.018184112,5835327610,,IDQ.ALL_DSB_CYCLES_4_UOPS,500022859,4.92,,
   145.018184112,22376621413,,cpu-cycles,500022859,4.92,,
   145.018184112,22376622389,,ref-cycles,500022859,4.92,,
   145.018184112,65971416192,,instructions,500022859,4.92,2.95,insn per cycle
   145.018184112,467,,MEM_LOAD_L3_HIT_RETIRED.XSNP_HIT,500022599,4.92,,
   145.018184112,229571,,MEM_LOAD_L3_HIT_RETIRED.XSNP_HITM,500022599,4.92,,
   145.018184112,22376698144,,cpu-cycles,500022599,4.92,,
   145.018184112,22376697717,,ref-cycles,500022599,4.92,,
   145.018184112,65960316742,,instructions,500022599,4.92,2.95,insn per cycle
   145.018184112,55577,,UOPS_EXECUTED.X87,500022337,4.92,,
   145.018184112,70166771718,,UOPS_EXECUTED.THREAD,500022337,4.92,,
   145.018184112,22376578467,,cpu-cycles,500022337,4.92,,
   145.018184112,22376580033,,ref-cycles,500022337,4.92,,
   145.018184112,65961609306,,instructions,500022337,4.92,2.95,insn per cycle
   145.018184112,<not supported>,,cstate_core/c6-residency/,0,100.00,,
   145.018184112,<not supported>,,cstate_pkg/c6-residency/,0,100.00,,
   150.018781990,22376283786,,CORE_POWER.LVL0_TURBO_LICENSE,500098482,4.92,,
   150.018781990,0,,CORE_POWER.LVL1_TURBO_LICENSE,500098482,4.92,,
   150.018781990,0,,CORE_POWER.LVL2_TURBO_LICENSE,500098482,4.92,,
   150.018781990,453206568,,L1D.REPLACEMENT,500098482,4.92,,
   150.018781990,22376283786,,cpu-cycles,500098482,4.92,,
   150.018781990,22376281467,,ref-cycles,500098482,4.92,,
   150.018781990,56042734789,,instructions,500098482,4.92,2.51,insn per cycle
   150.018781990,635208,,MACHINE_CLEARS.COUNT,279937535,2.75,,
   150.018781990,8764574,,BR_MISP_RETIRED.ALL_BRANCHES,279937535,2.75,,
   150.018781990,55917534,,INT_MISC.CLEAR_RESTEER_CYCLES,279937535,2.75,,
   150.018781990,18901561874,,MEM_LOAD_RETIRED.L1_HIT,279937535,2.75,,
   150.018781990,22375841295,,cpu-cycles,279937535,2.75,,
   150.018781990,22375835335,,ref-cycles,279937535,2.75,,
   150.018781990,63858167038,,instructions,279937535,2.75,2.85,insn per cycle
   150.018781990,65454388131,,UOPS_ISSUED.ANY,250011264,2.46,,
   150.018781990,65073999616,,UOPS_RETIRED.RETIRE_SLOTS,250011264,2.46,,
   150.018781990,18165489,,INT_MISC.RECOVERY_CYCLES_ANY,250011264,2.46,,
   150.018781990,18165489,,INT_MISC.RECOVERY_CYCLES,250011264,2.46,,
   150.018781990,22377855859,,cpu-cycles,250011264,2.46,,
   150.018781990,22377856347,,ref-cycles,250011264,2.46,,
   150.018781990,65981624284,,instructions,250011264,2.46,2.95,insn per cycle
   150.018781990,22377854679,,CPU_CLK_UNHALTED.THREAD_ANY,250011358,2.46,,
   150.018781990,16211661618,,IDQ_UOPS_NOT_DELIVERED.CORE,250011358,2.46,,
   150.018781990,1088411740,,CYCLE_ACTIVITY.STALLS_MEM_ANY,250011358,2.46,,
   150.018781990,1270403993,,CYCLE_ACTIVITY.STALLS_TOTAL,250011358,2.46,,
   150.018781990,22377854679,,cpu-cycles,250011358,2.46,,
   150.018781990,22377855614,,ref-cycles,250011358,2.46,,
   150.018781990,66000662526,,instructions,250011358,2.46,2.95,insn per cycle
   150.018781990,2820067744,,EXE_ACTIVITY.1_PORTS_UTIL,250011188,2.46,,
   150.018781990,3626143098,,EXE_ACTIVITY.2_PORTS_UTIL,250011188,2.46,,
   150.018781990,132689732,,EXE_ACTIVITY.BOUND_ON_STORES,250011188,2.46,,
   150.018781990,6998149,,EXE_ACTIVITY.EXE_BOUND_0_PORTS,250011188,2.46,,
   150.018781990,22377864637,,cpu-cycles,250011188,2.46,,
   150.018781990,22377863131,,ref-cycles,250011188,2.46,,
   150.018781990,65973292492,,instructions,250011188,2.46,2.95,insn per cycle
   150.018781990,52220485,,MEM_LOAD_RETIRED.L2_HIT,250011396,2.46,,
   150.018781990,49487566,,MEM_LOAD_RETIRED.FB_HIT,250011396,2.46,,
   150.018781990,65827014,,MEM_LOAD_RETIRED.L1_MISS,250011396,2.46,,
   150.018781990,5818203,,L1D_PEND_MISS.FB_FULL:c1,250011396,2.46,,
   150.018781990,22377870003,,cpu-cycles,250011396,2.46,,
   150.018781990,22377869759,,ref-cycles,250011396,2.46,,
   150.018781990,65970398063,,instructions,250011396,2.46,2.95,insn per cycle
   150.018781990,185209147,,CYCLE_ACTIVITY.STALLS_L1D_MISS,250011316,2.46,,
   150.018781990,68534041,,CYCLE_ACTIVITY.STALLS_L2_MISS,250011316,2.46,,
   150.018781990,3604641,,CYCLE_ACTIVITY.STALLS_L3_MISS,250011316,2.46,,
   150.018781990,211235683,,OFFCORE_REQUESTS_OUTSTANDING.CYCLES_WITH_DEMAND_RFO,250011316,2.46,,
   150.018781990,22377893216,,cpu-cycles,250011316,2.46,,
   150.018781990,22377896756,,ref-cycles,250011316,2.46,,
   150.018781990,65922255285,,instructions,250011316,2.46,2.95,insn per cycle
   150.018781990,28197,,ITLB_MISSES.WALK_COMPLETED,250011249,2.46,,
   150.018781990,932592,,ITLB_MISSES.WALK_ACTIVE,250011249,2.46,,
   150.018781990,0,,DTLB_LOAD_MISSES.WALK_COMPLETED,250011249,2.46,,
   150.018781990,37271,,DTLB_LOAD_MISSES.WALK_ACTIVE,250011249,2.46,,
   150.018781990,22377747839,,cpu-cycles,250011249,2.46,,
   150.018781990,22377744950,,ref-cycles,250011249,2.46,,
   150.018781990,65966723025,,instructions,250011249,2.46,2.95,insn per cycle
   150.018781990,0,,DTLB_STORE_MISSES.WALK_COMPLETED,250000518,2.46,,
   150.018781990,0,,DTLB_STORE_MISSES.WALK_ACTIVE,250000518,2.46,,
   150.018781990,778113884,,IDQ_UOPS_NOT_DELIVERED.CYCLES_0_UOPS_DELIV.CORE,250000518,2.46,,
   150.018781990,56641,,BACLEARS.ANY,250000518,2.46,,
   150.018781990,22376918697,,cpu-cycles,250000518,2.46,,
   150.018781990,22376920080,,ref-cycles,250000518,2.46,,
   150.018781990,65995062886,,instructions,250000518,2.46,2.95,insn per cycle
   150.018781990,13300,,MEM_INST_RETIRED.LOCK_LOADS,471148642,4.63,,
   150.018781990,21728256,,L2_RQSTS.ALL_RFO,471148642,4.63,,
   150.018781990,8053783466,,MEM_INST_RETIRED.ALL_STORES,471148642,4.63,,
   150.018781990,11655438,,L2_RQSTS.RFO_HIT,471148642,4.63,,
   150.018781990,22378861400,,cpu-cycles,471148642,4.63,,
   150.018781990,22378860450,,ref-cycles,471148642,4.63,,
   150.018781990,66004020396,,instructions,471148642,4.63,2.95,insn per cycle
   150.018781990,0,,OFFCORE_REQUESTS_OUTSTANDING.L3_MISS_DEMAND_DATA_RD_GE_6,500022831,4.92,,
   150.018781990,6241117,,OFFCORE_REQUESTS_OUTSTANDING.CYCLES_WITH_L3_MISS_DEMAND_DATA_RD,500022831,4.92,,
   150.018781990,22377325382,,cpu-cycles,500022831,4.92,,
   150.018781990,22377328169,,ref-cycles,500022831,4.92,,
   150.018781990,65928877087,,instructions,500022831,4.92,2.95,insn per cycle
   150.018781990,21084352554,,UOPS_EXECUTED.CORE_CYCLES_GE_1,500022275,4.92,,
   150.018781990,18222713285,,UOPS_EXECUTED.CORE_CYCLES_GE_2,500022275,4.92,,
   150.018781990,14626882353,,UOPS_EXECUTED.CORE_CYCLES_GE_3,500022275,4.92,,
   150.018781990,7241552606,,UOPS_RETIRED.MACRO_FUSED,500022275,4.92,,
   150.018781990,22378172463,,cpu-cycles,500022275,4.92,,
   150.018781990,22378170063,,ref-cycles,500022275,4.92,,
   150.018781990,65966465526,,instructions,500022275,4.92,2.95,insn per cycle
   150.018781990,67425279,,FP_ARITH_INST_RETIRED.SCALAR_SINGLE:u0x03,500022476,4.92,,
   150.018781990,33590938,,FP_ARITH_INST_RETIRED.128B_PACKED_DOUBLE:u0xfc,500022476,4.92,,
   150.018781990,7439249,,ICACHE_16B.IFDATA_STALL,500022476,4.92,,
   150.018781990,1030041,,ICACHE_16B.IFDATA_STALL:c1:e1,500022476,4.92,,
   150.018781990,22378084428,,cpu-cycles,500022476,4.92,,
   150.018781990,22378082047,,ref-cycles,500022476,4.92,,
   150.018781990,65949265768,,instructions,500022476,4.92,2.95,insn per cycle
   150.018781990,19019687,,L2_RQSTS.ALL_CODE_RD,500022900,4.92,,
   150.018781990,0,,ITLB_MISSES.WALK_COMPLETED_2M_4M,500022900,4.92,,
   150.018781990,29025264,,L2_LINES_IN.ALL,500022900,4.92,,
   150.018781990,13603986,,MEM_LOAD_RETIRED.L2_MISS,500022900,4.92,,
   150.018781990,22377971466,,cpu-cycles,500022900,4.92,,
   150.018781990,22377970917,,ref-cycles,500022900,4.92,,
   150.018781990,65988594263,,instructions,500022900,4.92,2.95,insn per cycle
   150.018781990,329546,,L2_RQSTS.CODE_RD_MISS,670995840,6.60,,
   150.018781990,45,,DTLB_LOAD_MISSES.WALK_COMPLETED_2M_4M,670995840,6.60,,
   150.018781990,1106,,DTLB_LOAD_MISSES.WALK_COMPLETED_4K,670995840,6.60,,
   150.018781990,30,,DTLB_LOAD_MISSES.WALK_COMPLETED_1G,670995840,6.60,,
   150.018781990,22300176807,,cpu-cycles,670995840,6.60,,
   150.018781990,22300153505,,ref-cycles,670995840,6.60,,
   150.018781990,56686763482,,instructions,670995840,6.60,2.53,insn per cycle
   150.018781990,49549632,,MEM_LOAD_RETIRED.FB_HIT,500022502,4.92,,
   150.018781990,0,,CYCLE_ACTIVITY.CYCLES_MEM_ANY,500022502,4.92,,
   150.018781990,709876365,,CYCLE_ACTIVITY.CYCLES_L1D_MISS,500022502,4.92,,
   150.018781990,22378079584,,cpu-cycles,500022502,4.92,,
   150.018781990,22378080255,,ref-cycles,500022502,4.92,,
   150.018781990,66006805439,,instructions,500022502,4.92,2.95,insn per cycle
   150.018781990,2821566349,,IDQ.MS_UOPS,500022516,4.92,,
   150.018781990,2775233,,ICACHE_64B.IFTAG_STALL,500022516,4.92,,
   150.018781990,10415874,,DTLB_LOAD_MISSES.STLB_HIT:c1,500022516,4.92,,
   150.018781990,22378135730,,cpu-cycles,500022516,4.92,,
   150.018781990,22378137643,,ref-cycles,500022516,4.92,,
   150.018781990,65972890055,,instructions,500022516,4.92,2.95,insn per cycle
   150.018781990,7489111,,ICACHE_16B.IFDATA_STALL,500022754,4.92,,
   150.018781990,1042899,,ICACHE_16B.IFDATA_STALL:c1:e1,500022754,4.92,,
   150.018781990,819557,,ARITH.DIVIDER_ACTIVE,500022754,4.92,,
   150.018781990,1309778962,,UOPS_EXECUTED.CORE_CYCLES_NONE,500022754,4.92,,
   150.018781990,22378162196,,cpu-cycles,500022754,4.92,,
   150.018781990,22378162074,,ref-cycles,500022754,4.92,,
   150.018781990,65942077290,,instructions,500022754,4.92,2.95,insn per cycle
   150.018781990,254297176,,CPU_CLK_THREAD_UNHALTED.ONE_THREAD_ACTIVE,500022560,4.92,,
   150.018781990,254297176,,CPU_CLK_THREAD_UNHALTED.REF_XCLK_ANY,500022560,4.92,,
   150.018781990,19093335,,cpu-cycles:k,500022560,4.92,,
   150.018781990,19086560,,ref-cycles:k,500022560,4.92,,
   150.018781990,15123776,,instructions:k,500022560,4.92,0.45,insn per cycle
   150.018781990,29630265047,,IDQ.DSB_UOPS,500023409,4.92,,
   150.018781990,26201688146,,IDQ.MITE_UOPS,500023409,4.92,,
   150.018781990,0,,LSD.UOPS,500023409,4.92,,
   150.018781990,22378303971,,cpu-cycles,500023409,4.92,,
   150.018781990,22378305639,,ref-cycles,500023409,4.92,,
   150.018781990,56314954936,,instructions,500023409,4.92,2.52,insn per cycle
   150.018781990,10302867986,,IDQ.ALL_MITE_CYCLES_ANY_UOPS,500022251,4.92,,
   150.018781990,4099404975,,IDQ.ALL_MITE_CYCLES_4_UOPS,500022251,4.92,,
   150.018781990,22377415627,,cpu-cycles,500022251,4.92,,
   150.018781990,22377414650,,ref-cycles,500022251,4.92,,
   150.018781990,55964984350,,instructions,500022251,4.92,2.50,insn per cycle
   150.018781990,6636380442,,IDQ.ALL_DSB_CYCLES_ANY_UOPS,500022637,4.92,,
   150.018781990,5221135589,,IDQ.ALL_DSB_CYCLES_4_UOPS,500022637,4.92,,
   150.018781990,22377385736,,cpu-cycles,500022637,4.92,,
   150.018781990,22377383946,,ref-cycles,500022637,4.92,,
   150.018781990,55990172217,,instructions,500022637,4.92,2.50,insn per cycle
   150.018781990,8076,,MEM_LOAD_L3_HIT_RETIRED.XSNP_HIT,500022662,4.92,,
   150.018781990,2024868,,MEM_LOAD_L3_HIT_RETIRED.XSNP_HITM,500022662,4.92,,
   150.018781990,22377832146,,cpu-cycles,500022662,4.92,,
   150.018781990,22377832960,,ref-cycles,500022662,4.92,,
   150.018781990,56004172926,,instructions,500022662,4.92,2.50,insn per cycle
   150.018781990,22183873,,UOPS_EXECUTED.X87,500022746,4.92,,
   150.018781990,63976281344,,UOPS_EXECUTED.THREAD,500022746,4.92,,
   150.018781990,22377796089,,cpu-cycles,500022746,4.92,,
   150.018781990,22377796435,,ref-cycles,500022746,4.92,,
   150.018781990,55993895685,,instructions,500022746,4.92,2.50,insn per cycle
   150.018781990,<not supported>,,cstate_core/c6-residency/,0,100.00,,
   150.018781990,<not supported>,,cstate_pkg/c6-residency/,0,100.00,,
   155.019418402,22369976269,,CORE_POWER.LVL0_TURBO_LICENSE,250011311,2.46,,
   155.019418402,0,,CORE_POWER.LVL1_TURBO_LICENSE,250011311,2.46,,
   155.019418402,0,,CORE_POWER.LVL2_TURBO_LICENSE,250011311,2.46,,
   155.019418402,799442681,,L1D.REPLACEMENT,250011311,2.46,,
   155.019418402,22369976269,,cpu-cycles,250011311,2.46,,
   155.019418402,22369974032,,ref-cycles,250011311,2.46,,
   155.019418402,46174419281,,instructions,250011311,2.46,2.06,insn per cycle
   155.019418402,1505607,,MACHINE_CLEARS.COUNT,470096215,4.62,,
   155.019418402,61217837,,BR_MISP_RETIRED.ALL_BRANCHES,470096215,4.62,,
   155.019418402,338157433,,INT_MISC.CLEAR_RESTEER_CYCLES,470096215,4.62,,
   155.019418402,14046468976,,MEM_LOAD_RETIRED.L1_HIT,470096215,4.62,,
   155.019418402,22370916674,,cpu-cycles,470096215,4.62,,
   155.019418402,22370919530,,ref-cycles,470096215,4.62,,
   155.019418402,46107092093,,instructions,470096215,4.62,2.06,insn per cycle
   155.019418402,53720818607,,UOPS_ISSUED.ANY,500022716,4.92,,
   155.019418402,50024591883,,UOPS_RETIRED.RETIRE_SLOTS,500022716,4.92,,
   155.019418402,365911660,,INT_MISC.RECOVERY_CYCLES_ANY,500022716,4.92,,
   155.019418402,365911660,,INT_MISC.RECOVERY_CYCLES,500022716,4.92,,
   155.019418402,22369453224,,cpu-cycles,500022716,4.92,,
   155.019418402,22369451068,,ref-cycles,500022716,4.92,,
   155.019418402,46046614409,,instructions,500022716,4.92,2.06,insn per cycle
   155.019418402,22369864965,,CPU_CLK_UNHALTED.THREAD_ANY,500022466,4.92,,
   155.019418402,16509630162,,IDQ_UOPS_NOT_DELIVERED.CORE,500022466,4.92,,
   155.019418402,2328582779,,CYCLE_ACTIVITY.STALLS_MEM_ANY,500022466,4.92,,
   155.019418402,3710087300,,CYCLE_ACTIVITY.STALLS_TOTAL,500022466,4.92,,
   155.019418402,22369864965,,cpu-cycles,500022466,4.92,,
   155.019418402,22369863969,,ref-cycles,500022466,4.92,,
   155.019418402,46055661802,,instructions,500022466,4.92,2.06,insn per cycle
   155.019418402,2976550209,,EXE_ACTIVITY.1_PORTS_UTIL,500023066,4.92,,
   155.019418402,4013984823,,EXE_ACTIVITY.2_PORTS_UTIL,500023066,4.92,,
   155.019418402,739082529,,EXE_ACTIVITY.BOUND_ON_STORES,500023066,4.92,,
   155.019418402,148265008,,EXE_ACTIVITY.EXE_BOUND_0_PORTS,500023066,4.92,,
   155.019418402,22369653234,,cpu-cycles,500023066,4.92,,
   155.019418402,22369650020,,ref-cycles,500023066,4.92,,
   155.019418402,46086784663,,instructions,500023066,4.92,2.06,insn per cycle
   155.019418402,258719362,,MEM_LOAD_RETIRED.L2_HIT,500022266,4.92,,
   155.019418402,346273933,,MEM_LOAD_RETIRED.FB_HIT,500022266,4.92,,
   155.019418402,315712798,,MEM_LOAD_RETIRED.L1_MISS,500022266,4.92,,
   155.019418402,136609055,,L1D_PEND_MISS.FB_FULL:c1,500022266,4.92,,
   155.019418402,22369690047,,cpu-cycles,500022266,4.92,,
   155.019418402,22369691491,,ref-cycles,500022266,4.92,,
   155.019418402,46091441973,,instructions,500022266,4.92,2.06,insn per cycle
   155.019418402,761828841,,CYCLE_ACTIVITY.STALLS_L1D_MISS,500022590,4.92,,
   155.019418402,471008256,,CYCLE_ACTIVITY.STALLS_L2_MISS,500022590,4.92,,
   155.019418402,50138835,,CYCLE_ACTIVITY.STALLS_L3_MISS,500022590,4.92,,
   155.019418402,3017267342,,OFFCORE_REQUESTS_OUTSTANDING.CYCLES_WITH_DEMAND_RFO,500022590,4.92,,
   155.019418402,22369739427,,cpu-cycles,500022590,4.92,,
   155.019418402,22369739365,,ref-cycles,500022590,4.92,,
   155.019418402,46053201599,,instructions,500022590,4.92,2.06,insn per cycle
   155.019418402,20703,,ITLB_MISSES.WALK_COMPLETED,500022559,4.92,,
   155.019418402,1110202,,ITLB_MISSES.WALK_ACTIVE,500022559,4.92,,
   155.019418402,1769,,DTLB_LOAD_MISSES.WALK_COMPLETED,500022559,4.92,,
   155.019418402,805968,,DTLB_LOAD_MISSES.WALK_ACTIVE,500022559,4.92,,
   155.019418402,22369794258,,cpu-cycles,500022559,4.92,,
   155.019418402,22369794461,,ref-cycles,500022559,4.92,,
   155.019418402,46102545893,,instructions,500022559,4.92,2.06,insn per cycle
   155.019418402,1260,,DTLB_STORE_MISSES.WALK_COMPLETED,500022410,4.92,,
   155.019418402,124243,,DTLB_STORE_MISSES.WALK_ACTIVE,500022410,4.92,,
   155.019418402,1621428362,,IDQ_UOPS_NOT_DELIVERED.CYCLES_0_UOPS_DELIV.CORE,500022410,4.92,,
   155.019418402,4308717,,BACLEARS.ANY,500022410,4.92,,
   155.019418402,22369797651,,cpu-cycles,500022410,4.92,,
   155.019418402,22369798424,,ref-cycles,500022410,4.92,,
   155.019418402,46101385324,,instructions,500022410,4.92,2.06,insn per cycle
   155.019418402,1709762,,MEM_INST_RETIRED.LOCK_LOADS,500022499,4.92,,
   155.019418402,265433472,,L2_RQSTS.ALL_RFO,500022499,4.92,,
   155.019418402,6738024739,,MEM_INST_RETIRED.ALL_STORES,500022499,4.92,,
   155.019418402,91150286,,L2_RQSTS.RFO_HIT,500022499,4.92,,
   155.019418402,22369806381,,cpu-cycles,500022499,4.92,,
   155.019418402,22369807601,,ref-cycles,500022499,4.92,,
   155.019418402,46065880480,,instructions,500022499,4.92,2.06,insn per cycle
   155.019418402,7667,,OFFCORE_REQUESTS_OUTSTANDING.L3_MISS_DEMAND_DATA_RD_GE_6,500022921,4.92,,
   155.019418402,75585115,,OFFCORE_REQUESTS_OUTSTANDING.CYCLES_WITH_L3_MISS_DEMAND_DATA_RD,500022921,4.92,,
   155.019418402,22369949971,,cpu-cycles,500022921,4.92,,
   155.019418402,22369949015,,ref-cycles,500022921,4.92,,
   155.019418402,46113380409,,instructions,500022921,4.92,2.06,insn per cycle
   155.019418402,18675027900,,UOPS_EXECUTED.CORE_CYCLES_GE_1,500022838,4.92,,
   155.019418402,15677416480,,UOPS_EXECUTED.CORE_CYCLES_GE_2,500022838,4.92,,
   155.019418402,11648878800,,UOPS_EXECUTED.CORE_CYCLES_GE_3,500022838,4.92,,
   155.019418402,3760249513,,UOPS_RETIRED.MACRO_FUSED,500022838,4.92,,
   155.019418402,22369978578,,cpu-cycles,500022838,4.92,,
   155.019418402,22369979432,,ref-cycles,500022838,4.92,,
   155.019418402,46129602420,,instructions,500022838,4.92,2.06,insn per cycle
   155.019418402,13345406,,FP_ARITH_INST_RETIRED.SCALAR_SINGLE:u0x03,500022096,4.92,,
   155.019418402,6579850,,FP_ARITH_INST_RETIRED.128B_PACKED_DOUBLE:u0xfc,500022096,4.92,,
   155.019418402,64390700,,ICACHE_16B.IFDATA_STALL,500022096,4.92,,
   155.019418402,9783675,,ICACHE_16B.IFDATA_STALL:c1:e1,500022096,4.92,,
   155.019418402,22369756605,,cpu-cycles,500022096,4.92,,
   155.019418402,22369755202,,ref-cycles,500022096,4.92,,
   155.019418402,46119226492,,instructions,500022096,4.92,2.06,insn per cycle
   155.019418402,124556107,,L2_RQSTS.ALL_CODE_RD,500022761,4.92,,
   155.019418402,0,,ITLB_MISSES.WALK_COMPLETED_2M_4M,500022761,4.92,,
   155.019418402,321039782,,L2_LINES_IN.ALL,500022761,4.92,,
   155.019418402,56972134,,MEM_LOAD_RETIRED.L2_MISS,500022761,4.92,,
   155.019418402,22369685067,,cpu-cycles,500022761,4.92,,
   155.019418402,22369686938,,ref-cycles,500022761,4.92,,
   155.019418402,46110840905,,instructions,500022761,4.92,2.06,insn per cycle
   155.019418402,1831950,,L2_RQSTS.CODE_RD_MISS,641121383,6.30,,
   155.019418402,0,,DTLB_LOAD_MISSES.WALK_COMPLETED_2M_4M,641121383,6.30,,
   155.019418402,1395,,DTLB_LOAD_MISSES.WALK_COMPLETED_4K,641121383,6.30,,
   155.019418402,15,,DTLB_LOAD_MISSES.WALK_COMPLETED_1G,641121383,6.30,,
   155.019418402,22301857454,,cpu-cycles,641121383,6.30,,
   155.019418402,22301856169,,ref-cycles,641121383,6.30,,
   155.019418402,42433146880,,instructions,641121383,6.30,1.90,insn per cycle
   155.019418402,331774161,,MEM_LOAD_RETIRED.FB_HIT,522244086,5.14,,
   155.019418402,0,,CYCLE_ACTIVITY.CYCLES_MEM_ANY,522244086,5.14,,
   155.019418402,3137656341,,CYCLE_ACTIVITY.CYCLES_L1D_MISS,522244086,5.14,,
   155.019418402,22357280538,,cpu-cycles,522244086,5.14,,
   155.019418402,22357282797,,ref-cycles,522244086,5.14,,
   155.019418402,45374774156,,instructions,522244086,5.14,2.03,insn per cycle
   155.019418402,4776465744,,IDQ.MS_UOPS,504400774,4.96,,
   155.019418402,16893652,,ICACHE_64B.IFTAG_STALL,504400774,4.96,,
   155.019418402,132113391,,DTLB_LOAD_MISSES.STLB_HIT:c1,504400774,4.96,,
   155.019418402,22366047863,,cpu-cycles,504400774,4.96,,
   155.019418402,22366045786,,ref-cycles,504400774,4.96,,
   155.019418402,45897923252,,instructions,504400774,4.96,2.05,insn per cycle
   155.019418402,64717736,,ICACHE_16B.IFDATA_STALL,281499318,2.77,,
   155.019418402,9648121,,ICACHE_16B.IFDATA_STALL:c1:e1,281499318,2.77,,
   155.019418402,381639146,,ARITH.DIVIDER_ACTIVE,281499318,2.77,,
   155.019418402,3702789036,,UOPS_EXECUTED.CORE_CYCLES_NONE,281499318,2.77,,
   155.019418402,22368084767,,cpu-cycles,281499318,2.77,,
   155.019418402,22368091920,,ref-cycles,281499318,2.77,,
   155.019418402,46059750266,,instructions,281499318,2.77,2.06,insn per cycle
   155.019418402,254202495,,CPU_CLK_THREAD_UNHALTED.ONE_THREAD_ACTIVE,250011188,2.46,,
   155.019418402,254202495,,CPU_CLK_THREAD_UNHALTED.REF_XCLK_ANY,250011188,2.46,,
   155.019418402,16625125,,cpu-cycles:k,250011188,2.46,,
   155.019418402,16562200,,ref-cycles:k,250011188,2.46,,
   155.019418402,9862655,,instructions:k,250011188,2.46,0.30,insn per cycle
   155.019418402,24070099762,,IDQ.DSB_UOPS,250011346,2.46,,
   155.019418402,25280531434,,IDQ.MITE_UOPS,250011346,2.46,,
   155.019418402,0,,LSD.UOPS,250011346,2.46,,
   155.019418402,22369913562,,cpu-cycles,250011346,2.46,,
   155.019418402,22369911731,,ref-cycles,250011346,2.46,,
   155.019418402,46089973120,,instructions,250011346,2.46,2.06,insn per cycle
   155.019418402,9471180899,,IDQ.ALL_MITE_CYCLES_ANY_UOPS,250011227,2.46,,
   155.019418402,4132726488,,IDQ.ALL_MITE_CYCLES_4_UOPS,250011227,2.46,,
   155.019418402,22369914674,,cpu-cycles,250011227,2.46,,
   155.019418402,22369912030,,ref-cycles,250011227,2.46,,
   155.019418402,46082845700,,instructions,250011227,2.46,2.06,insn per cycle
   155.019418402,5789038429,,IDQ.ALL_DSB_CYCLES_ANY_UOPS,250011123,2.46,,
   155.019418402,4596266640,,IDQ.ALL_DSB_CYCLES_4_UOPS,250011123,2.46,,
   155.019418402,22370029381,,cpu-cycles,250011123,2.46,,
   155.019418402,22370029177,,ref-cycles,250011123,2.46,,
   155.019418402,46150560887,,instructions,250011123,2.46,2.06,insn per cycle
   155.019418402,16514,,MEM_LOAD_L3_HIT_RETIRED.XSNP_HIT,250011541,2.46,,
   155.019418402,3747168,,MEM_LOAD_L3_HIT_RETIRED.XSNP_HITM,250011541,2.46,,
   155.019418402,22369979994,,cpu-cycles,250011541,2.46,,
   155.019418402,22369982394,,ref-cycles,250011541,2.46,,
   155.019418402,46189780740,,instructions,250011541,2.46,2.06,insn per cycle
   155.019418402,44346290,,UOPS_EXECUTED.X87,250011231,2.46,,
   155.019418402,57910647850,,UOPS_EXECUTED.THREAD,250011231,2.46,,
   155.019418402,22369911418,,cpu-cycles,250011231,2.46,,
   155.019418402,22369912760,,ref-cycles,250011231,2.46,,
   155.019418402,46114070904,,instructions,250011231,2.46,2.06,insn per cycle
   155.019418402,<not supported>,,cstate_core/c6-residency/,0,100.00,,
   155.019418402,<not supported>,,cstate_pkg/c6-residency/,0,100.00,,
   160.020021745,22371600952,,CORE_POWER.LVL0_TURBO_LICENSE,500074493,4.92,,
   160.020021745,0,,CORE_POWER.LVL1_TURBO_LICENSE,500074493,4.92,,
   160.020021745,0,,CORE_POWER.LVL2_TURBO_LICENSE,500074493,4.92,,
   160.020021745,800860808,,L1D.REPLACEMENT,500074493,4.92,,
   160.020021745,22371600952,,cpu-cycles,500074493,4.92,,
   160.020021745,22371602945,,ref-cycles,500074493,4.92,,
   160.020021745,46177035923,,instructions,500074493,4.92,2.06,insn per cycle
   160.020021745,1593644,,MACHINE_CLEARS.COUNT,500021829,4.92,,
   160.020021745,61078556,,BR_MISP_RETIRED.ALL_BRANCHES,500021829,4.92,,
   160.020021745,336495629,,INT_MISC.CLEAR_RESTEER_CYCLES,500021829,4.92,,
   160.020021745,14067391819,,MEM_LOAD_RETIRED.L1_HIT,500021829,4.92,,
   160.020021745,22373639425,,cpu-cycles,500021829,4.92,,
   160.020021745,22373637350,,ref-cycles,500021829,4.92,,
   160.020021745,46185471920,,instructions,500021829,4.92,2.06,insn per cycle
   160.020021745,53861360823,,UOPS_ISSUED.ANY,500022854,4.92,,
   160.020021745,50148231939,,UOPS_RETIRED.RETIRE_SLOTS,500022854,4.92,,
   160.020021745,366783635,,INT_MISC.RECOVERY_CYCLES_ANY,500022854,4.92,,
   160.020021745,366783635,,INT_MISC.RECOVERY_CYCLES,500022854,4.92,,
   160.020021745,22373667602,,cpu-cycles,500022854,4.92,,
   160.020021745,22373666320,,ref-cycles,500022854,4.92,,
   160.020021745,46163407285,,instructions,500022854,4.92,2.06,insn per cycle
   160.020021745,22373672952,,CPU_CLK_UNHALTED.THREAD_ANY,500022691,4.92,,
   160.020021745,16547339959,,IDQ_UOPS_NOT_DELIVERED.CORE,500022691,4.92,,
   160.020021745,2322008051,,CYCLE_ACTIVITY.STALLS_MEM_ANY,500022691,4.92,,
   160.020021745,3694306588,,CYCLE_ACTIVITY.STALLS_TOTAL,500022691,4.92,,
   160.020021745,22373672952,,cpu-cycles,500022691,4.92,,
   160.020021745,22373673034,,ref-cycles,500022691,4.92,,
   160.020021745,46100078826,,instructions,500022691,4.92,2.06,insn per cycle
   160.020021745,2979490410,,EXE_ACTIVITY.1_PORTS_UTIL,500022744,4.92,,
   160.020021745,4021516290,,EXE_ACTIVITY.2_PORTS_UTIL,500022744,4.92,,
   160.020021745,730023297,,EXE_ACTIVITY.BOUND_ON_STORES,500022744,4.92,,
   160.020021745,146734827,,EXE_ACTIVITY.EXE_BOUND_0_PORTS,500022744,4.92,,
   160.020021745,22373561659,,cpu-cycles,500022744,4.92,,
   160.020021745,22373561435,,ref-cycles,500022744,4.92,,
   160.020021745,46188376942,,instructions,500022744,4.92,2.06,insn per cycle
   160.020021745,259991134,,MEM_LOAD_RETIRED.L2_HIT,500022039,4.92,,
   160.020021745,346681961,,MEM_LOAD_RETIRED.FB_HIT,500022039,4.92,,
   160.020021745,317134379,,MEM_LOAD_RETIRED.L1_MISS,500022039,4.92,,
   160.020021745,135289153,,L1D_PEND_MISS.FB_FULL:c1,500022039,4.92,,
   160.020021745,22373682293,,cpu-cycles,500022039,4.92,,
   160.020021745,22373682090,,ref-cycles,500022039,4.92,,
   160.020021745,46156544761,,instructions,500022039,4.92,2.06,insn per cycle
   160.020021745,759916700,,CYCLE_ACTIVITY.STALLS_L1D_MISS,500023283,4.92,,
   160.020021745,469095497,,CYCLE_ACTIVITY.STALLS_L2_MISS,500023283,4.92,,
   160.020021745,47332490,,CYCLE_ACTIVITY.STALLS_L3_MISS,500023283,4.92,,
   160.020021745,3003261157,,OFFCORE_REQUESTS_OUTSTANDING.CYCLES_WITH_DEMAND_RFO,500023283,4.92,,
   160.020021745,22373620031,,cpu-cycles,500023283,4.92,,
   160.020021745,22373618770,,ref-cycles,500023283,4.92,,
   160.020021745,46193836004,,instructions,500023283,4.92,2.07,insn per cycle
   160.020021745,22761,,ITLB_MISSES.WALK_COMPLETED,500022166,4.92,,
   160.020021745,1197434,,ITLB_MISSES.WALK_ACTIVE,500022166,4.92,,
   160.020021745,1444,,DTLB_LOAD_MISSES.WALK_COMPLETED,500022166,4.92,,
   160.020021745,739449,,DTLB_LOAD_MISSES.WALK_ACTIVE,500022166,4.92,,
   160.020021745,22373666719,,cpu-cycles,500022166,4.92,,
   160.020021745,22373665742,,ref-cycles,500022166,4.92,,
   160.020021745,46217027273,,instructions,500022166,4.92,2.07,insn per cycle
   160.020021745,772,,DTLB_STORE_MISSES.WALK_COMPLETED,500008991,4.92,,
   160.020021745,120485,,DTLB_STORE_MISSES.WALK_ACTIVE,500008991,4.92,,
   160.020021745,1622386741,,IDQ_UOPS_NOT_DELIVERED.CYCLES_0_UOPS_DELIV.CORE,500008991,4.92,,
   160.020021745,4249585,,BACLEARS.ANY,500008991,4.92,,
   160.020021745,22372834711,,cpu-cycles,500008991,4.92,,
   160.020021745,22372834263,,ref-cycles,500008991,4.92,,
   160.020021745,46184359617,,instructions,500008991,4.92,2.06,insn per cycle
   160.020021745,1708617,,MEM_INST_RETIRED.LOCK_LOADS,282563830,2.78,,
   160.020021745,265156117,,L2_RQSTS.ALL_RFO,282563830,2.78,,
   160.020021745,6747254115,,MEM_INST_RETIRED.ALL_STORES,282563830,2.78,,
   160.020021745,90848235,,L2_RQSTS.RFO_HIT,282563830,2.78,,
   160.020021745,22371919906,,cpu-cycles,282563830,2.78,,
   160.020021745,22371935528,,ref-cycles,282563830,2.78,,
   160.020021745,46136433383,,instructions,282563830,2.78,2.06,insn per cycle
   160.020021745,2318,,OFFCORE_REQUESTS_OUTSTANDING.L3_MISS_DEMAND_DATA_RD_GE_6,250011071,2.46,,
   160.020021745,72980265,,OFFCORE_REQUESTS_OUTSTANDING.CYCLES_WITH_L3_MISS_DEMAND_DATA_RD,250011071,2.46,,
   160.020021745,22373632867,,cpu-cycles,250011071,2.46,,
   160.020021745,22373634006,,ref-cycles,250011071,2.46,,
   160.020021745,46167534262,,instructions,250011071,2.46,2.06,insn per cycle
   160.020021745,18678464963,,UOPS_EXECUTED.CORE_CYCLES_GE_1,250011584,2.46,,
   160.020021745,15676117766,,UOPS_EXECUTED.CORE_CYCLES_GE_2,250011584,2.46,,
   160.020021745,11638887488,,UOPS_EXECUTED.CORE_CYCLES_GE_3,250011584,2.46,,
   160.020021745,3750947490,,UOPS_RETIRED.MACRO_FUSED,250011584,2.46,,
   160.020021745,22373696850,,cpu-cycles,250011584,2.46,,
   160.020021745,22373699861,,ref-cycles,250011584,2.46,,
   160.020021745,46056327017,,instructions,250011584,2.46,2.06,insn per cycle
   160.020021745,13190910,,FP_ARITH_INST_RETIRED.SCALAR_SINGLE:u0x03,250010917,2.46,,
   160.020021745,6502291,,FP_ARITH_INST_RETIRED.128B_PACKED_DOUBLE:u0xfc,250010917,2.46,,
   160.020021745,63872528,,ICACHE_16B.IFDATA_STALL,250010917,2.46,,
   160.020021745,9620913,,ICACHE_16B.IFDATA_STALL:c1:e1,250010917,2.46,,
   160.020021745,22373568102,,cpu-cycles,250010917,2.46,,
   160.020021745,22373572170,,ref-cycles,250010917,2.46,,
   160.020021745,46080513583,,instructions,250010917,2.46,2.06,insn per cycle
   160.020021745,124078564,,L2_RQSTS.ALL_CODE_RD,250011337,2.46,,
   160.020021745,0,,ITLB_MISSES.WALK_COMPLETED_2M_4M,250011337,2.46,,
   160.020021745,321617622,,L2_LINES_IN.ALL,250011337,2.46,,
   160.020021745,57306395,,MEM_LOAD_RETIRED.L2_MISS,250011337,2.46,,
   160.020021745,22373531721,,cpu-cycles,250011337,2.46,,
   160.020021745,22373529239,,ref-cycles,250011337,2.46,,
   160.020021745,46217382396,,instructions,250011337,2.46,2.07,insn per cycle
   160.020021745,2410897,,L2_RQSTS.CODE_RD_MISS,250011544,2.46,,
   160.020021745,0,,DTLB_LOAD_MISSES.WALK_COMPLETED_2M_4M,250011544,2.46,,
   160.020021745,1301,,DTLB_LOAD_MISSES.WALK_COMPLETED_4K,250011544,2.46,,
   160.020021745,0,,DTLB_LOAD_MISSES.WALK_COMPLETED_1G,250011544,2.46,,
   160.020021745,22373541380,,cpu-cycles,250011544,2.46,,
   160.020021745,22373543454,,ref-cycles,250011544,2.46,,
   160.020021745,46184381837,,instructions,250011544,2.46,2.06,insn per cycle
   160.020021745,347733021,,MEM_LOAD_RETIRED.FB_HIT,250011214,2.46,,
   160.020021745,0,,CYCLE_ACTIVITY.CYCLES_MEM_ANY,250011214,2.46,,
   160.020021745,3302037038,,CYCLE_ACTIVITY.CYCLES_L1D_MISS,250011214,2.46,,
   160.020021745,22373727718,,cpu-cycles,250011214,2.46,,
   160.020021745,22373726538,,ref-cycles,250011214,2.46,,
   160.020021745,46248630349,,instructions,250011214,2.46,2.07,insn per cycle
   160.020021745,6077353980,,IDQ.MS_UOPS,369820434,3.64,,
   160.020021745,442524373,,ICACHE_64B.IFTAG_STALL,369820434,3.64,,
   160.020021745,108676074,,DTLB_LOAD_MISSES.STLB_HIT:c1,369820434,3.64,,
   160.020021745,22278081058,,cpu-cycles,369820434,3.64,,
   160.020021745,22278046514,,ref-cycles,369820434,3.64,,
   160.020021745,40736217510,,instructions,369820434,3.64,1.82,insn per cycle
   160.020021745,59389937,,ICACHE_16B.IFDATA_STALL,518152321,5.09,,
   160.020021745,9078491,,ICACHE_16B.IFDATA_STALL:c1:e1,518152321,5.09,,
   160.020021745,348514583,,ARITH.DIVIDER_ACTIVE,518152321,5.09,,
   160.020021745,3979755071,,UOPS_EXECUTED.CORE_CYCLES_NONE,518152321,5.09,,
   160.020021745,22344732751,,cpu-cycles,518152321,5.09,,
   160.020021745,22344729532,,ref-cycles,518152321,5.09,,
   160.020021745,44542517040,,instructions,518152321,5.09,1.99,insn per cycle
   160.020021745,254241597,,CPU_CLK_THREAD_UNHALTED.ONE_THREAD_ACTIVE,500022679,4.92,,
   160.020021745,254241597,,CPU_CLK_THREAD_UNHALTED.REF_XCLK_ANY,500022679,4.92,,
   160.020021745,16611250,,cpu-cycles:k,500022679,4.92,,
   160.020021745,16588284,,ref-cycles:k,500022679,4.92,,
   160.020021745,9865226,,instructions:k,500022679,4.92,0.30,insn per cycle
   160.020021745,24192794568,,IDQ.DSB_UOPS,500022472,4.92,,
   160.020021745,25263562069,,IDQ.MITE_UOPS,500022472,4.92,,
   160.020021745,0,,LSD.UOPS,500022472,4.92,,
   160.020021745,22373975932,,cpu-cycles,500022472,4.92,,
   160.020021745,22373973695,,ref-cycles,500022472,4.92,,
   160.020021745,46201427353,,instructions,500022472,4.92,2.07,insn per cycle
   160.020021745,9465364377,,IDQ.ALL_MITE_CYCLES_ANY_UOPS,500022489,4.92,,
   160.020021745,4126545134,,IDQ.ALL_MITE_CYCLES_4_UOPS,500022489,4.92,,
   160.020021745,22373953402,,cpu-cycles,500022489,4.92,,
   160.020021745,22373954704,,ref-cycles,500022489,4.92,,
   160.020021745,46244452199,,instructions,500022489,4.92,2.07,insn per cycle
   160.020021745,5787875295,,IDQ.ALL_DSB_CYCLES_ANY_UOPS,500022735,4.92,,
   160.020021745,4596287642,,IDQ.ALL_DSB_CYCLES_4_UOPS,500022735,4.92,,
   160.020021745,22373922019,,cpu-cycles,500022735,4.92,,
   160.020021745,22373922995,,ref-cycles,500022735,4.92,,
   160.020021745,46228398805,,instructions,500022735,4.92,2.07,insn per cycle
   160.020021745,16151,,MEM_LOAD_L3_HIT_RETIRED.XSNP_HIT,500022874,4.92,,
   160.020021745,3812963,,MEM_LOAD_L3_HIT_RETIRED.XSNP_HITM,500022874,4.92,,
   160.020021745,22374020035,,cpu-cycles,500022874,4.92,,
   160.020021745,22374020341,,ref-cycles,500022874,4.92,,
   160.020021745,46178267987,,instructions,500022874,4.92,2.06,insn per cycle
   160.020021745,44218435,,UOPS_EXECUTED.X87,500022304,4.92,,
   160.020021745,57980125501,,UOPS_EXECUTED.THREAD,500022304,4.92,,
   160.020021745,22373843254,,cpu-cycles,500022304,4.92,,
   160.020021745,22373840528,,ref-cycles,500022304,4.92,,
   160.020021745,46184275144,,instructions,500022304,4.92,2.06,insn per cycle
   160.020021745,<not supported>,,cstate_core/c6-residency/,0,100.00,,
   160.020021745,<not supported>,,cstate_pkg/c6-residency/,0,100.00,,
   165.020625721,22374550309,,CORE_POWER.LVL0_TURBO_LICENSE,500022470,4.92,,
   165.020625721,0,,CORE_POWER.LVL1_TURBO_LICENSE,500022470,4.92,,
   165.020625721,0,,CORE_POWER.LVL2_TURBO_LICENSE,500022470,4.92,,
   165.020625721,801086514,,L1D.REPLACEMENT,500022470,4.92,,
   165.020625721,22374550309,,cpu-cycles,500022470,4.92,,
   165.020625721,22374550960,,ref-cycles,500022470,4.92,,
   165.020625721,46236593543,,instructions,500022470,4.92,2.07,insn per cycle
   165.020625721,1483929,,MACHINE_CLEARS.COUNT,283621295,2.79,,
   165.020625721,61589120,,BR_MISP_RETIRED.ALL_BRANCHES,283621295,2.79,,
   165.020625721,339916961,,INT_MISC.CLEAR_RESTEER_CYCLES,283621295,2.79,,
   165.020625721,14068804999,,MEM_LOAD_RETIRED.L1_HIT,283621295,2.79,,
   165.020625721,22372493885,,cpu-cycles,283621295,2.79,,
   165.020625721,22372502456,,ref-cycles,283621295,2.79,,
   165.020625721,46196791845,,instructions,283621295,2.79,2.07,insn per cycle
   165.020625721,53841484270,,UOPS_ISSUED.ANY,250011705,2.46,,
   165.020625721,50126177845,,UOPS_RETIRED.RETIRE_SLOTS,250011705,2.46,,
   165.020625721,365704911,,INT_MISC.RECOVERY_CYCLES_ANY,250011705,2.46,,
   165.020625721,365704911,,INT_MISC.RECOVERY_CYCLES,250011705,2.46,,
   165.020625721,22374127226,,cpu-cycles,250011705,2.46,,
   165.020625721,22374128080,,ref-cycles,250011705,2.46,,
   165.020625721,46154185155,,instructions,250011705,2.46,2.06,insn per cycle
   165.020625721,22374274846,,CPU_CLK_UNHALTED.THREAD_ANY,250011027,2.46,,
   165.020625721,16484763391,,IDQ_UOPS_NOT_DELIVERED.CORE,250011027,2.46,,
   165.020625721,2301535401,,CYCLE_ACTIVITY.STALLS_MEM_ANY,250011027,2.46,,
   165.020625721,3677997764,,CYCLE_ACTIVITY.STALLS_TOTAL,250011027,2.46,,
   165.020625721,22374274846,,cpu-cycles,250011027,2.46,,
   165.020625721,22374275253,,ref-cycles,250011027,2.46,,
   165.020625721,46109094356,,instructions,250011027,2.46,2.06,insn per cycle
   165.020625721,2988466372,,EXE_ACTIVITY.1_PORTS_UTIL,250011209,2.46,,
   165.020625721,4028080496,,EXE_ACTIVITY.2_PORTS_UTIL,250011209,2.46,,
   165.020625721,721579575,,EXE_ACTIVITY.BOUND_ON_STORES,250011209,2.46,,
   165.020625721,148947135,,EXE_ACTIVITY.EXE_BOUND_0_PORTS,250011209,2.46,,
   165.020625721,22374197947,,cpu-cycles,250011209,2.46,,
   165.020625721,22374197255,,ref-cycles,250011209,2.46,,
   165.020625721,46146352542,,instructions,250011209,2.46,2.06,insn per cycle
   165.020625721,259226935,,MEM_LOAD_RETIRED.L2_HIT,250011665,2.46,,
   165.020625721,346714485,,MEM_LOAD_RETIRED.FB_HIT,250011665,2.46,,
   165.020625721,316296802,,MEM_LOAD_RETIRED.L1_MISS,250011665,2.46,,
   165.020625721,133980823,,L1D_PEND_MISS.FB_FULL:c1,250011665,2.46,,
   165.020625721,22373884006,,cpu-cycles,250011665,2.46,,
   165.020625721,22373881240,,ref-cycles,250011665,2.46,,
   165.020625721,46146480143,,instructions,250011665,2.46,2.06,insn per cycle
   165.020625721,754744919,,CYCLE_ACTIVITY.STALLS_L1D_MISS,250011163,2.46,,
   165.020625721,464799759,,CYCLE_ACTIVITY.STALLS_L2_MISS,250011163,2.46,,
   165.020625721,43693582,,CYCLE_ACTIVITY.STALLS_L3_MISS,250011163,2.46,,
   165.020625721,2988601066,,OFFCORE_REQUESTS_OUTSTANDING.CYCLES_WITH_DEMAND_RFO,250011163,2.46,,
   165.020625721,22374189541,,cpu-cycles,250011163,2.46,,
   165.020625721,22374190396,,ref-cycles,250011163,2.46,,
   165.020625721,46238711850,,instructions,250011163,2.46,2.07,insn per cycle
   165.020625721,22376,,ITLB_MISSES.WALK_COMPLETED,250011222,2.46,,
   165.020625721,1178736,,ITLB_MISSES.WALK_ACTIVE,250011222,2.46,,
   165.020625721,1708,,DTLB_LOAD_MISSES.WALK_COMPLETED,250011222,2.46,,
   165.020625721,861727,,DTLB_LOAD_MISSES.WALK_ACTIVE,250011222,2.46,,
   165.020625721,22374134772,,cpu-cycles,250011222,2.46,,
   165.020625721,22374132616,,ref-cycles,250011222,2.46,,
   165.020625721,46271408013,,instructions,250011222,2.46,2.07,insn per cycle
   165.020625721,1261,,DTLB_STORE_MISSES.WALK_COMPLETED,250011231,2.46,,
   165.020625721,136006,,DTLB_STORE_MISSES.WALK_ACTIVE,250011231,2.46,,
   165.020625721,1626707320,,IDQ_UOPS_NOT_DELIVERED.CYCLES_0_UOPS_DELIV.CORE,250011231,2.46,,
   165.020625721,4315511,,BACLEARS.ANY,250011231,2.46,,
   165.020625721,22374269466,,cpu-cycles,250011231,2.46,,
   165.020625721,22374266659,,ref-cycles,250011231,2.46,,
   165.020625721,46201220637,,instructions,250011231,2.46,2.07,insn per cycle
   165.020625721,1711062,,MEM_INST_RETIRED.LOCK_LOADS,467471084,4.60,,
   165.020625721,264947597,,L2_RQSTS.ALL_RFO,467471084,4.60,,
   165.020625721,6762971747,,MEM_INST_RETIRED.ALL_STORES,467471084,4.60,,
   165.020625721,90609039,,L2_RQSTS.RFO_HIT,467471084,4.60,,
   165.020625721,22375513788,,cpu-cycles,467471084,4.60,,
   165.020625721,22375506281,,ref-cycles,467471084,4.60,,
   165.020625721,46261882468,,instructions,467471084,4.60,2.07,insn per cycle
   165.020625721,6265,,OFFCORE_REQUESTS_OUTSTANDING.L3_MISS_DEMAND_DATA_RD_GE_6,500022822,4.92,,
   165.020625721,69633198,,OFFCORE_REQUESTS_OUTSTANDING.CYCLES_WITH_L3_MISS_DEMAND_DATA_RD,500022822,4.92,,
   165.020625721,22373980767,,cpu-cycles,500022822,4.92,,
   165.020625721,22373980971,,ref-cycles,500022822,4.92,,
   165.020625721,46248683262,,instructions,500022822,4.92,2.07,insn per cycle
   165.020625721,18716576388,,UOPS_EXECUTED.CORE_CYCLES_GE_1,500021996,4.92,,
   165.020625721,15717432338,,UOPS_EXECUTED.CORE_CYCLES_GE_2,500021996,4.92,,
   165.020625721,11680238392,,UOPS_EXECUTED.CORE_CYCLES_GE_3,500021996,4.92,,
   165.020625721,3771333848,,UOPS_RETIRED.MACRO_FUSED,500021996,4.92,,
   165.020625721,22374551156,,cpu-cycles,500021996,4.92,,
   165.020625721,22374550810,,ref-cycles,500021996,4.92,,
   165.020625721,46247097701,,instructions,500021996,4.92,2.07,insn per cycle
   165.020625721,13479313,,FP_ARITH_INST_RETIRED.SCALAR_SINGLE:u0x03,500022648,4.92,,
   165.020625721,6646632,,FP_ARITH_INST_RETIRED.128B_PACKED_DOUBLE:u0xfc,500022648,4.92,,
   165.020625721,65098698,,ICACHE_16B.IFDATA_STALL,500022648,4.92,,
   165.020625721,9881980,,ICACHE_16B.IFDATA_STALL:c1:e1,500022648,4.92,,
   165.020625721,22374284281,,cpu-cycles,500022648,4.92,,
   165.020625721,22374284220,,ref-cycles,500022648,4.92,,
   165.020625721,46289611377,,instructions,500022648,4.92,2.07,insn per cycle
   165.020625721,125515065,,L2_RQSTS.ALL_CODE_RD,500022693,4.92,,
   165.020625721,0,,ITLB_MISSES.WALK_COMPLETED_2M_4M,500022693,4.92,,
   165.020625721,321380563,,L2_LINES_IN.ALL,500022693,4.92,,
   165.020625721,57159691,,MEM_LOAD_RETIRED.L2_MISS,500022693,4.92,,
   165.020625721,22374312168,,cpu-cycles,500022693,4.92,,
   165.020625721,22374311334,,ref-cycles,500022693,4.92,,
   165.020625721,46255186964,,instructions,500022693,4.92,2.07,insn per cycle
   165.020625721,2371566,,L2_RQSTS.CODE_RD_MISS,500022706,4.92,,
   165.020625721,0,,DTLB_LOAD_MISSES.WALK_COMPLETED_2M_4M,500022706,4.92,,
   165.020625721,1871,,DTLB_LOAD_MISSES.WALK_COMPLETED_4K,500022706,4.92,,
   165.020625721,0,,DTLB_LOAD_MISSES.WALK_COMPLETED_1G,500022706,4.92,,
   165.020625721,22374398944,,cpu-cycles,500022706,4.92,,
   165.020625721,22374398293,,ref-cycles,500022706,4.92,,
   165.020625721,46280333142,,instructions,500022706,4.92,2.07,insn per cycle
   165.020625721,346155542,,MEM_LOAD_RETIRED.FB_HIT,500022559,4.92,,
   165.020625721,0,,CYCLE_ACTIVITY.CYCLES_MEM_ANY,500022559,4.92,,
   165.020625721,3288017526,,CYCLE_ACTIVITY.CYCLES_L1D_MISS,500022559,4.92,,
   165.020625721,22374342252,,cpu-cycles,500022559,4.92,,
   165.020625721,22374345039,,ref-cycles,500022559,4.92,,
   165.020625721,46243599360,,instructions,500022559,4.92,2.07,insn per cycle
   165.020625721,4751587747,,IDQ.MS_UOPS,500009747,4.92,,
   165.020625721,3326869,,ICACHE_64B.IFTAG_STALL,500009747,4.92,,
   165.020625721,132677559,,DTLB_LOAD_MISSES.STLB_HIT:c1,500009747,4.92,,
   165.020625721,22373809076,,cpu-cycles,500009747,4.92,,
   165.020625721,22373808303,,ref-cycles,500009747,4.92,,
   165.020625721,46268624000,,instructions,500009747,4.92,2.07,insn per cycle
   165.020625721,59814547,,ICACHE_16B.IFDATA_STALL,551765866,5.42,,
   165.020625721,9017449,,ICACHE_16B.IFDATA_STALL:c1:e1,551765866,5.42,,
   165.020625721,346911639,,ARITH.DIVIDER_ACTIVE,551765866,5.42,,
   165.020625721,3955734166,,UOPS_EXECUTED.CORE_CYCLES_NONE,551765866,5.42,,
   165.020625721,22345776425,,cpu-cycles,551765866,5.42,,
   165.020625721,22345770397,,ref-cycles,551765866,5.42,,
   165.020625721,44670234779,,instructions,551765866,5.42,2.00,insn per cycle
   165.020625721,254128733,,CPU_CLK_THREAD_UNHALTED.ONE_THREAD_ACTIVE,520441378,5.12,,
   165.020625721,254128733,,CPU_CLK_THREAD_UNHALTED.REF_XCLK_ANY,520441378,5.12,,
   165.020625721,502179167,,cpu-cycles:k,520441378,5.12,,
   165.020625721,502409081,,ref-cycles:k,520441378,5.12,,
   165.020625721,523043263,,instructions:k,520441378,5.12,11.10,insn per cycle
   165.020625721,22450640124,,IDQ.DSB_UOPS,597647207,5.88,,
   165.020625721,23732850336,,IDQ.MITE_UOPS,597647207,5.88,,
   165.020625721,0,,LSD.UOPS,597647207,5.88,,
   165.020625721,22326587418,,cpu-cycles,597647207,5.88,,
   165.020625721,22326587912,,ref-cycles,597647207,5.88,,
   165.020625721,43520864144,,instructions,597647207,5.88,1.95,insn per cycle
   165.020625721,9483131841,,IDQ.ALL_MITE_CYCLES_ANY_UOPS,500022216,4.92,,
   165.020625721,4130540825,,IDQ.ALL_MITE_CYCLES_4_UOPS,500022216,4.92,,
   165.020625721,22374592200,,cpu-cycles,500022216,4.92,,
   165.020625721,22374592749,,ref-cycles,500022216,4.92,,
   165.020625721,46282826496,,instructions,500022216,4.92,2.07,insn per cycle
   165.020625721,5799879087,,IDQ.ALL_DSB_CYCLES_ANY_UOPS,500022883,4.92,,
   165.020625721,4605225779,,IDQ.ALL_DSB_CYCLES_4_UOPS,500022883,4.92,,
   165.020625721,22374684360,,cpu-cycles,500022883,4.92,,
   165.020625721,22374684380,,ref-cycles,500022883,4.92,,
   165.020625721,46228773571,,instructions,500022883,4.92,2.07,insn per cycle
   165.020625721,15744,,MEM_LOAD_L3_HIT_RETIRED.XSNP_HIT,500022790,4.92,,
   165.020625721,3813018,,MEM_LOAD_L3_HIT_RETIRED.XSNP_HITM,500022790,4.92,,
   165.020625721,22374641153,,cpu-cycles,500022790,4.92,,
   165.020625721,22374641865,,ref-cycles,500022790,4.92,,
   165.020625721,46251752455,,instructions,500022790,4.92,2.07,insn per cycle
   165.020625721,44505920,,UOPS_EXECUTED.X87,500022342,4.92,,
   165.020625721,58024392033,,UOPS_EXECUTED.THREAD,500022342,4.92,,
   165.020625721,22374611237,,cpu-cycles,500022342,4.92,,
   165.020625721,22374608735,,ref-cycles,500022342,4.92,,
   165.020625721,46217445788,,instructions,500022342,4.92,2.07,insn per cycle
   165.020625721,<not supported>,,cstate_core/c6-residency/,0,100.00,,
   165.020625721,<not supported>,,cstate_pkg/c6-residency/,0,100.00,,
   170.021234852,22368727536,,CORE_POWER.LVL0_TURBO_LICENSE,250060822,2.46,,
   170.021234852,0,,CORE_POWER.LVL1_TURBO_LICENSE,250060822,2.46,,
   170.021234852,0,,CORE_POWER.LVL2_TURBO_LICENSE,250060822,2.46,,
   170.021234852,802172334,,L1D.REPLACEMENT,250060822,2.46,,
   170.021234852,22368727536,,cpu-cycles,250060822,2.46,,
   170.021234852,22368730139,,ref-cycles,250060822,2.46,,
   170.021234852,46228792801,,instructions,250060822,2.46,2.07,insn per cycle
   170.021234852,1613674,,MACHINE_CLEARS.COUNT,466412577,4.59,,
   170.021234852,61379438,,BR_MISP_RETIRED.ALL_BRANCHES,466412577,4.59,,
   170.021234852,338957625,,INT_MISC.CLEAR_RESTEER_CYCLES,466412577,4.59,,
   170.021234852,14089170990,,MEM_LOAD_RETIRED.L1_HIT,466412577,4.59,,
   170.021234852,22374660640,,cpu-cycles,466412577,4.59,,
   170.021234852,22374658023,,ref-cycles,466412577,4.59,,
   170.021234852,46260786021,,instructions,466412577,4.59,2.07,insn per cycle
   170.021234852,53933634082,,UOPS_ISSUED.ANY,500022752,4.92,,
   170.021234852,50201370223,,UOPS_RETIRED.RETIRE_SLOTS,500022752,4.92,,
   170.021234852,368556992,,INT_MISC.RECOVERY_CYCLES_ANY,500022752,4.92,,
   170.021234852,368556992,,INT_MISC.RECOVERY_CYCLES,500022752,4.92,,
   170.021234852,22373093349,,cpu-cycles,500022752,4.92,,
   170.021234852,22373090806,,ref-cycles,500022752,4.92,,
   170.021234852,46217738137,,instructions,500022752,4.92,2.07,insn per cycle
   170.021234852,22373504261,,CPU_CLK_UNHALTED.THREAD_ANY,500022697,4.92,,
   170.021234852,16603381518,,IDQ_UOPS_NOT_DELIVERED.CORE,500022697,4.92,,
   170.021234852,2296699663,,CYCLE_ACTIVITY.STALLS_MEM_ANY,500022697,4.92,,
   170.021234852,3652410562,,CYCLE_ACTIVITY.STALLS_TOTAL,500022697,4.92,,
   170.021234852,22373504261,,cpu-cycles,500022697,4.92,,
   170.021234852,22373505970,,ref-cycles,500022697,4.92,,
   170.021234852,46213859862,,instructions,500022697,4.92,2.07,insn per cycle
   170.021234852,2983819537,,EXE_ACTIVITY.1_PORTS_UTIL,500022363,4.92,,
   170.021234852,4030197596,,EXE_ACTIVITY.2_PORTS_UTIL,500022363,4.92,,
   170.021234852,724662366,,EXE_ACTIVITY.BOUND_ON_STORES,500022363,4.92,,
   170.021234852,146395049,,EXE_ACTIVITY.EXE_BOUND_0_PORTS,500022363,4.92,,
   170.021234852,22373412144,,cpu-cycles,500022363,4.92,,
   170.021234852,22373409195,,ref-cycles,500022363,4.92,,
   170.021234852,46253100987,,instructions,500022363,4.92,2.07,insn per cycle
   170.021234852,261771338,,MEM_LOAD_RETIRED.L2_HIT,500022324,4.92,,
   170.021234852,348408404,,MEM_LOAD_RETIRED.FB_HIT,500022324,4.92,,
   170.021234852,318823305,,MEM_LOAD_RETIRED.L1_MISS,500022324,4.92,,
   170.021234852,134118158,,L1D_PEND_MISS.FB_FULL:c1,500022324,4.92,,
   170.021234852,22373525013,,cpu-cycles,500022324,4.92,,
   170.021234852,22373523956,,ref-cycles,500022324,4.92,,
   170.021234852,46207418730,,instructions,500022324,4.92,2.07,insn per cycle
   170.021234852,758026390,,CYCLE_ACTIVITY.STALLS_L1D_MISS,500022765,4.92,,
   170.021234852,465515971,,CYCLE_ACTIVITY.STALLS_L2_MISS,500022765,4.92,,
   170.021234852,42427708,,CYCLE_ACTIVITY.STALLS_L3_MISS,500022765,4.92,,
   170.021234852,2984131101,,OFFCORE_REQUESTS_OUTSTANDING.CYCLES_WITH_DEMAND_RFO,500022765,4.92,,
   170.021234852,22373511490,,cpu-cycles,500022765,4.92,,
   170.021234852,22373511796,,ref-cycles,500022765,4.92,,
   170.021234852,46261863245,,instructions,500022765,4.92,2.07,insn per cycle
   170.021234852,22436,,ITLB_MISSES.WALK_COMPLETED,500022639,4.92,,
   170.021234852,1105481,,ITLB_MISSES.WALK_ACTIVE,500022639,4.92,,
   170.021234852,1728,,DTLB_LOAD_MISSES.WALK_COMPLETED,500022639,4.92,,
   170.021234852,826482,,DTLB_LOAD_MISSES.WALK_ACTIVE,500022639,4.92,,
   170.021234852,22373470534,,cpu-cycles,500022639,4.92,,
   170.021234852,22373470758,,ref-cycles,500022639,4.92,,
   170.021234852,46260225322,,instructions,500022639,4.92,2.07,insn per cycle
   170.021234852,895,,DTLB_STORE_MISSES.WALK_COMPLETED,500022594,4.92,,
   170.021234852,107462,,DTLB_STORE_MISSES.WALK_ACTIVE,500022594,4.92,,
   170.021234852,1624606025,,IDQ_UOPS_NOT_DELIVERED.CYCLES_0_UOPS_DELIV.CORE,500022594,4.92,,
   170.021234852,4248661,,BACLEARS.ANY,500022594,4.92,,
   170.021234852,22373581710,,cpu-cycles,500022594,4.92,,
   170.021234852,22373580143,,ref-cycles,500022594,4.92,,
   170.021234852,46245650027,,instructions,500022594,4.92,2.07,insn per cycle
   170.021234852,1709900,,MEM_INST_RETIRED.LOCK_LOADS,500022445,4.92,,
   170.021234852,264950154,,L2_RQSTS.ALL_RFO,500022445,4.92,,
   170.021234852,6758887133,,MEM_INST_RETIRED.ALL_STORES,500022445,4.92,,
   170.021234852,90588251,,L2_RQSTS.RFO_HIT,500022445,4.92,,
   170.021234852,22373516011,,cpu-cycles,500022445,4.92,,
   170.021234852,22373516845,,ref-cycles,500022445,4.92,,
   170.021234852,46229650891,,instructions,500022445,4.92,2.07,insn per cycle
   170.021234852,4149,,OFFCORE_REQUESTS_OUTSTANDING.L3_MISS_DEMAND_DATA_RD_GE_6,500023087,4.92,,
   170.021234852,67075283,,OFFCORE_REQUESTS_OUTSTANDING.CYCLES_WITH_L3_MISS_DEMAND_DATA_RD,500023087,4.92,,
   170.021234852,22373584925,,cpu-cycles,500023087,4.92,,
   170.021234852,22373584050,,ref-cycles,500023087,4.92,,
   170.021234852,46263315884,,instructions,500023087,4.92,2.07,insn per cycle
   170.021234852,19865901898,,UOPS_EXECUTED.CORE_CYCLES_GE_1,500021786,4.92,,
   170.021234852,16944419731,,UOPS_EXECUTED.CORE_CYCLES_GE_2,500021786,4.92,,
   170.021234852,13121815300,,UOPS_EXECUTED.CORE_CYCLES_GE_3,500021786,4.92,,
   170.021234852,5494868770,,UOPS_RETIRED.MACRO_FUSED,500021786,4.92,,
   170.021234852,22373642067,,cpu-cycles,500021786,4.92,,
   170.021234852,22373639768,,ref-cycles,500021786,4.92,,
   170.021234852,55979555910,,instructions,500021786,4.92,2.50,insn per cycle
   170.021234852,40497942,,FP_ARITH_INST_RETIRED.SCALAR_SINGLE:u0x03,500022614,4.92,,
   170.021234852,20141559,,FP_ARITH_INST_RETIRED.128B_PACKED_DOUBLE:u0xfc,500022614,4.92,,
   170.021234852,35735973,,ICACHE_16B.IFDATA_STALL,500022614,4.92,,
   170.021234852,5291652,,ICACHE_16B.IFDATA_STALL:c1:e1,500022614,4.92,,
   170.021234852,22373779406,,cpu-cycles,500022614,4.92,,
   170.021234852,22373778734,,ref-cycles,500022614,4.92,,
   170.021234852,56083463931,,instructions,500022614,4.92,2.51,insn per cycle
   170.021234852,71672129,,L2_RQSTS.ALL_CODE_RD,500022442,4.92,,
   170.021234852,0,,ITLB_MISSES.WALK_COMPLETED_2M_4M,500022442,4.92,,
   170.021234852,175145611,,L2_LINES_IN.ALL,500022442,4.92,,
   170.021234852,35376537,,MEM_LOAD_RETIRED.L2_MISS,500022442,4.92,,
   170.021234852,22373798961,,cpu-cycles,500022442,4.92,,
   170.021234852,22373797741,,ref-cycles,500022442,4.92,,
   170.021234852,56098899457,,instructions,500022442,4.92,2.51,insn per cycle
   170.021234852,1394975,,L2_RQSTS.CODE_RD_MISS,500023004,4.92,,
   170.021234852,0,,DTLB_LOAD_MISSES.WALK_COMPLETED_2M_4M,500023004,4.92,,
   170.021234852,895,,DTLB_LOAD_MISSES.WALK_COMPLETED_4K,500023004,4.92,,
   170.021234852,0,,DTLB_LOAD_MISSES.WALK_COMPLETED_1G,500023004,4.92,,
   170.021234852,22373844829,,cpu-cycles,500023004,4.92,,
   170.021234852,22373845989,,ref-cycles,500023004,4.92,,
   170.021234852,56087417097,,instructions,500023004,4.92,2.51,insn per cycle
   170.021234852,199911225,,MEM_LOAD_RETIRED.FB_HIT,500022762,4.92,,
   170.021234852,0,,CYCLE_ACTIVITY.CYCLES_MEM_ANY,500022762,4.92,,
   170.021234852,2009711707,,CYCLE_ACTIVITY.CYCLES_L1D_MISS,500022762,4.92,,
   170.021234852,22373954889,,cpu-cycles,500022762,4.92,,
   170.021234852,22373952896,,ref-cycles,500022762,4.92,,
   170.021234852,56152547576,,instructions,500022762,4.92,2.51,insn per cycle
   170.021234852,3782324840,,IDQ.MS_UOPS,500022277,4.92,,
   170.021234852,7820411,,ICACHE_64B.IFTAG_STALL,500022277,4.92,,
   170.021234852,71439060,,DTLB_LOAD_MISSES.STLB_HIT:c1,500022277,4.92,,
   170.021234852,22373989978,,cpu-cycles,500022277,4.92,,
   170.021234852,22373992073,,ref-cycles,500022277,4.92,,
   170.021234852,56132040375,,instructions,500022277,4.92,2.51,insn per cycle
   170.021234852,57366404,,ICACHE_16B.IFDATA_STALL,285135725,2.80,,
   170.021234852,8767193,,ICACHE_16B.IFDATA_STALL:c1:e1,285135725,2.80,,
   170.021234852,335459951,,ARITH.DIVIDER_ACTIVE,285135725,2.80,,
   170.021234852,3383125744,,UOPS_EXECUTED.CORE_CYCLES_NONE,285135725,2.80,,
   170.021234852,22372486979,,cpu-cycles,285135725,2.80,,
   170.021234852,22372491081,,ref-cycles,285135725,2.80,,
   170.021234852,48595428479,,instructions,285135725,2.80,2.17,insn per cycle
   170.021234852,254243742,,CPU_CLK_THREAD_UNHALTED.ONE_THREAD_ACTIVE,250011412,2.46,,
   170.021234852,254243742,,CPU_CLK_THREAD_UNHALTED.REF_XCLK_ANY,250011412,2.46,,
   170.021234852,16588681,,cpu-cycles:k,250011412,2.46,,
   170.021234852,16557722,,ref-cycles:k,250011412,2.46,,
   170.021234852,9864252,,instructions:k,250011412,2.46,0.21,insn per cycle
   170.021234852,19799316176,,IDQ.DSB_UOPS,419356814,4.12,,
   170.021234852,21401807063,,IDQ.MITE_UOPS,419356814,4.12,,
   170.021234852,0,,LSD.UOPS,419356814,4.12,,
   170.021234852,22254703777,,cpu-cycles,419356814,4.12,,
   170.021234852,22254728953,,ref-cycles,419356814,4.12,,
   170.021234852,39425361274,,instructions,419356814,4.12,1.76,insn per cycle
   170.021234852,9484369694,,IDQ.ALL_MITE_CYCLES_ANY_UOPS,250011280,2.46,,
   170.021234852,4130355424,,IDQ.ALL_MITE_CYCLES_4_UOPS,250011280,2.46,,
   170.021234852,22373615478,,cpu-cycles,250011280,2.46,,
   170.021234852,22373616007,,ref-cycles,250011280,2.46,,
   170.021234852,46201887817,,instructions,250011280,2.46,2.07,insn per cycle
   170.021234852,5770497425,,IDQ.ALL_DSB_CYCLES_ANY_UOPS,250011073,2.46,,
   170.021234852,4582817080,,IDQ.ALL_DSB_CYCLES_4_UOPS,250011073,2.46,,
   170.021234852,22373820574,,cpu-cycles,250011073,2.46,,
   170.021234852,22373824561,,ref-cycles,250011073,2.46,,
   170.021234852,46210988628,,instructions,250011073,2.46,2.07,insn per cycle
   170.021234852,17330,,MEM_LOAD_L3_HIT_RETIRED.XSNP_HIT,250011521,2.46,,
   170.021234852,3781057,,MEM_LOAD_L3_HIT_RETIRED.XSNP_HITM,250011521,2.46,,
   170.021234852,22373683271,,cpu-cycles,250011521,2.46,,
   170.021234852,22373678878,,ref-cycles,250011521,2.46,,
   170.021234852,46209081541,,instructions,250011521,2.46,2.07,insn per cycle
   170.021234852,44229077,,UOPS_EXECUTED.X87,250011486,2.46,,
   170.021234852,58137705938,,UOPS_EXECUTED.THREAD,250011486,2.46,,
   170.021234852,22373549599,,cpu-cycles,250011486,2.46,,
   170.021234852,22373548826,,ref-cycles,250011486,2.46,,
   170.021234852,46365811203,,instructions,250011486,2.46,2.07,insn per cycle
   170.021234852,<not supported>,,cstate_core/c6-residency/,0,100.00,,
   170.021234852,<not supported>,,cstate_pkg/c6-residency/,0,100.00,,
   175.021840156,22375636976,,CORE_POWER.LVL0_TURBO_LICENSE,500022614,4.92,,
   175.021840156,0,,CORE_POWER.LVL1_TURBO_LICENSE,500022614,4.92,,
   175.021840156,0,,CORE_POWER.LVL2_TURBO_LICENSE,500022614,4.92,,
   175.021840156,110837198,,L1D.REPLACEMENT,500022614,4.92,,
   175.021840156,22375636976,,cpu-cycles,500022614,4.92,,
   175.021840156,22375636793,,ref-cycles,500022614,4.92,,
   175.021840156,65996524481,,instructions,500022614,4.92,2.95,insn per cycle
   175.021840156,510242,,MACHINE_CLEARS.COUNT,500022644,4.92,,
   175.021840156,2472998,,BR_MISP_RETIRED.ALL_BRANCHES,500022644,4.92,,
   175.021840156,22142195,,INT_MISC.CLEAR_RESTEER_CYCLES,500022644,4.92,,
   175.021840156,19487917903,,MEM_LOAD_RETIRED.L1_HIT,500022644,4.92,,
   175.021840156,22375429585,,cpu-cycles,500022644,4.92,,
   175.021840156,22375430399,,ref-cycles,500022644,4.92,,
   175.021840156,66015724824,,instructions,500022644,4.92,2.95,insn per cycle
   175.021840156,65507165257,,UOPS_ISSUED.ANY,500022587,4.92,,
   175.021840156,65126059060,,UOPS_RETIRED.RETIRE_SLOTS,500022587,4.92,,
   175.021840156,18176248,,INT_MISC.RECOVERY_CYCLES_ANY,500022587,4.92,,
   175.021840156,18176248,,INT_MISC.RECOVERY_CYCLES,500022587,4.92,,
   175.021840156,22375527942,,cpu-cycles,500022587,4.92,,
   175.021840156,22375527474,,ref-cycles,500022587,4.92,,
   175.021840156,66012871616,,instructions,500022587,4.92,2.95,insn per cycle
   175.021840156,22375528668,,CPU_CLK_UNHALTED.THREAD_ANY,500022532,4.92,,
   175.021840156,16276377719,,IDQ_UOPS_NOT_DELIVERED.CORE,500022532,4.92,,
   175.021840156,1103114830,,CYCLE_ACTIVITY.STALLS_MEM_ANY,500022532,4.92,,
   175.021840156,1278750522,,CYCLE_ACTIVITY.STALLS_TOTAL,500022532,4.92,,
   175.021840156,22375528668,,cpu-cycles,500022532,4.92,,
   175.021840156,22375528587,,ref-cycles,500022532,4.92,,
   175.021840156,65985639787,,instructions,500022532,4.92,2.95,insn per cycle
   175.021840156,2864939716,,EXE_ACTIVITY.1_PORTS_UTIL,500022597,4.92,,
   175.021840156,3601928459,,EXE_ACTIVITY.2_PORTS_UTIL,500022597,4.92,,
   175.021840156,127539650,,EXE_ACTIVITY.BOUND_ON_STORES,500022597,4.92,,
   175.021840156,7003225,,EXE_ACTIVITY.EXE_BOUND_0_PORTS,500022597,4.92,,
   175.021840156,22375505884,,cpu-cycles,500022597,4.92,,
   175.021840156,22375508182,,ref-cycles,500022597,4.92,,
   175.021840156,65930680268,,instructions,500022597,4.92,2.95,insn per cycle
   175.021840156,54332708,,MEM_LOAD_RETIRED.L2_HIT,500022896,4.92,,
   175.021840156,52185021,,MEM_LOAD_RETIRED.FB_HIT,500022896,4.92,,
   175.021840156,67937784,,MEM_LOAD_RETIRED.L1_MISS,500022896,4.92,,
   175.021840156,5738224,,L1D_PEND_MISS.FB_FULL:c1,500022896,4.92,,
   175.021840156,22375474281,,cpu-cycles,500022896,4.92,,
   175.021840156,22375477312,,ref-cycles,500022896,4.92,,
   175.021840156,65905027276,,instructions,500022896,4.92,2.95,insn per cycle
   175.021840156,188919681,,CYCLE_ACTIVITY.STALLS_L1D_MISS,500022417,4.92,,
   175.021840156,71118259,,CYCLE_ACTIVITY.STALLS_L2_MISS,500022417,4.92,,
   175.021840156,5735871,,CYCLE_ACTIVITY.STALLS_L3_MISS,500022417,4.92,,
   175.021840156,209127159,,OFFCORE_REQUESTS_OUTSTANDING.CYCLES_WITH_DEMAND_RFO,500022417,4.92,,
   175.021840156,22375545098,,cpu-cycles,500022417,4.92,,
   175.021840156,22375544325,,ref-cycles,500022417,4.92,,
   175.021840156,65984334500,,instructions,500022417,4.92,2.95,insn per cycle
   175.021840156,27848,,ITLB_MISSES.WALK_COMPLETED,500022518,4.92,,
   175.021840156,942759,,ITLB_MISSES.WALK_ACTIVE,500022518,4.92,,
   175.021840156,0,,DTLB_LOAD_MISSES.WALK_COMPLETED,500022518,4.92,,
   175.021840156,38100,,DTLB_LOAD_MISSES.WALK_ACTIVE,500022518,4.92,,
   175.021840156,22375301371,,cpu-cycles,500022518,4.92,,
   175.021840156,22375302022,,ref-cycles,500022518,4.92,,
   175.021840156,66009466764,,instructions,500022518,4.92,2.95,insn per cycle
   175.021840156,0,,DTLB_STORE_MISSES.WALK_COMPLETED,500008590,4.92,,
   175.021840156,366,,DTLB_STORE_MISSES.WALK_ACTIVE,500008590,4.92,,
   175.021840156,776372425,,IDQ_UOPS_NOT_DELIVERED.CYCLES_0_UOPS_DELIV.CORE,500008590,4.92,,
   175.021840156,54986,,BACLEARS.ANY,500008590,4.92,,
   175.021840156,22374959157,,cpu-cycles,500008590,4.92,,
   175.021840156,22374956899,,ref-cycles,500008590,4.92,,
   175.021840156,66008786111,,instructions,500008590,4.92,2.95,insn per cycle
   175.021840156,13788,,MEM_INST_RETIRED.LOCK_LOADS,286213702,2.81,,
   175.021840156,22387109,,L2_RQSTS.ALL_RFO,286213702,2.81,,
   175.021840156,8045818847,,MEM_INST_RETIRED.ALL_STORES,286213702,2.81,,
   175.021840156,12350470,,L2_RQSTS.RFO_HIT,286213702,2.81,,
   175.021840156,22374533857,,cpu-cycles,286213702,2.81,,
   175.021840156,22374547220,,ref-cycles,286213702,2.81,,
   175.021840156,65940285329,,instructions,286213702,2.81,2.95,insn per cycle
   175.021840156,0,,OFFCORE_REQUESTS_OUTSTANDING.L3_MISS_DEMAND_DATA_RD_GE_6,250011268,2.46,,
   175.021840156,5257002,,OFFCORE_REQUESTS_OUTSTANDING.CYCLES_WITH_L3_MISS_DEMAND_DATA_RD,250011268,2.46,,
   175.021840156,22375514053,,cpu-cycles,250011268,2.46,,
   175.021840156,22375516291,,ref-cycles,250011268,2.46,,
   175.021840156,65918829265,,instructions,250011268,2.46,2.95,insn per cycle
   175.021840156,21075033356,,UOPS_EXECUTED.CORE_CYCLES_GE_1,250011275,2.46,,
   175.021840156,18250553107,,UOPS_EXECUTED.CORE_CYCLES_GE_2,250011275,2.46,,
   175.021840156,14650309199,,UOPS_EXECUTED.CORE_CYCLES_GE_3,250011275,2.46,,
   175.021840156,7252850757,,UOPS_RETIRED.MACRO_FUSED,250011275,2.46,,
   175.021840156,22375520475,,cpu-cycles,250011275,2.46,,
   175.021840156,22375518033,,ref-cycles,250011275,2.46,,
   175.021840156,66053619958,,instructions,250011275,2.46,2.95,insn per cycle
   175.021840156,67431550,,FP_ARITH_INST_RETIRED.SCALAR_SINGLE:u0x03,250011192,2.46,,
   175.021840156,33594067,,FP_ARITH_INST_RETIRED.128B_PACKED_DOUBLE:u0xfc,250011192,2.46,,
   175.021840156,7876107,,ICACHE_16B.IFDATA_STALL,250011192,2.46,,
   175.021840156,1070367,,ICACHE_16B.IFDATA_STALL:c1:e1,250011192,2.46,,
   175.021840156,22375475431,,cpu-cycles,250011192,2.46,,
   175.021840156,22375474129,,ref-cycles,250011192,2.46,,
   175.021840156,65930186234,,instructions,250011192,2.46,2.95,insn per cycle
   175.021840156,18918626,,L2_RQSTS.ALL_CODE_RD,250011490,2.46,,
   175.021840156,0,,ITLB_MISSES.WALK_COMPLETED_2M_4M,250011490,2.46,,
   175.021840156,29003320,,L2_LINES_IN.ALL,250011490,2.46,,
   175.021840156,13610650,,MEM_LOAD_RETIRED.L2_MISS,250011490,2.46,,
   175.021840156,22375367925,,cpu-cycles,250011490,2.46,,
   175.021840156,22375369837,,ref-cycles,250011490,2.46,,
   175.021840156,66022994632,,instructions,250011490,2.46,2.95,insn per cycle
   175.021840156,407292,,L2_RQSTS.CODE_RD_MISS,250011264,2.46,,
   175.021840156,0,,DTLB_LOAD_MISSES.WALK_COMPLETED_2M_4M,250011264,2.46,,
   175.021840156,0,,DTLB_LOAD_MISSES.WALK_COMPLETED_4K,250011264,2.46,,
   175.021840156,0,,DTLB_LOAD_MISSES.WALK_COMPLETED_1G,250011264,2.46,,
   175.021840156,22375266247,,cpu-cycles,250011264,2.46,,
   175.021840156,22375265433,,ref-cycles,250011264,2.46,,
   175.021840156,66029270581,,instructions,250011264,2.46,2.95,insn per cycle
   175.021840156,52062407,,MEM_LOAD_RETIRED.FB_HIT,250011275,2.46,,
   175.021840156,0,,CYCLE_ACTIVITY.CYCLES_MEM_ANY,250011275,2.46,,
   175.021840156,725164465,,CYCLE_ACTIVITY.CYCLES_L1D_MISS,250011275,2.46,,
   175.021840156,22375451824,,cpu-cycles,250011275,2.46,,
   175.021840156,22375454672,,ref-cycles,250011275,2.46,,
   175.021840156,65966676744,,instructions,250011275,2.46,2.95,insn per cycle
   175.021840156,2822363318,,IDQ.MS_UOPS,250011237,2.46,,
   175.021840156,2822567,,ICACHE_64B.IFTAG_STALL,250011237,2.46,,
   175.021840156,10404323,,DTLB_LOAD_MISSES.STLB_HIT:c1,250011237,2.46,,
   175.021840156,22375545176,,cpu-cycles,250011237,2.46,,
   175.021840156,22375543711,,ref-cycles,250011237,2.46,,
   175.021840156,65988690021,,instructions,250011237,2.46,2.95,insn per cycle
   175.021840156,7629403,,ICACHE_16B.IFDATA_STALL,464898482,4.57,,
   175.021840156,1040877,,ICACHE_16B.IFDATA_STALL:c1:e1,464898482,4.57,,
   175.021840156,815259,,ARITH.DIVIDER_ACTIVE,464898482,4.57,,
   175.021840156,1294319637,,UOPS_EXECUTED.CORE_CYCLES_NONE,464898482,4.57,,
   175.021840156,22376362926,,cpu-cycles,464898482,4.57,,
   175.021840156,22376361351,,ref-cycles,464898482,4.57,,
   175.021840156,65986075249,,instructions,464898482,4.57,2.95,insn per cycle
   175.021840156,254259992,,CPU_CLK_THREAD_UNHALTED.ONE_THREAD_ACTIVE,500022452,4.92,,
   175.021840156,254259992,,CPU_CLK_THREAD_UNHALTED.REF_XCLK_ANY,500022452,4.92,,
   175.021840156,19619758,,cpu-cycles:k,500022452,4.92,,
   175.021840156,19603545,,ref-cycles:k,500022452,4.92,,
   175.021840156,15122969,,instructions:k,500022452,4.92,0.33,insn per cycle
   175.021840156,32496120851,,IDQ.DSB_UOPS,560084517,5.51,,
   175.021840156,26049572214,,IDQ.MITE_UOPS,560084517,5.51,,
   175.021840156,0,,LSD.UOPS,560084517,5.51,,
   175.021840156,22345031122,,cpu-cycles,560084517,5.51,,
   175.021840156,22345036153,,ref-cycles,560084517,5.51,,
   175.021840156,62096773618,,instructions,560084517,5.51,2.78,insn per cycle
   175.021840156,10625663575,,IDQ.ALL_MITE_CYCLES_ANY_UOPS,609857810,6.00,,
   175.021840156,3890244606,,IDQ.ALL_MITE_CYCLES_4_UOPS,609857810,6.00,,
   175.021840156,22325554113,,cpu-cycles,609857810,6.00,,
   175.021840156,22325564654,,ref-cycles,609857810,6.00,,
   175.021840156,59429787990,,instructions,609857810,6.00,2.66,insn per cycle
   175.021840156,7500160038,,IDQ.ALL_DSB_CYCLES_ANY_UOPS,500022690,4.92,,
   175.021840156,5858410295,,IDQ.ALL_DSB_CYCLES_4_UOPS,500022690,4.92,,
   175.021840156,22375758992,,cpu-cycles,500022690,4.92,,
   175.021840156,22375756571,,ref-cycles,500022690,4.92,,
   175.021840156,65977781955,,instructions,500022690,4.92,2.95,insn per cycle
   175.021840156,0,,MEM_LOAD_L3_HIT_RETIRED.XSNP_HIT,500022733,4.92,,
   175.021840156,222014,,MEM_LOAD_L3_HIT_RETIRED.XSNP_HITM,500022733,4.92,,
   175.021840156,22375787358,,cpu-cycles,500022733,4.92,,
   175.021840156,22375787175,,ref-cycles,500022733,4.92,,
   175.021840156,66008321172,,instructions,500022733,4.92,2.95,insn per cycle
   175.021840156,55574,,UOPS_EXECUTED.X87,500022344,4.92,,
   175.021840156,70173629425,,UOPS_EXECUTED.THREAD,500022344,4.92,,
   175.021840156,22375800473,,cpu-cycles,500022344,4.92,,
   175.021840156,22375801205,,ref-cycles,500022344,4.92,,
   175.021840156,65967134601,,instructions,500022344,4.92,2.95,insn per cycle
   175.021840156,<not supported>,,cstate_core/c6-residency/,0,100.00,,
   175.021840156,<not supported>,,cstate_pkg/c6-residency/,0,100.00,,
   180.022469557,22373052916,,CORE_POWER.LVL0_TURBO_LICENSE,500012819,4.92,,
   180.022469557,0,,CORE_POWER.LVL1_TURBO_LICENSE,500012819,4.92,,
   180.022469557,0,,CORE_POWER.LVL2_TURBO_LICENSE,500012819,4.92,,
   180.022469557,111428902,,L1D.REPLACEMENT,500012819,4.92,,
   180.022469557,22373052916,,cpu-cycles,500012819,4.92,,
   180.022469557,22373054909,,ref-cycles,500012819,4.92,,
   180.022469557,65955242317,,instructions,500012819,4.92,2.95,insn per cycle
   180.022469557,508788,,MACHINE_CLEARS.COUNT,287313106,2.82,,
   180.022469557,2485390,,BR_MISP_RETIRED.ALL_BRANCHES,287313106,2.82,,
   180.022469557,22225395,,INT_MISC.CLEAR_RESTEER_CYCLES,287313106,2.82,,
   180.022469557,19481441012,,MEM_LOAD_RETIRED.L1_HIT,287313106,2.82,,
   180.022469557,22372181887,,cpu-cycles,287313106,2.82,,
   180.022469557,22372187551,,ref-cycles,287313106,2.82,,
   180.022469557,65993337439,,instructions,287313106,2.82,2.95,insn per cycle
   180.022469557,65478979482,,UOPS_ISSUED.ANY,250011257,2.46,,
   180.022469557,65097510679,,UOPS_RETIRED.RETIRE_SLOTS,250011257,2.46,,
   180.022469557,18142661,,INT_MISC.RECOVERY_CYCLES_ANY,250011257,2.46,,
   180.022469557,18142661,,INT_MISC.RECOVERY_CYCLES,250011257,2.46,,
   180.022469557,22373133952,,cpu-cycles,250011257,2.46,,
   180.022469557,22373134522,,ref-cycles,250011257,2.46,,
   180.022469557,65994036049,,instructions,250011257,2.46,2.95,insn per cycle
   180.022469557,22373077017,,CPU_CLK_UNHALTED.THREAD_ANY,250011217,2.46,,
   180.022469557,16094028774,,IDQ_UOPS_NOT_DELIVERED.CORE,250011217,2.46,,
   180.022469557,1124046403,,CYCLE_ACTIVITY.STALLS_MEM_ANY,250011217,2.46,,
   180.022469557,1299910752,,CYCLE_ACTIVITY.STALLS_TOTAL,250011217,2.46,,
   180.022469557,22373077017,,cpu-cycles,250011217,2.46,,
   180.022469557,22373074943,,ref-cycles,250011217,2.46,,
   180.022469557,66023172385,,instructions,250011217,2.46,2.95,insn per cycle
   180.022469557,2837241873,,EXE_ACTIVITY.1_PORTS_UTIL,250011329,2.46,,
   180.022469557,3575750163,,EXE_ACTIVITY.2_PORTS_UTIL,250011329,2.46,,
   180.022469557,127514724,,EXE_ACTIVITY.BOUND_ON_STORES,250011329,2.46,,
   180.022469557,7027501,,EXE_ACTIVITY.EXE_BOUND_0_PORTS,250011329,2.46,,
   180.022469557,22373182556,,cpu-cycles,250011329,2.46,,
   180.022469557,22373181254,,ref-cycles,250011329,2.46,,
   180.022469557,65945839205,,instructions,250011329,2.46,2.95,insn per cycle
   180.022469557,54138500,,MEM_LOAD_RETIRED.L2_HIT,250011400,2.46,,
   180.022469557,52089956,,MEM_LOAD_RETIRED.FB_HIT,250011400,2.46,,
   180.022469557,67734623,,MEM_LOAD_RETIRED.L1_MISS,250011400,2.46,,
   180.022469557,5746269,,L1D_PEND_MISS.FB_FULL:c1,250011400,2.46,,
   180.022469557,22373075594,,cpu-cycles,250011400,2.46,,
   180.022469557,22373073641,,ref-cycles,250011400,2.46,,
   180.022469557,65975196851,,instructions,250011400,2.46,2.95,insn per cycle
   180.022469557,185406913,,CYCLE_ACTIVITY.STALLS_L1D_MISS,250011214,2.46,,
   180.022469557,67614345,,CYCLE_ACTIVITY.STALLS_L2_MISS,250011214,2.46,,
   180.022469557,3432086,,CYCLE_ACTIVITY.STALLS_L3_MISS,250011214,2.46,,
   180.022469557,208249752,,OFFCORE_REQUESTS_OUTSTANDING.CYCLES_WITH_DEMAND_RFO,250011214,2.46,,
   180.022469557,22373197428,,cpu-cycles,250011214,2.46,,
   180.022469557,22373195556,,ref-cycles,250011214,2.46,,
   180.022469557,66073871563,,instructions,250011214,2.46,2.95,insn per cycle
   180.022469557,27866,,ITLB_MISSES.WALK_COMPLETED,250011254,2.46,,
   180.022469557,955786,,ITLB_MISSES.WALK_ACTIVE,250011254,2.46,,
   180.022469557,81,,DTLB_LOAD_MISSES.WALK_COMPLETED,250011254,2.46,,
   180.022469557,43772,,DTLB_LOAD_MISSES.WALK_ACTIVE,250011254,2.46,,
   180.022469557,22373010473,,cpu-cycles,250011254,2.46,,
   180.022469557,22373008032,,ref-cycles,250011254,2.46,,
   180.022469557,66024193326,,instructions,250011254,2.46,2.95,insn per cycle
   180.022469557,0,,DTLB_STORE_MISSES.WALK_COMPLETED,250011352,2.46,,
   180.022469557,0,,DTLB_STORE_MISSES.WALK_ACTIVE,250011352,2.46,,
   180.022469557,784552660,,IDQ_UOPS_NOT_DELIVERED.CYCLES_0_UOPS_DELIV.CORE,250011352,2.46,,
   180.022469557,53250,,BACLEARS.ANY,250011352,2.46,,
   180.022469557,22373160414,,cpu-cycles,250011352,2.46,,
   180.022469557,22373159641,,ref-cycles,250011352,2.46,,
   180.022469557,65923335706,,instructions,250011352,2.46,2.95,insn per cycle
   180.022469557,13288,,MEM_INST_RETIRED.LOCK_LOADS,463820323,4.56,,
   180.022469557,22412140,,L2_RQSTS.ALL_RFO,463820323,4.56,,
   180.022469557,8053697241,,MEM_INST_RETIRED.ALL_STORES,463820323,4.56,,
   180.022469557,12358792,,L2_RQSTS.RFO_HIT,463820323,4.56,,
   180.022469557,22374089626,,cpu-cycles,463820323,4.56,,
   180.022469557,22374081381,,ref-cycles,463820323,4.56,,
   180.022469557,66003481444,,instructions,463820323,4.56,2.95,insn per cycle
   180.022469557,0,,OFFCORE_REQUESTS_OUTSTANDING.L3_MISS_DEMAND_DATA_RD_GE_6,500022553,4.92,,
   180.022469557,5538491,,OFFCORE_REQUESTS_OUTSTANDING.CYCLES_WITH_L3_MISS_DEMAND_DATA_RD,500022553,4.92,,
   180.022469557,22372665817,,cpu-cycles,500022553,4.92,,
   180.022469557,22372664149,,ref-cycles,500022553,4.92,,
   180.022469557,65986546708,,instructions,500022553,4.92,2.95,insn per cycle
   180.022469557,21080661504,,UOPS_EXECUTED.CORE_CYCLES_GE_1,500022412,4.92,,
   180.022469557,18241706593,,UOPS_EXECUTED.CORE_CYCLES_GE_2,500022412,4.92,,
   180.022469557,14630991309,,UOPS_EXECUTED.CORE_CYCLES_GE_3,500022412,4.92,,
   180.022469557,7245348058,,UOPS_RETIRED.MACRO_FUSED,500022412,4.92,,
   180.022469557,22373582676,,cpu-cycles,500022412,4.92,,
   180.022469557,22373583897,,ref-cycles,500022412,4.92,,
   180.022469557,65994839835,,instructions,500022412,4.92,2.95,insn per cycle
   180.022469557,67444724,,FP_ARITH_INST_RETIRED.SCALAR_SINGLE:u0x03,500022616,4.92,,
   180.022469557,33600717,,FP_ARITH_INST_RETIRED.128B_PACKED_DOUBLE:u0xfc,500022616,4.92,,
   180.022469557,7575969,,ICACHE_16B.IFDATA_STALL,500022616,4.92,,
   180.022469557,1031146,,ICACHE_16B.IFDATA_STALL:c1:e1,500022616,4.92,,
   180.022469557,22373341255,,cpu-cycles,500022616,4.92,,
   180.022469557,22373344306,,ref-cycles,500022616,4.92,,
   180.022469557,65972312178,,instructions,500022616,4.92,2.95,insn per cycle
   180.022469557,18856505,,L2_RQSTS.ALL_CODE_RD,500022952,4.92,,
   180.022469557,162,,ITLB_MISSES.WALK_COMPLETED_2M_4M,500022952,4.92,,
   180.022469557,29016811,,L2_LINES_IN.ALL,500022952,4.92,,
   180.022469557,13606054,,MEM_LOAD_RETIRED.L2_MISS,500022952,4.92,,
   180.022469557,22373319734,,cpu-cycles,500022952,4.92,,
   180.022469557,22373320161,,ref-cycles,500022952,4.92,,
   180.022469557,65985416547,,instructions,500022952,4.92,2.95,insn per cycle
   180.022469557,407556,,L2_RQSTS.CODE_RD_MISS,500022313,4.92,,
   180.022469557,0,,DTLB_LOAD_MISSES.WALK_COMPLETED_2M_4M,500022313,4.92,,
   180.022469557,0,,DTLB_LOAD_MISSES.WALK_COMPLETED_4K,500022313,4.92,,
   180.022469557,0,,DTLB_LOAD_MISSES.WALK_COMPLETED_1G,500022313,4.92,,
   180.022469557,22373219079,,cpu-cycles,500022313,4.92,,
   180.022469557,22373218469,,ref-cycles,500022313,4.92,,
   180.022469557,65995060609,,instructions,500022313,4.92,2.95,insn per cycle
   180.022469557,52068474,,MEM_LOAD_RETIRED.FB_HIT,500022567,4.92,,
   180.022469557,0,,CYCLE_ACTIVITY.CYCLES_MEM_ANY,500022567,4.92,,
   180.022469557,726589826,,CYCLE_ACTIVITY.CYCLES_L1D_MISS,500022567,4.92,,
   180.022469557,22373427203,,cpu-cycles,500022567,4.92,,
   180.022469557,22373425189,,ref-cycles,500022567,4.92,,
   180.022469557,66013890558,,instructions,500022567,4.92,2.95,insn per cycle
   180.022469557,2822118158,,IDQ.MS_UOPS,500013070,4.92,,
   180.022469557,2891718,,ICACHE_64B.IFTAG_STALL,500013070,4.92,,
   180.022469557,10423061,,DTLB_LOAD_MISSES.STLB_HIT:c1,500013070,4.92,,
   180.022469557,22373055197,,cpu-cycles,500013070,4.92,,
   180.022469557,22373056844,,ref-cycles,500013070,4.92,,
   180.022469557,65985040123,,instructions,500013070,4.92,2.95,insn per cycle
   180.022469557,7733376,,ICACHE_16B.IFDATA_STALL,500022863,4.92,,
   180.022469557,1052827,,ICACHE_16B.IFDATA_STALL:c1:e1,500022863,4.92,,
   180.022469557,818895,,ARITH.DIVIDER_ACTIVE,500022863,4.92,,
   180.022469557,1301623018,,UOPS_EXECUTED.CORE_CYCLES_NONE,500022863,4.92,,
   180.022469557,22373479817,,cpu-cycles,500022863,4.92,,
   180.022469557,22373480712,,ref-cycles,500022863,4.92,,
   180.022469557,65991131052,,instructions,500022863,4.92,2.95,insn per cycle
   180.022469557,254243994,,CPU_CLK_THREAD_UNHALTED.ONE_THREAD_ACTIVE,500022453,4.92,,
   180.022469557,254243994,,CPU_CLK_THREAD_UNHALTED.REF_XCLK_ANY,500022453,4.92,,
   180.022469557,19976898,,cpu-cycles:k,500022453,4.92,,
   180.022469557,19972118,,ref-cycles:k,500022453,4.92,,
   180.022469557,15121470,,instructions:k,500022453,4.92,0.34,insn per cycle
   180.022469557,34711903860,,IDQ.DSB_UOPS,500022514,4.92,,
   180.022469557,27345450085,,IDQ.MITE_UOPS,500022514,4.92,,
   180.022469557,0,,LSD.UOPS,500022514,4.92,,
   180.022469557,22373532473,,cpu-cycles,500022514,4.92,,
   180.022469557,22373530114,,ref-cycles,500022514,4.92,,
   180.022469557,65985228930,,instructions,500022514,4.92,2.95,insn per cycle
   180.022469557,10864630483,,IDQ.ALL_MITE_CYCLES_ANY_UOPS,535238756,5.26,,
   180.022469557,3948864420,,IDQ.ALL_MITE_CYCLES_4_UOPS,535238756,5.26,,
   180.022469557,22355806648,,cpu-cycles,535238756,5.26,,
   180.022469557,22355791370,,ref-cycles,535238756,5.26,,
   180.022469557,63608641762,,instructions,535238756,5.26,2.84,insn per cycle
   180.022469557,6758315821,,IDQ.ALL_DSB_CYCLES_ANY_UOPS,619641206,6.09,,
   180.022469557,5212994198,,IDQ.ALL_DSB_CYCLES_4_UOPS,619641206,6.09,,
   180.022469557,22318625587,,cpu-cycles,619641206,6.09,,
   180.022469557,22318639062,,ref-cycles,619641206,6.09,,
   180.022469557,58943408300,,instructions,619641206,6.09,2.64,insn per cycle
   180.022469557,39,,MEM_LOAD_L3_HIT_RETIRED.XSNP_HIT,514049700,5.05,,
   180.022469557,216627,,MEM_LOAD_L3_HIT_RETIRED.XSNP_HITM,514049700,5.05,,
   180.022469557,22366303833,,cpu-cycles,514049700,5.05,,
   180.022469557,22366304169,,ref-cycles,514049700,5.05,,
   180.022469557,64925365979,,instructions,514049700,5.05,2.90,insn per cycle
   180.022469557,55569,,UOPS_EXECUTED.X87,500022578,4.92,,
   180.022469557,70200051248,,UOPS_EXECUTED.THREAD,500022578,4.92,,
   180.022469557,22373629527,,cpu-cycles,500022578,4.92,,
   180.022469557,22373630809,,ref-cycles,500022578,4.92,,
   180.022469557,65992746219,,instructions,500022578,4.92,2.95,insn per cycle
   180.022469557,<not supported>,,cstate_core/c6-residency/,0,100.00,,
   180.022469557,<not supported>,,cstate_pkg/c6-residency/,0,100.00,,
   185.023108228,22370297344,,CORE_POWER.LVL0_TURBO_LICENSE,250086706,2.46,,
   185.023108228,0,,CORE_POWER.LVL1_TURBO_LICENSE,250086706,2.46,,
   185.023108228,0,,CORE_POWER.LVL2_TURBO_LICENSE,250086706,2.46,,
   185.023108228,111210027,,L1D.REPLACEMENT,250086706,2.46,,
   185.023108228,22370297344,,cpu-cycles,250086706,2.46,,
   185.023108228,22370292301,,ref-cycles,250086706,2.46,,
   185.023108228,65940421769,,instructions,250086706,2.46,2.95,insn per cycle
   185.023108228,514763,,MACHINE_CLEARS.COUNT,462721247,4.55,,
   185.023108228,2472842,,BR_MISP_RETIRED.ALL_BRANCHES,462721247,4.55,,
   185.023108228,22124078,,INT_MISC.CLEAR_RESTEER_CYCLES,462721247,4.55,,
   185.023108228,19480897499,,MEM_LOAD_RETIRED.L1_HIT,462721247,4.55,,
   185.023108228,22373874466,,cpu-cycles,462721247,4.55,,
   185.023108228,22373870180,,ref-cycles,462721247,4.55,,
   185.023108228,65992066238,,instructions,462721247,4.55,2.95,insn per cycle
   185.023108228,65462665167,,UOPS_ISSUED.ANY,500022428,4.92,,
   185.023108228,65081417142,,UOPS_RETIRED.RETIRE_SLOTS,500022428,4.92,,
   185.023108228,18150436,,INT_MISC.RECOVERY_CYCLES_ANY,500022428,4.92,,
   185.023108228,18150436,,INT_MISC.RECOVERY_CYCLES,500022428,4.92,,
   185.023108228,22372283551,,cpu-cycles,500022428,4.92,,
   185.023108228,22372282718,,ref-cycles,500022428,4.92,,
   185.023108228,65974465677,,instructions,500022428,4.92,2.95,insn per cycle
   185.023108228,22373111474,,CPU_CLK_UNHALTED.THREAD_ANY,500022485,4.92,,
   185.023108228,16249769267,,IDQ_UOPS_NOT_DELIVERED.CORE,500022485,4.92,,
   185.023108228,1112570374,,CYCLE_ACTIVITY.STALLS_MEM_ANY,500022485,4.92,,
   185.023108228,1288343305,,CYCLE_ACTIVITY.STALLS_TOTAL,500022485,4.92,,
   185.023108228,22373111474,,cpu-cycles,500022485,4.92,,
   185.023108228,22373110803,,ref-cycles,500022485,4.92,,
   185.023108228,65964527572,,instructions,500022485,4.92,2.95,insn per cycle
   185.023108228,2844304365,,EXE_ACTIVITY.1_PORTS_UTIL,500022548,4.92,,
   185.023108228,3591692156,,EXE_ACTIVITY.2_PORTS_UTIL,500022548,4.92,,
   185.023108228,127456951,,EXE_ACTIVITY.BOUND_ON_STORES,500022548,4.92,,
   185.023108228,7002949,,EXE_ACTIVITY.EXE_BOUND_0_PORTS,500022548,4.92,,
   185.023108228,22373101126,,cpu-cycles,500022548,4.92,,
   185.023108228,22373102021,,ref-cycles,500022548,4.92,,
   185.023108228,65976227709,,instructions,500022548,4.92,2.95,insn per cycle
   185.023108228,54257601,,MEM_LOAD_RETIRED.L2_HIT,500022727,4.92,,
   185.023108228,52094650,,MEM_LOAD_RETIRED.FB_HIT,500022727,4.92,,
   185.023108228,67848825,,MEM_LOAD_RETIRED.L1_MISS,500022727,4.92,,
   185.023108228,5728933,,L1D_PEND_MISS.FB_FULL:c1,500022727,4.92,,
   185.023108228,22373055262,,cpu-cycles,500022727,4.92,,
   185.023108228,22373056360,,ref-cycles,500022727,4.92,,
   185.023108228,65989636670,,instructions,500022727,4.92,2.95,insn per cycle
   185.023108228,185660198,,CYCLE_ACTIVITY.STALLS_L1D_MISS,500022675,4.92,,
   185.023108228,67919715,,CYCLE_ACTIVITY.STALLS_L2_MISS,500022675,4.92,,
   185.023108228,3460092,,CYCLE_ACTIVITY.STALLS_L3_MISS,500022675,4.92,,
   185.023108228,208200051,,OFFCORE_REQUESTS_OUTSTANDING.CYCLES_WITH_DEMAND_RFO,500022675,4.92,,
   185.023108228,22373200559,,cpu-cycles,500022675,4.92,,
   185.023108228,22373199380,,ref-cycles,500022675,4.92,,
   185.023108228,65967268046,,instructions,500022675,4.92,2.95,insn per cycle
   185.023108228,28028,,ITLB_MISSES.WALK_COMPLETED,500022454,4.92,,
   185.023108228,938933,,ITLB_MISSES.WALK_ACTIVE,500022454,4.92,,
   185.023108228,40,,DTLB_LOAD_MISSES.WALK_COMPLETED,500022454,4.92,,
   185.023108228,42266,,DTLB_LOAD_MISSES.WALK_ACTIVE,500022454,4.92,,
   185.023108228,22373067386,,cpu-cycles,500022454,4.92,,
   185.023108228,22373066898,,ref-cycles,500022454,4.92,,
   185.023108228,65966661648,,instructions,500022454,4.92,2.95,insn per cycle
   185.023108228,0,,DTLB_STORE_MISSES.WALK_COMPLETED,500012911,4.92,,
   185.023108228,0,,DTLB_STORE_MISSES.WALK_ACTIVE,500012911,4.92,,
   185.023108228,778264518,,IDQ_UOPS_NOT_DELIVERED.CYCLES_0_UOPS_DELIV.CORE,500012911,4.92,,
   185.023108228,54369,,BACLEARS.ANY,500012911,4.92,,
   185.023108228,22372614673,,cpu-cycles,500012911,4.92,,
   185.023108228,22372616707,,ref-cycles,500012911,4.92,,
   185.023108228,65983638893,,instructions,500012911,4.92,2.95,insn per cycle
   185.023108228,13424,,MEM_INST_RETIRED.LOCK_LOADS,500022862,4.92,,
   185.023108228,22426812,,L2_RQSTS.ALL_RFO,500022862,4.92,,
   185.023108228,8047886363,,MEM_INST_RETIRED.ALL_STORES,500022862,4.92,,
   185.023108228,12357457,,L2_RQSTS.RFO_HIT,500022862,4.92,,
   185.023108228,22373135718,,cpu-cycles,500022862,4.92,,
   185.023108228,22373134233,,ref-cycles,500022862,4.92,,
   185.023108228,65956488589,,instructions,500022862,4.92,2.95,insn per cycle
   185.023108228,0,,OFFCORE_REQUESTS_OUTSTANDING.L3_MISS_DEMAND_DATA_RD_GE_6,500022464,4.92,,
   185.023108228,5857321,,OFFCORE_REQUESTS_OUTSTANDING.CYCLES_WITH_L3_MISS_DEMAND_DATA_RD,500022464,4.92,,
   185.023108228,22373232544,,cpu-cycles,500022464,4.92,,
   185.023108228,22373231771,,ref-cycles,500022464,4.92,,
   185.023108228,65972150809,,instructions,500022464,4.92,2.95,insn per cycle
   185.023108228,20338295222,,UOPS_EXECUTED.CORE_CYCLES_GE_1,500023001,4.92,,
   185.023108228,17496644449,,UOPS_EXECUTED.CORE_CYCLES_GE_2,500023001,4.92,,
   185.023108228,13788879236,,UOPS_EXECUTED.CORE_CYCLES_GE_3,500023001,4.92,,
   185.023108228,6168976321,,UOPS_RETIRED.MACRO_FUSED,500023001,4.92,,
   185.023108228,22373294590,,cpu-cycles,500023001,4.92,,
   185.023108228,22373294611,,ref-cycles,500023001,4.92,,
   185.023108228,60093313312,,instructions,500023001,4.92,2.69,insn per cycle
   185.023108228,35083856,,FP_ARITH_INST_RETIRED.SCALAR_SINGLE:u0x03,500022720,4.92,,
   185.023108228,17437381,,FP_ARITH_INST_RETIRED.128B_PACKED_DOUBLE:u0xfc,500022720,4.92,,
   185.023108228,40340534,,ICACHE_16B.IFDATA_STALL,500022720,4.92,,
   185.023108228,5778865,,ICACHE_16B.IFDATA_STALL:c1:e1,500022720,4.92,,
   185.023108228,22372438974,,cpu-cycles,500022720,4.92,,
   185.023108228,22372439889,,ref-cycles,500022720,4.92,,
   185.023108228,53992752095,,instructions,500022720,4.92,2.41,insn per cycle
   185.023108228,60735058,,L2_RQSTS.ALL_CODE_RD,500023019,4.92,,
   185.023108228,0,,ITLB_MISSES.WALK_COMPLETED_2M_4M,500023019,4.92,,
   185.023108228,250866893,,L2_LINES_IN.ALL,500023019,4.92,,
   185.023108228,39129832,,MEM_LOAD_RETIRED.L2_MISS,500023019,4.92,,
   185.023108228,22372482852,,cpu-cycles,500023019,4.92,,
   185.023108228,22372481672,,ref-cycles,500023019,4.92,,
   185.023108228,53953116054,,instructions,500023019,4.92,2.41,insn per cycle
   185.023108228,1627787,,L2_RQSTS.CODE_RD_MISS,500022209,4.92,,
   185.023108228,0,,DTLB_LOAD_MISSES.WALK_COMPLETED_2M_4M,500022209,4.92,,
   185.023108228,1545,,DTLB_LOAD_MISSES.WALK_COMPLETED_4K,500022209,4.92,,
   185.023108228,0,,DTLB_LOAD_MISSES.WALK_COMPLETED_1G,500022209,4.92,,
   185.023108228,22372508353,,cpu-cycles,500022209,4.92,,
   185.023108228,22372507682,,ref-cycles,500022209,4.92,,
   185.023108228,53982142655,,instructions,500022209,4.92,2.41,insn per cycle
   185.023108228,284868028,,MEM_LOAD_RETIRED.FB_HIT,500022684,4.92,,
   185.023108228,0,,CYCLE_ACTIVITY.CYCLES_MEM_ANY,500022684,4.92,,
   185.023108228,2252578930,,CYCLE_ACTIVITY.CYCLES_L1D_MISS,500022684,4.92,,
   185.023108228,22372626826,,cpu-cycles,500022684,4.92,,
   185.023108228,22372628148,,ref-cycles,500022684,4.92,,
   185.023108228,53973600151,,instructions,500022684,4.92,2.41,insn per cycle
   185.023108228,3815427642,,IDQ.MS_UOPS,500022233,4.92,,
   185.023108228,2488290,,ICACHE_64B.IFTAG_STALL,500022233,4.92,,
   185.023108228,97041637,,DTLB_LOAD_MISSES.STLB_HIT:c1,500022233,4.92,,
   185.023108228,22372670022,,cpu-cycles,500022233,4.92,,
   185.023108228,22372669025,,ref-cycles,500022233,4.92,,
   185.023108228,53973379437,,instructions,500022233,4.92,2.41,insn per cycle
   185.023108228,16808503,,ICACHE_16B.IFDATA_STALL,288896020,2.84,,
   185.023108228,2342614,,ICACHE_16B.IFDATA_STALL:c1:e1,288896020,2.84,,
   185.023108228,38888777,,ARITH.DIVIDER_ACTIVE,288896020,2.84,,
   185.023108228,1697323473,,UOPS_EXECUTED.CORE_CYCLES_NONE,288896020,2.84,,
   185.023108228,22371208789,,cpu-cycles,288896020,2.84,,
   185.023108228,22371220618,,ref-cycles,288896020,2.84,,
   185.023108228,62724489000,,instructions,288896020,2.84,2.80,insn per cycle
   185.023108228,254240219,,CPU_CLK_THREAD_UNHALTED.ONE_THREAD_ACTIVE,250011354,2.46,,
   185.023108228,254240219,,CPU_CLK_THREAD_UNHALTED.REF_XCLK_ANY,250011354,2.46,,
   185.023108228,20040784,,cpu-cycles:k,250011354,2.46,,
   185.023108228,20029190,,ref-cycles:k,250011354,2.46,,
   185.023108228,15129450,,instructions:k,250011354,2.46,0.34,insn per cycle
   185.023108228,34496214597,,IDQ.DSB_UOPS,250011223,2.46,,
   185.023108228,27507254352,,IDQ.MITE_UOPS,250011223,2.46,,
   185.023108228,0,,LSD.UOPS,250011223,2.46,,
   185.023108228,22373248587,,cpu-cycles,250011223,2.46,,
   185.023108228,22373248059,,ref-cycles,250011223,2.46,,
   185.023108228,65950431578,,instructions,250011223,2.46,2.95,insn per cycle
   185.023108228,11035964758,,IDQ.ALL_MITE_CYCLES_ANY_UOPS,250011325,2.46,,
   185.023108228,3987796580,,IDQ.ALL_MITE_CYCLES_4_UOPS,250011325,2.46,,
   185.023108228,22373177054,,cpu-cycles,250011325,2.46,,
   185.023108228,22373177460,,ref-cycles,250011325,2.46,,
   185.023108228,65975957028,,instructions,250011325,2.46,2.95,insn per cycle
   185.023108228,7476013591,,IDQ.ALL_DSB_CYCLES_ANY_UOPS,250011413,2.46,,
   185.023108228,5830184375,,IDQ.ALL_DSB_CYCLES_4_UOPS,250011413,2.46,,
   185.023108228,22373203716,,cpu-cycles,250011413,2.46,,
   185.023108228,22373201763,,ref-cycles,250011413,2.46,,
   185.023108228,65969678065,,instructions,250011413,2.46,2.95,insn per cycle
   185.023108228,0,,MEM_LOAD_L3_HIT_RETIRED.XSNP_HIT,359633367,3.54,,
   185.023108228,155257,,MEM_LOAD_L3_HIT_RETIRED.XSNP_HITM,359633367,3.54,,
   185.023108228,22288854148,,cpu-cycles,359633367,3.54,,
   185.023108228,22288836529,,ref-cycles,359633367,3.54,,
   185.023108228,54882293247,,instructions,359633367,3.54,2.45,insn per cycle
   185.023108228,172770,,UOPS_EXECUTED.X87,309051428,3.04,,
   185.023108228,64337744379,,UOPS_EXECUTED.THREAD,309051428,3.04,,
   185.023108228,22319804383,,cpu-cycles,309051428,3.04,,
   185.023108228,22319817414,,ref-cycles,309051428,3.04,,
   185.023108228,58997153434,,instructions,309051428,3.04,2.64,insn per cycle
   185.023108228,<not supported>,,cstate_core/c6-residency/,0,100.00,,
   185.023108228,<not supported>,,cstate_pkg/c6-residency/,0,100.00,,
   190.023716152,22330341875,,CORE_POWER.LVL0_TURBO_LICENSE,581164301,5.71,,
   190.023716152,0,,CORE_POWER.LVL1_TURBO_LICENSE,581164301,5.71,,
   190.023716152,0,,CORE_POWER.LVL2_TURBO_LICENSE,581164301,5.71,,
   190.023716152,988015188,,L1D.REPLACEMENT,581164301,5.71,,
   190.023716152,22330341875,,cpu-cycles,581164301,5.71,,
   190.023716152,22330338725,,ref-cycles,581164301,5.71,,
   190.023716152,40259171648,,instructions,581164301,5.71,1.80,insn per cycle
   190.023716152,1865595,,MACHINE_CLEARS.COUNT,525013961,5.16,,
   190.023716152,71115853,,BR_MISP_RETIRED.ALL_BRANCHES,525013961,5.16,,
   190.023716152,385080655,,INT_MISC.CLEAR_RESTEER_CYCLES,525013961,5.16,,
   190.023716152,12962868389,,MEM_LOAD_RETIRED.L1_HIT,525013961,5.16,,
   190.023716152,22356902585,,cpu-cycles,525013961,5.16,,
   190.023716152,22356902526,,ref-cycles,525013961,5.16,,
   190.023716152,41400990517,,instructions,525013961,5.16,1.85,insn per cycle
   190.023716152,51191048141,,UOPS_ISSUED.ANY,500022941,4.92,,
   190.023716152,47022105349,,UOPS_RETIRED.RETIRE_SLOTS,500022941,4.92,,
   190.023716152,433220317,,INT_MISC.RECOVERY_CYCLES_ANY,500022941,4.92,,
   190.023716152,433220317,,INT_MISC.RECOVERY_CYCLES,500022941,4.92,,
   190.023716152,22372370975,,cpu-cycles,500022941,4.92,,
   190.023716152,22372369714,,ref-cycles,500022941,4.92,,
   190.023716152,42015073970,,instructions,500022941,4.92,1.88,insn per cycle
   190.023716152,22372344431,,CPU_CLK_UNHALTED.THREAD_ANY,500022115,4.92,,
   190.023716152,13833956320,,IDQ_UOPS_NOT_DELIVERED.CORE,500022115,4.92,,
   190.023716152,2585894589,,CYCLE_ACTIVITY.STALLS_MEM_ANY,500022115,4.92,,
   190.023716152,4296079635,,CYCLE_ACTIVITY.STALLS_TOTAL,500022115,4.92,,
   190.023716152,22372344431,,cpu-cycles,500022115,4.92,,
   190.023716152,22372342641,,ref-cycles,500022115,4.92,,
   190.023716152,41996886007,,instructions,500022115,4.92,1.88,insn per cycle
   190.023716152,2833478319,,EXE_ACTIVITY.1_PORTS_UTIL,500022588,4.92,,
   190.023716152,4022020997,,EXE_ACTIVITY.2_PORTS_UTIL,500022588,4.92,,
   190.023716152,983970408,,EXE_ACTIVITY.BOUND_ON_STORES,500022588,4.92,,
   190.023716152,162337999,,EXE_ACTIVITY.EXE_BOUND_0_PORTS,500022588,4.92,,
   190.023716152,22372375260,,cpu-cycles,500022588,4.92,,
   190.023716152,22372374813,,ref-cycles,500022588,4.92,,
   190.023716152,42017590305,,instructions,500022588,4.92,1.88,insn per cycle
   190.023716152,326296432,,MEM_LOAD_RETIRED.L2_HIT,500023212,4.92,,
   190.023716152,518061813,,MEM_LOAD_RETIRED.FB_HIT,500023212,4.92,,
   190.023716152,390956966,,MEM_LOAD_RETIRED.L1_MISS,500023212,4.92,,
   190.023716152,274887088,,L1D_PEND_MISS.FB_FULL:c1,500023212,4.92,,
   190.023716152,22372402660,,cpu-cycles,500023212,4.92,,
   190.023716152,22372402396,,ref-cycles,500023212,4.92,,
   190.023716152,42011357501,,instructions,500023212,4.92,1.88,insn per cycle
   190.023716152,807285752,,CYCLE_ACTIVITY.STALLS_L1D_MISS,500022302,4.92,,
   190.023716152,446457844,,CYCLE_ACTIVITY.STALLS_L2_MISS,500022302,4.92,,
   190.023716152,43642395,,CYCLE_ACTIVITY.STALLS_L3_MISS,500022302,4.92,,
   190.023716152,4079395012,,OFFCORE_REQUESTS_OUTSTANDING.CYCLES_WITH_DEMAND_RFO,500022302,4.92,,
   190.023716152,22372369635,,cpu-cycles,500022302,4.92,,
   190.023716152,22372367479,,ref-cycles,500022302,4.92,,
   190.023716152,41999462298,,instructions,500022302,4.92,1.88,insn per cycle
   190.023716152,12814,,ITLB_MISSES.WALK_COMPLETED,500022767,4.92,,
   190.023716152,739303,,ITLB_MISSES.WALK_ACTIVE,500022767,4.92,,
   190.023716152,3437,,DTLB_LOAD_MISSES.WALK_COMPLETED,500022767,4.92,,
   190.023716152,878755,,DTLB_LOAD_MISSES.WALK_ACTIVE,500022767,4.92,,
   190.023716152,22372321601,,cpu-cycles,500022767,4.92,,
   190.023716152,22372325141,,ref-cycles,500022767,4.92,,
   190.023716152,41995116272,,instructions,500022767,4.92,1.88,insn per cycle
   190.023716152,1708,,DTLB_STORE_MISSES.WALK_COMPLETED,500022374,4.92,,
   190.023716152,177996,,DTLB_STORE_MISSES.WALK_ACTIVE,500022374,4.92,,
   190.023716152,1474874512,,IDQ_UOPS_NOT_DELIVERED.CYCLES_0_UOPS_DELIV.CORE,500022374,4.92,,
   190.023716152,3686288,,BACLEARS.ANY,500022374,4.92,,
   190.023716152,22372358971,,cpu-cycles,500022374,4.92,,
   190.023716152,22372357120,,ref-cycles,500022374,4.92,,
   190.023716152,42013520938,,instructions,500022374,4.92,1.88,insn per cycle
   190.023716152,2594747,,MEM_INST_RETIRED.LOCK_LOADS,289965202,2.85,,
   190.023716152,401410120,,L2_RQSTS.ALL_RFO,289965202,2.85,,
   190.023716152,6573708284,,MEM_INST_RETIRED.ALL_STORES,289965202,2.85,,
   190.023716152,143529849,,L2_RQSTS.RFO_HIT,289965202,2.85,,
   190.023716152,22370767979,,cpu-cycles,289965202,2.85,,
   190.023716152,22370774784,,ref-cycles,289965202,2.85,,
   190.023716152,42015010983,,instructions,289965202,2.85,1.88,insn per cycle
   190.023716152,18102,,OFFCORE_REQUESTS_OUTSTANDING.L3_MISS_DEMAND_DATA_RD_GE_6,250011645,2.46,,
   190.023716152,65336444,,OFFCORE_REQUESTS_OUTSTANDING.CYCLES_WITH_L3_MISS_DEMAND_DATA_RD,250011645,2.46,,
   190.023716152,22372262754,,cpu-cycles,250011645,2.46,,
   190.023716152,22372263039,,ref-cycles,250011645,2.46,,
   190.023716152,42010968883,,instructions,250011645,2.46,1.88,insn per cycle
   190.023716152,18095601797,,UOPS_EXECUTED.CORE_CYCLES_GE_1,250011186,2.46,,
   190.023716152,15235072299,,UOPS_EXECUTED.CORE_CYCLES_GE_2,250011186,2.46,,
   190.023716152,11193077343,,UOPS_EXECUTED.CORE_CYCLES_GE_3,250011186,2.46,,
   190.023716152,2851006178,,UOPS_RETIRED.MACRO_FUSED,250011186,2.46,,
   190.023716152,22372570408,,cpu-cycles,250011186,2.46,,
   190.023716152,22372573052,,ref-cycles,250011186,2.46,,
   190.023716152,42018041074,,instructions,250011186,2.46,1.88,insn per cycle
   190.023716152,2824595,,FP_ARITH_INST_RETIRED.SCALAR_SINGLE:u0x03,250011751,2.46,,
   190.023716152,1324753,,FP_ARITH_INST_RETIRED.128B_PACKED_DOUBLE:u0xfc,250011751,2.46,,
   190.023716152,73023327,,ICACHE_16B.IFDATA_STALL,250011751,2.46,,
   190.023716152,10479813,,ICACHE_16B.IFDATA_STALL:c1:e1,250011751,2.46,,
   190.023716152,22372337366,,cpu-cycles,250011751,2.46,,
   190.023716152,22372336797,,ref-cycles,250011751,2.46,,
   190.023716152,42005707781,,instructions,250011751,2.46,1.88,insn per cycle
   190.023716152,102906668,,L2_RQSTS.ALL_CODE_RD,250010556,2.46,,
   190.023716152,0,,ITLB_MISSES.WALK_COMPLETED_2M_4M,250010556,2.46,,
   190.023716152,472333274,,L2_LINES_IN.ALL,250010556,2.46,,
   190.023716152,64988628,,MEM_LOAD_RETIRED.L2_MISS,250010556,2.46,,
   190.023716152,22372324738,,cpu-cycles,250010556,2.46,,
   190.023716152,22372329051,,ref-cycles,250010556,2.46,,
   190.023716152,42014505943,,instructions,250010556,2.46,1.88,insn per cycle
   190.023716152,2783431,,L2_RQSTS.CODE_RD_MISS,250011336,2.46,,
   190.023716152,0,,DTLB_LOAD_MISSES.WALK_COMPLETED_2M_4M,250011336,2.46,,
   190.023716152,2847,,DTLB_LOAD_MISSES.WALK_COMPLETED_4K,250011336,2.46,,
   190.023716152,0,,DTLB_LOAD_MISSES.WALK_COMPLETED_1G,250011336,2.46,,
   190.023716152,22372215310,,cpu-cycles,250011336,2.46,,
   190.023716152,22372213682,,ref-cycles,250011336,2.46,,
   190.023716152,42006790233,,instructions,250011336,2.46,1.88,insn per cycle
   190.023716152,521421131,,MEM_LOAD_RETIRED.FB_HIT,250011514,2.46,,
   190.023716152,0,,CYCLE_ACTIVITY.CYCLES_MEM_ANY,250011514,2.46,,
   190.023716152,3779517950,,CYCLE_ACTIVITY.CYCLES_L1D_MISS,250011514,2.46,,
   190.023716152,22372363809,,cpu-cycles,250011514,2.46,,
   190.023716152,22372364012,,ref-cycles,250011514,2.46,,
   190.023716152,41998233529,,instructions,250011514,2.46,1.88,insn per cycle
   190.023716152,4821175615,,IDQ.MS_UOPS,249996126,2.46,,
   190.023716152,2074051,,ICACHE_64B.IFTAG_STALL,249996126,2.46,,
   190.023716152,183634424,,DTLB_LOAD_MISSES.STLB_HIT:c1,249996126,2.46,,
   190.023716152,22371022211,,cpu-cycles,249996126,2.46,,
   190.023716152,22371023228,,ref-cycles,249996126,2.46,,
   190.023716152,41998399366,,instructions,249996126,2.46,1.88,insn per cycle
   190.023716152,72421172,,ICACHE_16B.IFDATA_STALL,461138793,4.53,,
   190.023716152,10561654,,ICACHE_16B.IFDATA_STALL:c1:e1,461138793,4.53,,
   190.023716152,282753773,,ARITH.DIVIDER_ACTIVE,461138793,4.53,,
   190.023716152,4285654298,,UOPS_EXECUTED.CORE_CYCLES_NONE,461138793,4.53,,
   190.023716152,22373630685,,cpu-cycles,461138793,4.53,,
   190.023716152,22373623142,,ref-cycles,461138793,4.53,,
   190.023716152,41995036672,,instructions,461138793,4.53,1.88,insn per cycle
   190.023716152,254226914,,CPU_CLK_THREAD_UNHALTED.ONE_THREAD_ACTIVE,500022323,4.92,,
   190.023716152,254226914,,CPU_CLK_THREAD_UNHALTED.REF_XCLK_ANY,500022323,4.92,,
   190.023716152,13159717,,cpu-cycles:k,500022323,4.92,,
   190.023716152,13136325,,ref-cycles:k,500022323,4.92,,
   190.023716152,8830476,,instructions:k,500022323,4.92,0.20,insn per cycle
   190.023716152,26972587567,,IDQ.DSB_UOPS,500022296,4.92,,
   190.023716152,19937328259,,IDQ.MITE_UOPS,500022296,4.92,,
   190.023716152,0,,LSD.UOPS,500022296,4.92,,
   190.023716152,22372695125,,cpu-cycles,500022296,4.92,,
   190.023716152,22372695532,,ref-cycles,500022296,4.92,,
   190.023716152,42018779473,,instructions,500022296,4.92,1.88,insn per cycle
   190.023716152,7300010603,,IDQ.ALL_MITE_CYCLES_ANY_UOPS,500022550,4.92,,
   190.023716152,3198523950,,IDQ.ALL_MITE_CYCLES_4_UOPS,500022550,4.92,,
   190.023716152,22372596409,,cpu-cycles,500022550,4.92,,
   190.023716152,22372598891,,ref-cycles,500022550,4.92,,
   190.023716152,42038975088,,instructions,500022550,4.92,1.88,insn per cycle
   190.023716152,6570732297,,IDQ.ALL_DSB_CYCLES_ANY_UOPS,500022799,4.92,,
   190.023716152,5277484665,,IDQ.ALL_DSB_CYCLES_4_UOPS,500022799,4.92,,
   190.023716152,22372693575,,cpu-cycles,500022799,4.92,,
   190.023716152,22372693209,,ref-cycles,500022799,4.92,,
   190.023716152,42014719155,,instructions,500022799,4.92,1.88,insn per cycle
   190.023716152,47819,,MEM_LOAD_L3_HIT_RETIRED.XSNP_HIT,500022816,4.92,,
   190.023716152,3514694,,MEM_LOAD_L3_HIT_RETIRED.XSNP_HITM,500022816,4.92,,
   190.023716152,22372400461,,cpu-cycles,500022816,4.92,,
   190.023716152,22372402475,,ref-cycles,500022816,4.92,,
   190.023716152,42006788237,,instructions,500022816,4.92,1.88,insn per cycle
   190.023716152,28106255,,UOPS_EXECUTED.X87,562770392,5.53,,
   190.023716152,53901513179,,UOPS_EXECUTED.THREAD,562770392,5.53,,
   190.023716152,22341647001,,cpu-cycles,562770392,5.53,,
   190.023716152,22341663303,,ref-cycles,562770392,5.53,,
   190.023716152,40614815125,,instructions,562770392,5.53,1.82,insn per cycle
   190.023716152,<not supported>,,cstate_core/c6-residency/,0,100.00,,
   190.023716152,<not supported>,,cstate_pkg/c6-residency/,0,100.00,,
   195.024331770,22365507310,,CORE_POWER.LVL0_TURBO_LICENSE,500073996,4.92,,
   195.024331770,0,,CORE_POWER.LVL1_TURBO_LICENSE,500073996,4.92,,
   195.024331770,0,,CORE_POWER.LVL2_TURBO_LICENSE,500073996,4.92,,
   195.024331770,1142610814,,L1D.REPLACEMENT,500073996,4.92,,
   195.024331770,22365507310,,cpu-cycles,500073996,4.92,,
   195.024331770,22365508408,,ref-cycles,500073996,4.92,,
   195.024331770,42006064043,,instructions,500073996,4.92,1.88,insn per cycle
   195.024331770,1858326,,MACHINE_CLEARS.COUNT,308644892,3.04,,
   195.024331770,70445145,,BR_MISP_RETIRED.ALL_BRANCHES,308644892,3.04,,
   195.024331770,381894504,,INT_MISC.CLEAR_RESTEER_CYCLES,308644892,3.04,,
   195.024331770,12930866816,,MEM_LOAD_RETIRED.L1_HIT,308644892,3.04,,
   195.024331770,22349138268,,cpu-cycles,308644892,3.04,,
   195.024331770,22349145253,,ref-cycles,308644892,3.04,,
   195.024331770,41314763431,,instructions,308644892,3.04,1.85,insn per cycle
   195.024331770,47636702941,,UOPS_ISSUED.ANY,348044525,3.42,,
   195.024331770,44472282323,,UOPS_RETIRED.RETIRE_SLOTS,348044525,3.42,,
   195.024331770,382799174,,INT_MISC.RECOVERY_CYCLES_ANY,348044525,3.42,,
   195.024331770,382799174,,INT_MISC.RECOVERY_CYCLES,348044525,3.42,,
   195.024331770,22276681346,,cpu-cycles,348044525,3.42,,
   195.024331770,22276656688,,ref-cycles,348044525,3.42,,
   195.024331770,38489138334,,instructions,348044525,3.42,1.72,insn per cycle
   195.024331770,22315216227,,CPU_CLK_UNHALTED.THREAD_ANY,300198853,2.95,,
   195.024331770,14612715144,,IDQ_UOPS_NOT_DELIVERED.CORE,300198853,2.95,,
   195.024331770,2503882597,,CYCLE_ACTIVITY.STALLS_MEM_ANY,300198853,2.95,,
   195.024331770,4711193453,,CYCLE_ACTIVITY.STALLS_TOTAL,300198853,2.95,,
   195.024331770,22315216227,,cpu-cycles,300198853,2.95,,
   195.024331770,22315246407,,ref-cycles,300198853,2.95,,
   195.024331770,39890986860,,instructions,300198853,2.95,1.78,insn per cycle
   195.024331770,2839002765,,EXE_ACTIVITY.1_PORTS_UTIL,250737219,2.47,,
   195.024331770,4022493265,,EXE_ACTIVITY.2_PORTS_UTIL,250737219,2.47,,
   195.024331770,979189177,,EXE_ACTIVITY.BOUND_ON_STORES,250737219,2.47,,
   195.024331770,166043547,,EXE_ACTIVITY.EXE_BOUND_0_PORTS,250737219,2.47,,
   195.024331770,22365764529,,cpu-cycles,250737219,2.47,,
   195.024331770,22365761852,,ref-cycles,250737219,2.47,,
   195.024331770,41922226966,,instructions,250737219,2.47,1.87,insn per cycle
   195.024331770,326959706,,MEM_LOAD_RETIRED.L2_HIT,250011410,2.46,,
   195.024331770,518752075,,MEM_LOAD_RETIRED.FB_HIT,250011410,2.46,,
   195.024331770,391807513,,MEM_LOAD_RETIRED.L1_MISS,250011410,2.46,,
   195.024331770,273487720,,L1D_PEND_MISS.FB_FULL:c1,250011410,2.46,,
   195.024331770,22367312187,,cpu-cycles,250011410,2.46,,
   195.024331770,22367314464,,ref-cycles,250011410,2.46,,
   195.024331770,41962679938,,instructions,250011410,2.46,1.88,insn per cycle
   195.024331770,808353904,,CYCLE_ACTIVITY.STALLS_L1D_MISS,250011394,2.46,,
   195.024331770,447986196,,CYCLE_ACTIVITY.STALLS_L2_MISS,250011394,2.46,,
   195.024331770,41930958,,CYCLE_ACTIVITY.STALLS_L3_MISS,250011394,2.46,,
   195.024331770,4082253841,,OFFCORE_REQUESTS_OUTSTANDING.CYCLES_WITH_DEMAND_RFO,250011394,2.46,,
   195.024331770,22367299000,,cpu-cycles,250011394,2.46,,
   195.024331770,22367301034,,ref-cycles,250011394,2.46,,
   195.024331770,41982007820,,instructions,250011394,2.46,1.88,insn per cycle
   195.024331770,12892,,ITLB_MISSES.WALK_COMPLETED,250011358,2.46,,
   195.024331770,708902,,ITLB_MISSES.WALK_ACTIVE,250011358,2.46,,
   195.024331770,4433,,DTLB_LOAD_MISSES.WALK_COMPLETED,250011358,2.46,,
   195.024331770,987338,,DTLB_LOAD_MISSES.WALK_ACTIVE,250011358,2.46,,
   195.024331770,22367289095,,cpu-cycles,250011358,2.46,,
   195.024331770,22367287875,,ref-cycles,250011358,2.46,,
   195.024331770,41999973692,,instructions,250011358,2.46,1.88,insn per cycle
   195.024331770,2480,,DTLB_STORE_MISSES.WALK_COMPLETED,250011138,2.46,,
   195.024331770,230850,,DTLB_STORE_MISSES.WALK_ACTIVE,250011138,2.46,,
   195.024331770,1473062649,,IDQ_UOPS_NOT_DELIVERED.CYCLES_0_UOPS_DELIV.CORE,250011138,2.46,,
   195.024331770,3695689,,BACLEARS.ANY,250011138,2.46,,
   195.024331770,22367284562,,cpu-cycles,250011138,2.46,,
   195.024331770,22367283504,,ref-cycles,250011138,2.46,,
   195.024331770,41996848741,,instructions,250011138,2.46,1.88,insn per cycle
   195.024331770,2592905,,MEM_INST_RETIRED.LOCK_LOADS,460068535,4.52,,
   195.024331770,401135389,,L2_RQSTS.ALL_RFO,460068535,4.52,,
   195.024331770,6578034577,,MEM_INST_RETIRED.ALL_STORES,460068535,4.52,,
   195.024331770,143419924,,L2_RQSTS.RFO_HIT,460068535,4.52,,
   195.024331770,22368546812,,cpu-cycles,460068535,4.52,,
   195.024331770,22368541154,,ref-cycles,460068535,4.52,,
   195.024331770,42042263196,,instructions,460068535,4.52,1.88,insn per cycle
   195.024331770,7991,,OFFCORE_REQUESTS_OUTSTANDING.L3_MISS_DEMAND_DATA_RD_GE_6,500022641,4.92,,
   195.024331770,66296315,,OFFCORE_REQUESTS_OUTSTANDING.CYCLES_WITH_L3_MISS_DEMAND_DATA_RD,500022641,4.92,,
   195.024331770,22367049359,,cpu-cycles,500022641,4.92,,
   195.024331770,22367048221,,ref-cycles,500022641,4.92,,
   195.024331770,42020847505,,instructions,500022641,4.92,1.88,insn per cycle
   195.024331770,18093744593,,UOPS_EXECUTED.CORE_CYCLES_GE_1,500022650,4.92,,
   195.024331770,15232568317,,UOPS_EXECUTED.CORE_CYCLES_GE_2,500022650,4.92,,
   195.024331770,11191712195,,UOPS_EXECUTED.CORE_CYCLES_GE_3,500022650,4.92,,
   195.024331770,2848313080,,UOPS_RETIRED.MACRO_FUSED,500022650,4.92,,
   195.024331770,22367658116,,cpu-cycles,500022650,4.92,,
   195.024331770,22367659621,,ref-cycles,500022650,4.92,,
   195.024331770,42010223046,,instructions,500022650,4.92,1.88,insn per cycle
   195.024331770,2824866,,FP_ARITH_INST_RETIRED.SCALAR_SINGLE:u0x03,500022702,4.92,,
   195.024331770,1324908,,FP_ARITH_INST_RETIRED.128B_PACKED_DOUBLE:u0xfc,500022702,4.92,,
   195.024331770,74004284,,ICACHE_16B.IFDATA_STALL,500022702,4.92,,
   195.024331770,10637742,,ICACHE_16B.IFDATA_STALL:c1:e1,500022702,4.92,,
   195.024331770,22367495793,,cpu-cycles,500022702,4.92,,
   195.024331770,22367493882,,ref-cycles,500022702,4.92,,
   195.024331770,42005281563,,instructions,500022702,4.92,1.88,insn per cycle
   195.024331770,102922436,,L2_RQSTS.ALL_CODE_RD,500022375,4.92,,
   195.024331770,0,,ITLB_MISSES.WALK_COMPLETED_2M_4M,500022375,4.92,,
   195.024331770,472472458,,L2_LINES_IN.ALL,500022375,4.92,,
   195.024331770,64688581,,MEM_LOAD_RETIRED.L2_MISS,500022375,4.92,,
   195.024331770,22367521192,,cpu-cycles,500022375,4.92,,
   195.024331770,22367523449,,ref-cycles,500022375,4.92,,
   195.024331770,42002578794,,instructions,500022375,4.92,1.88,insn per cycle
   195.024331770,2848800,,L2_RQSTS.CODE_RD_MISS,500022709,4.92,,
   195.024331770,0,,DTLB_LOAD_MISSES.WALK_COMPLETED_2M_4M,500022709,4.92,,
   195.024331770,3192,,DTLB_LOAD_MISSES.WALK_COMPLETED_4K,500022709,4.92,,
   195.024331770,0,,DTLB_LOAD_MISSES.WALK_COMPLETED_1G,500022709,4.92,,
   195.024331770,22367480984,,cpu-cycles,500022709,4.92,,
   195.024331770,22367481024,,ref-cycles,500022709,4.92,,
   195.024331770,42012104863,,instructions,500022709,4.92,1.88,insn per cycle
   195.024331770,518851863,,MEM_LOAD_RETIRED.FB_HIT,500022695,4.92,,
   195.024331770,0,,CYCLE_ACTIVITY.CYCLES_MEM_ANY,500022695,4.92,,
   195.024331770,3769523803,,CYCLE_ACTIVITY.CYCLES_L1D_MISS,500022695,4.92,,
   195.024331770,22367562180,,cpu-cycles,500022695,4.92,,
   195.024331770,22367560472,,ref-cycles,500022695,4.92,,
   195.024331770,42032355644,,instructions,500022695,4.92,1.88,insn per cycle
   195.024331770,4821159189,,IDQ.MS_UOPS,500022597,4.92,,
   195.024331770,1971663,,ICACHE_64B.IFTAG_STALL,500022597,4.92,,
   195.024331770,183758660,,DTLB_LOAD_MISSES.STLB_HIT:c1,500022597,4.92,,
   195.024331770,22367628928,,cpu-cycles,500022597,4.92,,
   195.024331770,22367630331,,ref-cycles,500022597,4.92,,
   195.024331770,42011943879,,instructions,500022597,4.92,1.88,insn per cycle
   195.024331770,72843397,,ICACHE_16B.IFDATA_STALL,500022501,4.92,,
   195.024331770,10544543,,ICACHE_16B.IFDATA_STALL:c1:e1,500022501,4.92,,
   195.024331770,283383530,,ARITH.DIVIDER_ACTIVE,500022501,4.92,,
   195.024331770,4270114529,,UOPS_EXECUTED.CORE_CYCLES_NONE,500022501,4.92,,
   195.024331770,22367644886,,cpu-cycles,500022501,4.92,,
   195.024331770,22367647733,,ref-cycles,500022501,4.92,,
   195.024331770,42034123764,,instructions,500022501,4.92,1.88,insn per cycle
   195.024331770,254177591,,CPU_CLK_THREAD_UNHALTED.ONE_THREAD_ACTIVE,500022724,4.92,,
   195.024331770,254177591,,CPU_CLK_THREAD_UNHALTED.REF_XCLK_ANY,500022724,4.92,,
   195.024331770,13282488,,cpu-cycles:k,500022724,4.92,,
   195.024331770,13265833,,ref-cycles:k,500022724,4.92,,
   195.024331770,8846573,,instructions:k,500022724,4.92,0.21,insn per cycle
   195.024331770,26895869213,,IDQ.DSB_UOPS,500022318,4.92,,
   195.024331770,19991021240,,IDQ.MITE_UOPS,500022318,4.92,,
   195.024331770,0,,LSD.UOPS,500022318,4.92,,
   195.024331770,22367688818,,cpu-cycles,500022318,4.92,,
   195.024331770,22367687293,,ref-cycles,500022318,4.92,,
   195.024331770,41986767578,,instructions,500022318,4.92,1.88,insn per cycle
   195.024331770,7345703556,,IDQ.ALL_MITE_CYCLES_ANY_UOPS,500022718,4.92,,
   195.024331770,3221929368,,IDQ.ALL_MITE_CYCLES_4_UOPS,500022718,4.92,,
   195.024331770,22367692718,,cpu-cycles,500022718,4.92,,
   195.024331770,22367692047,,ref-cycles,500022718,4.92,,
   195.024331770,41990769575,,instructions,500022718,4.92,1.88,insn per cycle
   195.024331770,6572850381,,IDQ.ALL_DSB_CYCLES_ANY_UOPS,500022614,4.92,,
   195.024331770,5279421424,,IDQ.ALL_DSB_CYCLES_4_UOPS,500022614,4.92,,
   195.024331770,22367770041,,cpu-cycles,500022614,4.92,,
   195.024331770,22367768964,,ref-cycles,500022614,4.92,,
   195.024331770,42007319360,,instructions,500022614,4.92,1.88,insn per cycle
   195.024331770,50086,,MEM_LOAD_L3_HIT_RETIRED.XSNP_HIT,500022551,4.92,,
   195.024331770,3516094,,MEM_LOAD_L3_HIT_RETIRED.XSNP_HITM,500022551,4.92,,
   195.024331770,22367750610,,cpu-cycles,500022551,4.92,,
   195.024331770,22367750224,,ref-cycles,500022551,4.92,,
   195.024331770,42021574213,,instructions,500022551,4.92,1.88,insn per cycle
   195.024331770,31704595,,UOPS_EXECUTED.X87,500022462,4.92,,
   195.024331770,55713643891,,UOPS_EXECUTED.THREAD,500022462,4.92,,
   195.024331770,22367728252,,cpu-cycles,500022462,4.92,,
   195.024331770,22367728496,,ref-cycles,500022462,4.92,,
   195.024331770,42023660813,,instructions,500022462,4.92,1.88,insn per cycle
   195.024331770,<not supported>,,cstate_core/c6-residency/,0,100.00,,
   195.024331770,<not supported>,,cstate_pkg/c6-residency/,0,100.00,,
   200.024940323,22365327722,,CORE_POWER.LVL0_TURBO_LICENSE,250011553,2.46,,
   200.024940323,0,,CORE_POWER.LVL1_TURBO_LICENSE,250011553,2.46,,
   200.024940323,0,,CORE_POWER.LVL2_TURBO_LICENSE,250011553,2.46,,
   200.024940323,1144798390,,L1D.REPLACEMENT,250011553,2.46,,
   200.024940323,22365327722,,cpu-cycles,250011553,2.46,,
   200.024940323,22365329552,,ref-cycles,250011553,2.46,,
   200.024940323,42003034441,,instructions,250011553,2.46,1.88,insn per cycle
   200.024940323,1879034,,MACHINE_CLEARS.COUNT,458996989,4.51,,
   200.024940323,73484492,,BR_MISP_RETIRED.ALL_BRANCHES,458996989,4.51,,
   200.024940323,395351709,,INT_MISC.CLEAR_RESTEER_CYCLES,458996989,4.51,,
   200.024940323,13174593304,,MEM_LOAD_RETIRED.L1_HIT,458996989,4.51,,
   200.024940323,22366305710,,cpu-cycles,458996989,4.51,,
   200.024940323,22366310118,,ref-cycles,458996989,4.51,,
   200.024940323,41991074047,,instructions,458996989,4.51,1.88,insn per cycle
   200.024940323,51202114232,,UOPS_ISSUED.ANY,500022678,4.92,,
   200.024940323,47025817831,,UOPS_RETIRED.RETIRE_SLOTS,500022678,4.92,,
   200.024940323,434299157,,INT_MISC.RECOVERY_CYCLES_ANY,500022678,4.92,,
   200.024940323,434299157,,INT_MISC.RECOVERY_CYCLES,500022678,4.92,,
   200.024940323,22364903376,,cpu-cycles,500022678,4.92,,
   200.024940323,22364901627,,ref-cycles,500022678,4.92,,
   200.024940323,42012252053,,instructions,500022678,4.92,1.88,insn per cycle
   200.024940323,22365237318,,CPU_CLK_UNHALTED.THREAD_ANY,500022058,4.92,,
   200.024940323,13893284590,,IDQ_UOPS_NOT_DELIVERED.CORE,500022058,4.92,,
   200.024940323,2555461263,,CYCLE_ACTIVITY.STALLS_MEM_ANY,500022058,4.92,,
   200.024940323,4264987412,,CYCLE_ACTIVITY.STALLS_TOTAL,500022058,4.92,,
   200.024940323,22365237318,,cpu-cycles,500022058,4.92,,
   200.024940323,22365236057,,ref-cycles,500022058,4.92,,
   200.024940323,42023596113,,instructions,500022058,4.92,1.88,insn per cycle
   200.024940323,2844413723,,EXE_ACTIVITY.1_PORTS_UTIL,506861803,4.99,,
   200.024940323,4020791042,,EXE_ACTIVITY.2_PORTS_UTIL,506861803,4.99,,
   200.024940323,966584551,,EXE_ACTIVITY.BOUND_ON_STORES,506861803,4.99,,
   200.024940323,177907877,,EXE_ACTIVITY.EXE_BOUND_0_PORTS,506861803,4.99,,
   200.024940323,22360318265,,cpu-cycles,506861803,4.99,,
   200.024940323,22360311023,,ref-cycles,506861803,4.99,,
   200.024940323,41877391178,,instructions,506861803,4.99,1.87,insn per cycle
   200.024940323,316883259,,MEM_LOAD_RETIRED.L2_HIT,516052137,5.08,,
   200.024940323,504758012,,MEM_LOAD_RETIRED.FB_HIT,516052137,5.08,,
   200.024940323,379175002,,MEM_LOAD_RETIRED.L1_MISS,516052137,5.08,,
   200.024940323,268799425,,L1D_PEND_MISS.FB_FULL:c1,516052137,5.08,,
   200.024940323,22354643176,,cpu-cycles,516052137,5.08,,
   200.024940323,22354637226,,ref-cycles,516052137,5.08,,
   200.024940323,41633648133,,instructions,516052137,5.08,1.86,insn per cycle
   200.024940323,790565240,,CYCLE_ACTIVITY.STALLS_L1D_MISS,508486522,5.00,,
   200.024940323,434937123,,CYCLE_ACTIVITY.STALLS_L2_MISS,508486522,5.00,,
   200.024940323,39536361,,CYCLE_ACTIVITY.STALLS_L3_MISS,508486522,5.00,,
   200.024940323,4004788413,,OFFCORE_REQUESTS_OUTSTANDING.CYCLES_WITH_DEMAND_RFO,508486522,5.00,,
   200.024940323,22359412850,,cpu-cycles,508486522,5.00,,
   200.024940323,22359411870,,ref-cycles,508486522,5.00,,
   200.024940323,41814604931,,instructions,508486522,5.00,1.87,insn per cycle
   200.024940323,375713,,ITLB_MISSES.WALK_COMPLETED,507642114,4.99,,
   200.024940323,7842540,,ITLB_MISSES.WALK_ACTIVE,507642114,4.99,,
   200.024940323,3424,,DTLB_LOAD_MISSES.WALK_COMPLETED,507642114,4.99,,
   200.024940323,855054,,DTLB_LOAD_MISSES.WALK_ACTIVE,507642114,4.99,,
   200.024940323,22360117848,,cpu-cycles,507642114,4.99,,
   200.024940323,22360120112,,ref-cycles,507642114,4.99,,
   200.024940323,41824568989,,instructions,507642114,4.99,1.87,insn per cycle
   200.024940323,1613,,DTLB_STORE_MISSES.WALK_COMPLETED,510422182,5.02,,
   200.024940323,191006,,DTLB_STORE_MISSES.WALK_ACTIVE,510422182,5.02,,
   200.024940323,1487888300,,IDQ_UOPS_NOT_DELIVERED.CYCLES_0_UOPS_DELIV.CORE,510422182,5.02,,
   200.024940323,4347003,,BACLEARS.ANY,510422182,5.02,,
   200.024940323,22358598158,,cpu-cycles,510422182,5.02,,
   200.024940323,22358590907,,ref-cycles,510422182,5.02,,
   200.024940323,41747687742,,instructions,510422182,5.02,1.87,insn per cycle
   200.024940323,9315905,,MEM_INST_RETIRED.LOCK_LOADS,532149905,5.23,,
   200.024940323,377222182,,L2_RQSTS.ALL_RFO,532149905,5.23,,
   200.024940323,6435161200,,MEM_INST_RETIRED.ALL_STORES,532149905,5.23,,
   200.024940323,135083337,,L2_RQSTS.RFO_HIT,532149905,5.23,,
   200.024940323,22345706561,,cpu-cycles,532149905,5.23,,
   200.024940323,22345708777,,ref-cycles,532149905,5.23,,
   200.024940323,41264490168,,instructions,532149905,5.23,1.84,insn per cycle
   200.024940323,12155,,OFFCORE_REQUESTS_OUTSTANDING.L3_MISS_DEMAND_DATA_RD_GE_6,508537576,5.00,,
   200.024940323,62044279,,OFFCORE_REQUESTS_OUTSTANDING.CYCLES_WITH_L3_MISS_DEMAND_DATA_RD,508537576,5.00,,
   200.024940323,22360392384,,cpu-cycles,508537576,5.00,,
   200.024940323,22360395643,,ref-cycles,508537576,5.00,,
   200.024940323,41841350578,,instructions,508537576,5.00,1.87,insn per cycle
   200.024940323,17707929140,,UOPS_EXECUTED.CORE_CYCLES_GE_1,575677964,5.66,,
   200.024940323,14696183031,,UOPS_EXECUTED.CORE_CYCLES_GE_2,575677964,5.66,,
   200.024940323,10681996051,,UOPS_EXECUTED.CORE_CYCLES_GE_3,575677964,5.66,,
   200.024940323,2882084364,,UOPS_RETIRED.MACRO_FUSED,575677964,5.66,,
   200.024940323,22325021422,,cpu-cycles,575677964,5.66,,
   200.024940323,22325031525,,ref-cycles,575677964,5.66,,
   200.024940323,40362630045,,instructions,575677964,5.66,1.80,insn per cycle
   200.024940323,3013554,,FP_ARITH_INST_RETIRED.SCALAR_SINGLE:u0x03,500022104,4.92,,
   200.024940323,1419108,,FP_ARITH_INST_RETIRED.128B_PACKED_DOUBLE:u0xfc,500022104,4.92,,
   200.024940323,73240274,,ICACHE_16B.IFDATA_STALL,500022104,4.92,,
   200.024940323,10660525,,ICACHE_16B.IFDATA_STALL:c1:e1,500022104,4.92,,
   200.024940323,22365348080,,cpu-cycles,500022104,4.92,,
   200.024940323,22365347308,,ref-cycles,500022104,4.92,,
   200.024940323,42030564114,,instructions,500022104,4.92,1.88,insn per cycle
   200.024940323,103688581,,L2_RQSTS.ALL_CODE_RD,500023019,4.92,,
   200.024940323,0,,ITLB_MISSES.WALK_COMPLETED_2M_4M,500023019,4.92,,
   200.024940323,472495801,,L2_LINES_IN.ALL,500023019,4.92,,
   200.024940323,64944003,,MEM_LOAD_RETIRED.L2_MISS,500023019,4.92,,
   200.024940323,22365273093,,cpu-cycles,500023019,4.92,,
   200.024940323,22365272951,,ref-cycles,500023019,4.92,,
   200.024940323,42001268051,,instructions,500023019,4.92,1.88,insn per cycle
   200.024940323,2831464,,L2_RQSTS.CODE_RD_MISS,500022536,4.92,,
   200.024940323,0,,DTLB_LOAD_MISSES.WALK_COMPLETED_2M_4M,500022536,4.92,,
   200.024940323,2806,,DTLB_LOAD_MISSES.WALK_COMPLETED_4K,500022536,4.92,,
   200.024940323,0,,DTLB_LOAD_MISSES.WALK_COMPLETED_1G,500022536,4.92,,
   200.024940323,22365275991,,cpu-cycles,500022536,4.92,,
   200.024940323,22365277618,,ref-cycles,500022536,4.92,,
   200.024940323,42015293460,,instructions,500022536,4.92,1.88,insn per cycle
   200.024940323,517829098,,MEM_LOAD_RETIRED.FB_HIT,500022666,4.92,,
   200.024940323,0,,CYCLE_ACTIVITY.CYCLES_MEM_ANY,500022666,4.92,,
   200.024940323,3763232904,,CYCLE_ACTIVITY.CYCLES_L1D_MISS,500022666,4.92,,
   200.024940323,22365401057,,cpu-cycles,500022666,4.92,,
   200.024940323,22365402582,,ref-cycles,500022666,4.92,,
   200.024940323,42033971593,,instructions,500022666,4.92,1.88,insn per cycle
   200.024940323,4822194229,,IDQ.MS_UOPS,500009456,4.92,,
   200.024940323,1946004,,ICACHE_64B.IFTAG_STALL,500009456,4.92,,
   200.024940323,183913661,,DTLB_LOAD_MISSES.STLB_HIT:c1,500009456,4.92,,
   200.024940323,22364747834,,cpu-cycles,500009456,4.92,,
   200.024940323,22364746349,,ref-cycles,500009456,4.92,,
   200.024940323,42004845966,,instructions,500009456,4.92,1.88,insn per cycle
   200.024940323,72860401,,ICACHE_16B.IFDATA_STALL,292562067,2.88,,
   200.024940323,10528172,,ICACHE_16B.IFDATA_STALL:c1:e1,292562067,2.88,,
   200.024940323,284839054,,ARITH.DIVIDER_ACTIVE,292562067,2.88,,
   200.024940323,4266451668,,UOPS_EXECUTED.CORE_CYCLES_NONE,292562067,2.88,,
   200.024940323,22363864563,,cpu-cycles,292562067,2.88,,
   200.024940323,22363873391,,ref-cycles,292562067,2.88,,
   200.024940323,42030176151,,instructions,292562067,2.88,1.88,insn per cycle
   200.024940323,254152288,,CPU_CLK_THREAD_UNHALTED.ONE_THREAD_ACTIVE,250011293,2.46,,
   200.024940323,254152288,,CPU_CLK_THREAD_UNHALTED.REF_XCLK_ANY,250011293,2.46,,
   200.024940323,13093159,,cpu-cycles:k,250011293,2.46,,
   200.024940323,13076689,,ref-cycles:k,250011293,2.46,,
   200.024940323,8835809,,instructions:k,250011293,2.46,0.21,insn per cycle
   200.024940323,26957858257,,IDQ.DSB_UOPS,250011365,2.46,,
   200.024940323,19930856635,,IDQ.MITE_UOPS,250011365,2.46,,
   200.024940323,0,,LSD.UOPS,250011365,2.46,,
   200.024940323,22365403169,,cpu-cycles,250011365,2.46,,
   200.024940323,22365401136,,ref-cycles,250011365,2.46,,
   200.024940323,41979779242,,instructions,250011365,2.46,1.88,insn per cycle
   200.024940323,7351067361,,IDQ.ALL_MITE_CYCLES_ANY_UOPS,250011350,2.46,,
   200.024940323,3226294297,,IDQ.ALL_MITE_CYCLES_4_UOPS,250011350,2.46,,
   200.024940323,22365458388,,cpu-cycles,250011350,2.46,,
   200.024940323,22365457331,,ref-cycles,250011350,2.46,,
   200.024940323,42021276776,,instructions,250011350,2.46,1.88,insn per cycle
   200.024940323,6574819508,,IDQ.ALL_DSB_CYCLES_ANY_UOPS,250011200,2.46,,
   200.024940323,5282415034,,IDQ.ALL_DSB_CYCLES_4_UOPS,250011200,2.46,,
   200.024940323,22365587126,,cpu-cycles,250011200,2.46,,
   200.024940323,22365586679,,ref-cycles,250011200,2.46,,
   200.024940323,42065469559,,instructions,250011200,2.46,1.88,insn per cycle
   200.024940323,54250,,MEM_LOAD_L3_HIT_RETIRED.XSNP_HIT,250011385,2.46,,
   200.024940323,3500282,,MEM_LOAD_L3_HIT_RETIRED.XSNP_HITM,250011385,2.46,,
   200.024940323,22365546636,,cpu-cycles,250011385,2.46,,
   200.024940323,22365549605,,ref-cycles,250011385,2.46,,
   200.024940323,42021034585,,instructions,250011385,2.46,1.88,insn per cycle
   200.024940323,31773245,,UOPS_EXECUTED.X87,250011184,2.46,,
   200.024940323,55699706212,,UOPS_EXECUTED.THREAD,250011184,2.46,,
   200.024940323,22365474836,,cpu-cycles,250011184,2.46,,
   200.024940323,22365473006,,ref-cycles,250011184,2.46,,
   200.024940323,41999258076,,instructions,250011184,2.46,1.88,insn per cycle
   200.024940323,<not supported>,,cstate_core/c6-residency/,0,100.00,,
   200.024940323,<not supported>,,cstate_pkg/c6-residency/,0,100.00,,
   205.025548748,22373775392,,CORE_POWER.LVL0_TURBO_LICENSE,500009044,4.92,,
   205.025548748,0,,CORE_POWER.LVL1_TURBO_LICENSE,500009044,4.92,,
   205.025548748,0,,CORE_POWER.LVL2_TURBO_LICENSE,500009044,4.92,,
   205.025548748,1143167477,,L1D.REPLACEMENT,500009044,4.92,,
   205.025548748,22373775392,,cpu-cycles,500009044,4.92,,
   205.025548748,22373772930,,ref-cycles,500009044,4.92,,
   205.025548748,42034126437,,instructions,500009044,4.92,1.88,insn per cycle
   205.025548748,1956361,,MACHINE_CLEARS.COUNT,500021110,4.92,,
   205.025548748,73422826,,BR_MISP_RETIRED.ALL_BRANCHES,500021110,4.92,,
   205.025548748,394921165,,INT_MISC.CLEAR_RESTEER_CYCLES,500021110,4.92,,
   205.025548748,13184816651,,MEM_LOAD_RETIRED.L1_HIT,500021110,4.92,,
   205.025548748,22374299014,,cpu-cycles,500021110,4.92,,
   205.025548748,22374294519,,ref-cycles,500021110,4.92,,
   205.025548748,42025071998,,instructions,500021110,4.92,1.88,insn per cycle
   205.025548748,51246741799,,UOPS_ISSUED.ANY,500022640,4.92,,
   205.025548748,47064463438,,UOPS_RETIRED.RETIRE_SLOTS,500022640,4.92,,
   205.025548748,434593955,,INT_MISC.RECOVERY_CYCLES_ANY,500022640,4.92,,
   205.025548748,434593955,,INT_MISC.RECOVERY_CYCLES,500022640,4.92,,
   205.025548748,22374303410,,cpu-cycles,500022640,4.92,,
   205.025548748,22374305648,,ref-cycles,500022640,4.92,,
   205.025548748,42044470326,,instructions,500022640,4.92,1.88,insn per cycle
   205.025548748,22374355301,,CPU_CLK_UNHALTED.THREAD_ANY,500021990,4.92,,
   205.025548748,14520738592,,IDQ_UOPS_NOT_DELIVERED.CORE,500021990,4.92,,
   205.025548748,2211041193,,CYCLE_ACTIVITY.STALLS_MEM_ANY,500021990,4.92,,
   205.025548748,3542956284,,CYCLE_ACTIVITY.STALLS_TOTAL,500021990,4.92,,
   205.025548748,22374355301,,cpu-cycles,500021990,4.92,,
   205.025548748,22374358027,,ref-cycles,500021990,4.92,,
   205.025548748,47897951767,,instructions,500021990,4.92,2.14,insn per cycle
   205.025548748,2823862344,,EXE_ACTIVITY.1_PORTS_UTIL,500022646,4.92,,
   205.025548748,3824777500,,EXE_ACTIVITY.2_PORTS_UTIL,500022646,4.92,,
   205.025548748,552513850,,EXE_ACTIVITY.BOUND_ON_STORES,500022646,4.92,,
   205.025548748,85326631,,EXE_ACTIVITY.EXE_BOUND_0_PORTS,500022646,4.92,,
   205.025548748,22374295900,,cpu-cycles,500022646,4.92,,
   205.025548748,22374295758,,ref-cycles,500022646,4.92,,
   205.025548748,53992033082,,instructions,500022646,4.92,2.41,insn per cycle
   205.025548748,188966931,,MEM_LOAD_RETIRED.L2_HIT,500022833,4.92,,
   205.025548748,285754008,,MEM_LOAD_RETIRED.FB_HIT,500022833,4.92,,
   205.025548748,228142671,,MEM_LOAD_RETIRED.L1_MISS,500022833,4.92,,
   205.025548748,138848162,,L1D_PEND_MISS.FB_FULL:c1,500022833,4.92,,
   205.025548748,22374578000,,cpu-cycles,500022833,4.92,,
   205.025548748,22374578753,,ref-cycles,500022833,4.92,,
   205.025548748,53991295978,,instructions,500022833,4.92,2.41,insn per cycle
   205.025548748,494478198,,CYCLE_ACTIVITY.STALLS_L1D_MISS,500022314,4.92,,
   205.025548748,256218133,,CYCLE_ACTIVITY.STALLS_L2_MISS,500022314,4.92,,
   205.025548748,22016694,,CYCLE_ACTIVITY.STALLS_L3_MISS,500022314,4.92,,
   205.025548748,2141431050,,OFFCORE_REQUESTS_OUTSTANDING.CYCLES_WITH_DEMAND_RFO,500022314,4.92,,
   205.025548748,22374351940,,cpu-cycles,500022314,4.92,,
   205.025548748,22374352550,,ref-cycles,500022314,4.92,,
   205.025548748,54005797494,,instructions,500022314,4.92,2.41,insn per cycle
   205.025548748,33848,,ITLB_MISSES.WALK_COMPLETED,500022348,4.92,,
   205.025548748,1245795,,ITLB_MISSES.WALK_ACTIVE,500022348,4.92,,
   205.025548748,1749,,DTLB_LOAD_MISSES.WALK_COMPLETED,500022348,4.92,,
   205.025548748,446117,,DTLB_LOAD_MISSES.WALK_ACTIVE,500022348,4.92,,
   205.025548748,22374666265,,cpu-cycles,500022348,4.92,,
   205.025548748,22374666936,,ref-cycles,500022348,4.92,,
   205.025548748,53986104050,,instructions,500022348,4.92,2.41,insn per cycle
   205.025548748,1017,,DTLB_STORE_MISSES.WALK_COMPLETED,500022569,4.92,,
   205.025548748,91721,,DTLB_STORE_MISSES.WALK_ACTIVE,500022569,4.92,,
   205.025548748,1125236804,,IDQ_UOPS_NOT_DELIVERED.CYCLES_0_UOPS_DELIV.CORE,500022569,4.92,,
   205.025548748,1861095,,BACLEARS.ANY,500022569,4.92,,
   205.025548748,22374544808,,cpu-cycles,500022569,4.92,,
   205.025548748,22374542061,,ref-cycles,500022569,4.92,,
   205.025548748,54016737639,,instructions,500022569,4.92,2.41,insn per cycle
   205.025548748,2212479,,MEM_INST_RETIRED.LOCK_LOADS,293632799,2.89,,
   205.025548748,344195367,,L2_RQSTS.ALL_RFO,293632799,2.89,,
   205.025548748,6799359369,,MEM_INST_RETIRED.ALL_STORES,293632799,2.89,,
   205.025548748,123264556,,L2_RQSTS.RFO_HIT,293632799,2.89,,
   205.025548748,22373281822,,cpu-cycles,293632799,2.89,,
   205.025548748,22373287987,,ref-cycles,293632799,2.89,,
   205.025548748,45593745595,,instructions,293632799,2.89,2.04,insn per cycle
   205.025548748,18022,,OFFCORE_REQUESTS_OUTSTANDING.L3_MISS_DEMAND_DATA_RD_GE_6,250011283,2.46,,
   205.025548748,62540098,,OFFCORE_REQUESTS_OUTSTANDING.CYCLES_WITH_L3_MISS_DEMAND_DATA_RD,250011283,2.46,,
   205.025548748,22374224862,,cpu-cycles,250011283,2.46,,
   205.025548748,22374222502,,ref-cycles,250011283,2.46,,
   205.025548748,42055637086,,instructions,250011283,2.46,1.88,insn per cycle
   205.025548748,17037516593,,UOPS_EXECUTED.CORE_CYCLES_GE_1,397405835,3.91,,
   205.025548748,13746145352,,UOPS_EXECUTED.CORE_CYCLES_GE_2,397405835,3.91,,
   205.025548748,9767788711,,UOPS_EXECUTED.CORE_CYCLES_GE_3,397405835,3.91,,
   205.025548748,2946120072,,UOPS_RETIRED.MACRO_FUSED,397405835,3.91,,
   205.025548748,22261501042,,cpu-cycles,397405835,3.91,,
   205.025548748,22261533470,,ref-cycles,397405835,3.91,,
   205.025548748,37412595138,,instructions,397405835,3.91,1.67,insn per cycle
   205.025548748,12496330,,FP_ARITH_INST_RETIRED.SCALAR_SINGLE:u0x03,272338133,2.68,,
   205.025548748,4383956,,FP_ARITH_INST_RETIRED.128B_PACKED_DOUBLE:u0xfc,272338133,2.68,,
   205.025548748,67970748,,ICACHE_16B.IFDATA_STALL,272338133,2.68,,
   205.025548748,9920298,,ICACHE_16B.IFDATA_STALL:c1:e1,272338133,2.68,,
   205.025548748,22349721827,,cpu-cycles,272338133,2.68,,
   205.025548748,22349720445,,ref-cycles,272338133,2.68,,
   205.025548748,40976911009,,instructions,272338133,2.68,1.83,insn per cycle
   205.025548748,103142224,,L2_RQSTS.ALL_CODE_RD,250011463,2.46,,
   205.025548748,0,,ITLB_MISSES.WALK_COMPLETED_2M_4M,250011463,2.46,,
   205.025548748,472443497,,L2_LINES_IN.ALL,250011463,2.46,,
   205.025548748,64743423,,MEM_LOAD_RETIRED.L2_MISS,250011463,2.46,,
   205.025548748,22374277576,,cpu-cycles,250011463,2.46,,
   205.025548748,22374278146,,ref-cycles,250011463,2.46,,
   205.025548748,42027299591,,instructions,250011463,2.46,1.88,insn per cycle
   205.025548748,2820727,,L2_RQSTS.CODE_RD_MISS,250011178,2.46,,
   205.025548748,0,,DTLB_LOAD_MISSES.WALK_COMPLETED_2M_4M,250011178,2.46,,
   205.025548748,2847,,DTLB_LOAD_MISSES.WALK_COMPLETED_4K,250011178,2.46,,
   205.025548748,0,,DTLB_LOAD_MISSES.WALK_COMPLETED_1G,250011178,2.46,,
   205.025548748,22374012147,,cpu-cycles,250011178,2.46,,
   205.025548748,22374010113,,ref-cycles,250011178,2.46,,
   205.025548748,42051931018,,instructions,250011178,2.46,1.88,insn per cycle
   205.025548748,516410713,,MEM_LOAD_RETIRED.FB_HIT,250011371,2.46,,
   205.025548748,0,,CYCLE_ACTIVITY.CYCLES_MEM_ANY,250011371,2.46,,
   205.025548748,3775763485,,CYCLE_ACTIVITY.CYCLES_L1D_MISS,250011371,2.46,,
   205.025548748,22374219209,,cpu-cycles,250011371,2.46,,
   205.025548748,22374220389,,ref-cycles,250011371,2.46,,
   205.025548748,42029375682,,instructions,250011371,2.46,1.88,insn per cycle
   205.025548748,4831443985,,IDQ.MS_UOPS,250011302,2.46,,
   205.025548748,1966571,,ICACHE_64B.IFTAG_STALL,250011302,2.46,,
   205.025548748,183358157,,DTLB_LOAD_MISSES.STLB_HIT:c1,250011302,2.46,,
   205.025548748,22374407043,,cpu-cycles,250011302,2.46,,
   205.025548748,22374405701,,ref-cycles,250011302,2.46,,
   205.025548748,42047033993,,instructions,250011302,2.46,1.88,insn per cycle
   205.025548748,74001645,,ICACHE_16B.IFDATA_STALL,457471442,4.50,,
   205.025548748,10672024,,ICACHE_16B.IFDATA_STALL:c1:e1,457471442,4.50,,
   205.025548748,285959709,,ARITH.DIVIDER_ACTIVE,457471442,4.50,,
   205.025548748,4258750051,,UOPS_EXECUTED.CORE_CYCLES_NONE,457471442,4.50,,
   205.025548748,22375494728,,cpu-cycles,457471442,4.50,,
   205.025548748,22375484856,,ref-cycles,457471442,4.50,,
   205.025548748,42079340636,,instructions,457471442,4.50,1.88,insn per cycle
   205.025548748,254249947,,CPU_CLK_THREAD_UNHALTED.ONE_THREAD_ACTIVE,500022819,4.92,,
   205.025548748,254249947,,CPU_CLK_THREAD_UNHALTED.REF_XCLK_ANY,500022819,4.92,,
   205.025548748,13214017,,cpu-cycles:k,500022819,4.92,,
   205.025548748,13219753,,ref-cycles:k,500022819,4.92,,
   205.025548748,8857405,,instructions:k,500022819,4.92,0.22,insn per cycle
   205.025548748,26974961465,,IDQ.DSB_UOPS,500022428,4.92,,
   205.025548748,19951074887,,IDQ.MITE_UOPS,500022428,4.92,,
   205.025548748,0,,LSD.UOPS,500022428,4.92,,
   205.025548748,22374483715,,cpu-cycles,500022428,4.92,,
   205.025548748,22374483369,,ref-cycles,500022428,4.92,,
   205.025548748,42027151374,,instructions,500022428,4.92,1.88,insn per cycle
   205.025548748,7345277718,,IDQ.ALL_MITE_CYCLES_ANY_UOPS,500022276,4.92,,
   205.025548748,3221231384,,IDQ.ALL_MITE_CYCLES_4_UOPS,500022276,4.92,,
   205.025548748,22374515866,,cpu-cycles,500022276,4.92,,
   205.025548748,22374516151,,ref-cycles,500022276,4.92,,
   205.025548748,42012567146,,instructions,500022276,4.92,1.88,insn per cycle
   205.025548748,6574996234,,IDQ.ALL_DSB_CYCLES_ANY_UOPS,500022769,4.92,,
   205.025548748,5281107251,,IDQ.ALL_DSB_CYCLES_4_UOPS,500022769,4.92,,
   205.025548748,22374632050,,cpu-cycles,500022769,4.92,,
   205.025548748,22374632213,,ref-cycles,500022769,4.92,,
   205.025548748,42032076154,,instructions,500022769,4.92,1.88,insn per cycle
   205.025548748,50142,,MEM_LOAD_L3_HIT_RETIRED.XSNP_HIT,500023063,4.92,,
   205.025548748,3511366,,MEM_LOAD_L3_HIT_RETIRED.XSNP_HITM,500023063,4.92,,
   205.025548748,22374569889,,cpu-cycles,500023063,4.92,,
   205.025548748,22374570255,,ref-cycles,500023063,4.92,,
   205.025548748,42036520457,,instructions,500023063,4.92,1.88,insn per cycle
   205.025548748,31915605,,UOPS_EXECUTED.X87,500022646,4.92,,
   205.025548748,55757232913,,UOPS_EXECUTED.THREAD,500022646,4.92,,
   205.025548748,22374601513,,cpu-cycles,500022646,4.92,,
   205.025548748,22374601838,,ref-cycles,500022646,4.92,,
   205.025548748,42050160935,,instructions,500022646,4.92,1.88,insn per cycle
   205.025548748,<not supported>,,cstate_core/c6-residency/,0,100.00,,
   205.025548748,<not supported>,,cstate_pkg/c6-residency/,0,100.00,,
   210.026190605,22369443223,,CORE_POWER.LVL0_TURBO_LICENSE,500087420,4.92,,
   210.026190605,0,,CORE_POWER.LVL1_TURBO_LICENSE,500087420,4.92,,
   210.026190605,0,,CORE_POWER.LVL2_TURBO_LICENSE,500087420,4.92,,
   210.026190605,108242691,,L1D.REPLACEMENT,500087420,4.92,,
   210.026190605,22369443223,,cpu-cycles,500087420,4.92,,
   210.026190605,22369442776,,ref-cycles,500087420,4.92,,
   210.026190605,65896188138,,instructions,500087420,4.92,2.95,insn per cycle
   210.026190605,529082,,MACHINE_CLEARS.COUNT,294751787,2.90,,
   210.026190605,2511479,,BR_MISP_RETIRED.ALL_BRANCHES,294751787,2.90,,
   210.026190605,22400411,,INT_MISC.CLEAR_RESTEER_CYCLES,294751787,2.90,,
   210.026190605,19482450256,,MEM_LOAD_RETIRED.L1_HIT,294751787,2.90,,
   210.026190605,22369580232,,cpu-cycles,294751787,2.90,,
   210.026190605,22369584959,,ref-cycles,294751787,2.90,,
   210.026190605,65987896375,,instructions,294751787,2.90,2.95,insn per cycle
   210.026190605,65434604983,,UOPS_ISSUED.ANY,250011227,2.46,,
   210.026190605,65051007515,,UOPS_RETIRED.RETIRE_SLOTS,250011227,2.46,,
   210.026190605,18388314,,INT_MISC.RECOVERY_CYCLES_ANY,250011227,2.46,,
   210.026190605,18388314,,INT_MISC.RECOVERY_CYCLES,250011227,2.46,,
   210.026190605,22370733963,,cpu-cycles,250011227,2.46,,
   210.026190605,22370732987,,ref-cycles,250011227,2.46,,
   210.026190605,65953264342,,instructions,250011227,2.46,2.95,insn per cycle
   210.026190605,22370675454,,CPU_CLK_UNHALTED.THREAD_ANY,250011245,2.46,,
   210.026190605,16182877918,,IDQ_UOPS_NOT_DELIVERED.CORE,250011245,2.46,,
   210.026190605,1131239573,,CYCLE_ACTIVITY.STALLS_MEM_ANY,250011245,2.46,,
   210.026190605,1308126421,,CYCLE_ACTIVITY.STALLS_TOTAL,250011245,2.46,,
   210.026190605,22370675454,,cpu-cycles,250011245,2.46,,
   210.026190605,22370677936,,ref-cycles,250011245,2.46,,
   210.026190605,65943038586,,instructions,250011245,2.46,2.95,insn per cycle
   210.026190605,2842579234,,EXE_ACTIVITY.1_PORTS_UTIL,250011328,2.46,,
   210.026190605,3596770309,,EXE_ACTIVITY.2_PORTS_UTIL,250011328,2.46,,
   210.026190605,127892901,,EXE_ACTIVITY.BOUND_ON_STORES,250011328,2.46,,
   210.026190605,7156351,,EXE_ACTIVITY.EXE_BOUND_0_PORTS,250011328,2.46,,
   210.026190605,22370650295,,cpu-cycles,250011328,2.46,,
   210.026190605,22370649969,,ref-cycles,250011328,2.46,,
   210.026190605,65962191504,,instructions,250011328,2.46,2.95,insn per cycle
   210.026190605,51264213,,MEM_LOAD_RETIRED.L2_HIT,250011363,2.46,,
   210.026190605,53186189,,MEM_LOAD_RETIRED.FB_HIT,250011363,2.46,,
   210.026190605,64806351,,MEM_LOAD_RETIRED.L1_MISS,250011363,2.46,,
   210.026190605,5695354,,L1D_PEND_MISS.FB_FULL:c1,250011363,2.46,,
   210.026190605,22370628393,,cpu-cycles,250011363,2.46,,
   210.026190605,22370625790,,ref-cycles,250011363,2.46,,
   210.026190605,65967230150,,instructions,250011363,2.46,2.95,insn per cycle
   210.026190605,184656644,,CYCLE_ACTIVITY.STALLS_L1D_MISS,250011245,2.46,,
   210.026190605,66170976,,CYCLE_ACTIVITY.STALLS_L2_MISS,250011245,2.46,,
   210.026190605,2887541,,CYCLE_ACTIVITY.STALLS_L3_MISS,250011245,2.46,,
   210.026190605,207930007,,OFFCORE_REQUESTS_OUTSTANDING.CYCLES_WITH_DEMAND_RFO,250011245,2.46,,
   210.026190605,22370643359,,cpu-cycles,250011245,2.46,,
   210.026190605,22370646776,,ref-cycles,250011245,2.46,,
   210.026190605,65886532793,,instructions,250011245,2.46,2.95,insn per cycle
   210.026190605,53732,,ITLB_MISSES.WALK_COMPLETED,250011277,2.46,,
   210.026190605,1615320,,ITLB_MISSES.WALK_ACTIVE,250011277,2.46,,
   210.026190605,81,,DTLB_LOAD_MISSES.WALK_COMPLETED,250011277,2.46,,
   210.026190605,42831,,DTLB_LOAD_MISSES.WALK_ACTIVE,250011277,2.46,,
   210.026190605,22370673643,,cpu-cycles,250011277,2.46,,
   210.026190605,22370673115,,ref-cycles,250011277,2.46,,
   210.026190605,65912286748,,instructions,250011277,2.46,2.95,insn per cycle
   210.026190605,0,,DTLB_STORE_MISSES.WALK_COMPLETED,249998792,2.46,,
   210.026190605,0,,DTLB_STORE_MISSES.WALK_ACTIVE,249998792,2.46,,
   210.026190605,770609636,,IDQ_UOPS_NOT_DELIVERED.CYCLES_0_UOPS_DELIV.CORE,249998792,2.46,,
   210.026190605,57274,,BACLEARS.ANY,249998792,2.46,,
   210.026190605,22369661266,,cpu-cycles,249998792,2.46,,
   210.026190605,22369665415,,ref-cycles,249998792,2.46,,
   210.026190605,65973172103,,instructions,249998792,2.46,2.95,insn per cycle
   210.026190605,13279,,MEM_INST_RETIRED.LOCK_LOADS,456401248,4.49,,
   210.026190605,21370853,,L2_RQSTS.ALL_RFO,456401248,4.49,,
   210.026190605,8050851475,,MEM_INST_RETIRED.ALL_STORES,456401248,4.49,,
   210.026190605,11349189,,L2_RQSTS.RFO_HIT,456401248,4.49,,
   210.026190605,22371625391,,cpu-cycles,456401248,4.49,,
   210.026190605,22371624299,,ref-cycles,456401248,4.49,,
   210.026190605,65975670366,,instructions,456401248,4.49,2.95,insn per cycle
   210.026190605,0,,OFFCORE_REQUESTS_OUTSTANDING.L3_MISS_DEMAND_DATA_RD_GE_6,500022592,4.92,,
   210.026190605,5024783,,OFFCORE_REQUESTS_OUTSTANDING.CYCLES_WITH_L3_MISS_DEMAND_DATA_RD,500022592,4.92,,
   210.026190605,22370150805,,cpu-cycles,500022592,4.92,,
   210.026190605,22370150703,,ref-cycles,500022592,4.92,,
   210.026190605,65935893941,,instructions,500022592,4.92,2.95,insn per cycle
   210.026190605,21075414546,,UOPS_EXECUTED.CORE_CYCLES_GE_1,500022476,4.92,,
   210.026190605,18221588333,,UOPS_EXECUTED.CORE_CYCLES_GE_2,500022476,4.92,,
   210.026190605,14614231553,,UOPS_EXECUTED.CORE_CYCLES_GE_3,500022476,4.92,,
   210.026190605,7236605097,,UOPS_RETIRED.MACRO_FUSED,500022476,4.92,,
   210.026190605,22370983872,,cpu-cycles,500022476,4.92,,
   210.026190605,22370985601,,ref-cycles,500022476,4.92,,
   210.026190605,65919681765,,instructions,500022476,4.92,2.95,insn per cycle
   210.026190605,75881149,,FP_ARITH_INST_RETIRED.SCALAR_SINGLE:u0x03,600117173,5.90,,
   210.026190605,34238099,,FP_ARITH_INST_RETIRED.128B_PACKED_DOUBLE:u0xfc,600117173,5.90,,
   210.026190605,9166642,,ICACHE_16B.IFDATA_STALL,600117173,5.90,,
   210.026190605,1305530,,ICACHE_16B.IFDATA_STALL:c1:e1,600117173,5.90,,
   210.026190605,22318577488,,cpu-cycles,600117173,5.90,,
   210.026190605,22318586062,,ref-cycles,600117173,5.90,,
   210.026190605,59845375543,,instructions,600117173,5.90,2.68,insn per cycle
   210.026190605,18456494,,L2_RQSTS.ALL_CODE_RD,567562457,5.58,,
   210.026190605,0,,ITLB_MISSES.WALK_COMPLETED_2M_4M,567562457,5.58,,
   210.026190605,25565446,,L2_LINES_IN.ALL,567562457,5.58,,
   210.026190605,11948896,,MEM_LOAD_RETIRED.L2_MISS,567562457,5.58,,
   210.026190605,22333758936,,cpu-cycles,567562457,5.58,,
   210.026190605,22333755012,,ref-cycles,567562457,5.58,,
   210.026190605,61594129130,,instructions,567562457,5.58,2.75,insn per cycle
   210.026190605,408730,,L2_RQSTS.CODE_RD_MISS,500022563,4.92,,
   210.026190605,0,,DTLB_LOAD_MISSES.WALK_COMPLETED_2M_4M,500022563,4.92,,
   210.026190605,0,,DTLB_LOAD_MISSES.WALK_COMPLETED_4K,500022563,4.92,,
   210.026190605,0,,DTLB_LOAD_MISSES.WALK_COMPLETED_1G,500022563,4.92,,
   210.026190605,22370797077,,cpu-cycles,500022563,4.92,,
   210.026190605,22370797931,,ref-cycles,500022563,4.92,,
   210.026190605,65964091890,,instructions,500022563,4.92,2.95,insn per cycle
   210.026190605,53191704,,MEM_LOAD_RETIRED.FB_HIT,500022675,4.92,,
   210.026190605,0,,CYCLE_ACTIVITY.CYCLES_MEM_ANY,500022675,4.92,,
   210.026190605,708558847,,CYCLE_ACTIVITY.CYCLES_L1D_MISS,500022675,4.92,,
   210.026190605,22370766830,,cpu-cycles,500022675,4.92,,
   210.026190605,22370764085,,ref-cycles,500022675,4.92,,
   210.026190605,65971767870,,instructions,500022675,4.92,2.95,insn per cycle
   210.026190605,2818874641,,IDQ.MS_UOPS,500022301,4.92,,
   210.026190605,4890127,,ICACHE_64B.IFTAG_STALL,500022301,4.92,,
   210.026190605,10455249,,DTLB_LOAD_MISSES.STLB_HIT:c1,500022301,4.92,,
   210.026190605,22370956126,,cpu-cycles,500022301,4.92,,
   210.026190605,22370957041,,ref-cycles,500022301,4.92,,
   210.026190605,65961938977,,instructions,500022301,4.92,2.95,insn per cycle
   210.026190605,7998055,,ICACHE_16B.IFDATA_STALL,500022855,4.92,,
   210.026190605,1047299,,ICACHE_16B.IFDATA_STALL:c1:e1,500022855,4.92,,
   210.026190605,819291,,ARITH.DIVIDER_ACTIVE,500022855,4.92,,
   210.026190605,1314289670,,UOPS_EXECUTED.CORE_CYCLES_NONE,500022855,4.92,,
   210.026190605,22370884533,,cpu-cycles,500022855,4.92,,
   210.026190605,22370884675,,ref-cycles,500022855,4.92,,
   210.026190605,65968676079,,instructions,500022855,4.92,2.95,insn per cycle
   210.026190605,254214177,,CPU_CLK_THREAD_UNHALTED.ONE_THREAD_ACTIVE,500022457,4.92,,
   210.026190605,254214177,,CPU_CLK_THREAD_UNHALTED.REF_XCLK_ANY,500022457,4.92,,
   210.026190605,20569913,,cpu-cycles:k,500022457,4.92,,
   210.026190605,20560476,,ref-cycles:k,500022457,4.92,,
   210.026190605,15104632,,instructions:k,500022457,4.92,0.37,insn per cycle
   210.026190605,34705154162,,IDQ.DSB_UOPS,500022562,4.92,,
   210.026190605,27334033772,,IDQ.MITE_UOPS,500022562,4.92,,
   210.026190605,0,,LSD.UOPS,500022562,4.92,,
   210.026190605,22371003555,,cpu-cycles,500022562,4.92,,
   210.026190605,22371005995,,ref-cycles,500022562,4.92,,
   210.026190605,65960533450,,instructions,500022562,4.92,2.95,insn per cycle
   210.026190605,11105116986,,IDQ.ALL_MITE_CYCLES_ANY_UOPS,500022577,4.92,,
   210.026190605,4039447051,,IDQ.ALL_MITE_CYCLES_4_UOPS,500022577,4.92,,
   210.026190605,22370938480,,cpu-cycles,500022577,4.92,,
   210.026190605,22370936385,,ref-cycles,500022577,4.92,,
   210.026190605,65926517768,,instructions,500022577,4.92,2.95,insn per cycle
   210.026190605,7474480109,,IDQ.ALL_DSB_CYCLES_ANY_UOPS,500022734,4.92,,
   210.026190605,5835125341,,IDQ.ALL_DSB_CYCLES_4_UOPS,500022734,4.92,,
   210.026190605,22371072640,,cpu-cycles,500022734,4.92,,
   210.026190605,22371072091,,ref-cycles,500022734,4.92,,
   210.026190605,65927719945,,instructions,500022734,4.92,2.95,insn per cycle
   210.026190605,0,,MEM_LOAD_L3_HIT_RETIRED.XSNP_HIT,500022590,4.92,,
   210.026190605,218978,,MEM_LOAD_L3_HIT_RETIRED.XSNP_HITM,500022590,4.92,,
   210.026190605,22371026014,,cpu-cycles,500022590,4.92,,
   210.026190605,22371026177,,ref-cycles,500022590,4.92,,
   210.026190605,65942449159,,instructions,500022590,4.92,2.95,insn per cycle
   210.026190605,55563,,UOPS_EXECUTED.X87,500022595,4.92,,
   210.026190605,70097724576,,UOPS_EXECUTED.THREAD,500022595,4.92,,
   210.026190605,22371032170,,cpu-cycles,500022595,4.92,,
   210.026190605,22371031417,,ref-cycles,500022595,4.92,,
   210.026190605,65892612796,,instructions,500022595,4.92,2.95,insn per cycle
   210.026190605,<not supported>,,cstate_core/c6-residency/,0,100.00,,
   210.026190605,<not supported>,,cstate_pkg/c6-residency/,0,100.00,,
   215.026797917,22371082600,,CORE_POWER.LVL0_TURBO_LICENSE,250011211,2.46,,
   215.026797917,0,,CORE_POWER.LVL1_TURBO_LICENSE,250011211,2.46,,
   215.026797917,0,,CORE_POWER.LVL2_TURBO_LICENSE,250011211,2.46,,
   215.026797917,107864184,,L1D.REPLACEMENT,250011211,2.46,,
   215.026797917,22371082600,,cpu-cycles,250011211,2.46,,
   215.026797917,22371083902,,ref-cycles,250011211,2.46,,
   215.026797917,65965229900,,instructions,250011211,2.46,2.95,insn per cycle
   215.026797917,530296,,MACHINE_CLEARS.COUNT,455282257,4.48,,
   215.026797917,2512078,,BR_MISP_RETIRED.ALL_BRANCHES,455282257,4.48,,
   215.026797917,22446516,,INT_MISC.CLEAR_RESTEER_CYCLES,455282257,4.48,,
   215.026797917,19481135649,,MEM_LOAD_RETIRED.L1_HIT,455282257,4.48,,
   215.026797917,22371800366,,cpu-cycles,455282257,4.48,,
   215.026797917,22371797395,,ref-cycles,455282257,4.48,,
   215.026797917,65984227281,,instructions,455282257,4.48,2.95,insn per cycle
   215.026797917,65427969663,,UOPS_ISSUED.ANY,500022579,4.92,,
   215.026797917,65043443301,,UOPS_RETIRED.RETIRE_SLOTS,500022579,4.92,,
   215.026797917,18475175,,INT_MISC.RECOVERY_CYCLES_ANY,500022579,4.92,,
   215.026797917,18475175,,INT_MISC.RECOVERY_CYCLES,500022579,4.92,,
   215.026797917,22370195515,,cpu-cycles,500022579,4.92,,
   215.026797917,22370196369,,ref-cycles,500022579,4.92,,
   215.026797917,65944151031,,instructions,500022579,4.92,2.95,insn per cycle
   215.026797917,22371052258,,CPU_CLK_UNHALTED.THREAD_ANY,500022444,4.92,,
   215.026797917,16152904505,,IDQ_UOPS_NOT_DELIVERED.CORE,500022444,4.92,,
   215.026797917,1133193938,,CYCLE_ACTIVITY.STALLS_MEM_ANY,500022444,4.92,,
   215.026797917,1310371430,,CYCLE_ACTIVITY.STALLS_TOTAL,500022444,4.92,,
   215.026797917,22371052258,,cpu-cycles,500022444,4.92,,
   215.026797917,22371051750,,ref-cycles,500022444,4.92,,
   215.026797917,65957369856,,instructions,500022444,4.92,2.95,insn per cycle
   215.026797917,2826497635,,EXE_ACTIVITY.1_PORTS_UTIL,500022603,4.92,,
   215.026797917,3581339138,,EXE_ACTIVITY.2_PORTS_UTIL,500022603,4.92,,
   215.026797917,127653630,,EXE_ACTIVITY.BOUND_ON_STORES,500022603,4.92,,
   215.026797917,7137170,,EXE_ACTIVITY.EXE_BOUND_0_PORTS,500022603,4.92,,
   215.026797917,22371015825,,cpu-cycles,500022603,4.92,,
   215.026797917,22371015195,,ref-cycles,500022603,4.92,,
   215.026797917,65955056153,,instructions,500022603,4.92,2.95,insn per cycle
   215.026797917,51310669,,MEM_LOAD_RETIRED.L2_HIT,500022688,4.92,,
   215.026797917,53155131,,MEM_LOAD_RETIRED.FB_HIT,500022688,4.92,,
   215.026797917,64865464,,MEM_LOAD_RETIRED.L1_MISS,500022688,4.92,,
   215.026797917,5719623,,L1D_PEND_MISS.FB_FULL:c1,500022688,4.92,,
   215.026797917,22370992984,,cpu-cycles,500022688,4.92,,
   215.026797917,22370992943,,ref-cycles,500022688,4.92,,
   215.026797917,65927676828,,instructions,500022688,4.92,2.95,insn per cycle
   215.026797917,184930523,,CYCLE_ACTIVITY.STALLS_L1D_MISS,500022464,4.92,,
   215.026797917,67696264,,CYCLE_ACTIVITY.STALLS_L2_MISS,500022464,4.92,,
   215.026797917,3366322,,CYCLE_ACTIVITY.STALLS_L3_MISS,500022464,4.92,,
   215.026797917,208120033,,OFFCORE_REQUESTS_OUTSTANDING.CYCLES_WITH_DEMAND_RFO,500022464,4.92,,
   215.026797917,22371123945,,cpu-cycles,500022464,4.92,,
   215.026797917,22371125023,,ref-cycles,500022464,4.92,,
   215.026797917,65963502624,,instructions,500022464,4.92,2.95,insn per cycle
   215.026797917,53204,,ITLB_MISSES.WALK_COMPLETED,500022617,4.92,,
   215.026797917,1687432,,ITLB_MISSES.WALK_ACTIVE,500022617,4.92,,
   215.026797917,20,,DTLB_LOAD_MISSES.WALK_COMPLETED,500022617,4.92,,
   215.026797917,40411,,DTLB_LOAD_MISSES.WALK_ACTIVE,500022617,4.92,,
   215.026797917,22371064649,,cpu-cycles,500022617,4.92,,
   215.026797917,22371064323,,ref-cycles,500022617,4.92,,
   215.026797917,65925038465,,instructions,500022617,4.92,2.95,insn per cycle
   215.026797917,0,,DTLB_STORE_MISSES.WALK_COMPLETED,500022470,4.92,,
   215.026797917,0,,DTLB_STORE_MISSES.WALK_ACTIVE,500022470,4.92,,
   215.026797917,774933870,,IDQ_UOPS_NOT_DELIVERED.CYCLES_0_UOPS_DELIV.CORE,500022470,4.92,,
   215.026797917,53712,,BACLEARS.ANY,500022470,4.92,,
   215.026797917,22371110309,,cpu-cycles,500022470,4.92,,
   215.026797917,22371111387,,ref-cycles,500022470,4.92,,
   215.026797917,65939778748,,instructions,500022470,4.92,2.95,insn per cycle
   215.026797917,13423,,MEM_INST_RETIRED.LOCK_LOADS,500022802,4.92,,
   215.026797917,21371371,,L2_RQSTS.ALL_RFO,500022802,4.92,,
   215.026797917,8051285036,,MEM_INST_RETIRED.ALL_STORES,500022802,4.92,,
   215.026797917,11329620,,L2_RQSTS.RFO_HIT,500022802,4.92,,
   215.026797917,22371074300,,cpu-cycles,500022802,4.92,,
   215.026797917,22371075357,,ref-cycles,500022802,4.92,,
   215.026797917,65979539905,,instructions,500022802,4.92,2.95,insn per cycle
   215.026797917,0,,OFFCORE_REQUESTS_OUTSTANDING.L3_MISS_DEMAND_DATA_RD_GE_6,500022417,4.92,,
   215.026797917,5163643,,OFFCORE_REQUESTS_OUTSTANDING.CYCLES_WITH_L3_MISS_DEMAND_DATA_RD,500022417,4.92,,
   215.026797917,22371185451,,cpu-cycles,500022417,4.92,,
   215.026797917,22371185248,,ref-cycles,500022417,4.92,,
   215.026797917,65926677089,,instructions,500022417,4.92,2.95,insn per cycle
   215.026797917,21054580513,,UOPS_EXECUTED.CORE_CYCLES_GE_1,500022655,4.92,,
   215.026797917,18214650541,,UOPS_EXECUTED.CORE_CYCLES_GE_2,500022655,4.92,,
   215.026797917,14633485433,,UOPS_EXECUTED.CORE_CYCLES_GE_3,500022655,4.92,,
   215.026797917,7242901101,,UOPS_RETIRED.MACRO_FUSED,500022655,4.92,,
   215.026797917,22371273416,,cpu-cycles,500022655,4.92,,
   215.026797917,22371277301,,ref-cycles,500022655,4.92,,
   215.026797917,65966958691,,instructions,500022655,4.92,2.95,insn per cycle
   215.026797917,67346319,,FP_ARITH_INST_RETIRED.SCALAR_SINGLE:u0x03,500022500,4.92,,
   215.026797917,33551639,,FP_ARITH_INST_RETIRED.128B_PACKED_DOUBLE:u0xfc,500022500,4.92,,
   215.026797917,7893607,,ICACHE_16B.IFDATA_STALL,500022500,4.92,,
   215.026797917,1044667,,ICACHE_16B.IFDATA_STALL:c1:e1,500022500,4.92,,
   215.026797917,22371067364,,cpu-cycles,500022500,4.92,,
   215.026797917,22371068564,,ref-cycles,500022500,4.92,,
   215.026797917,65901616230,,instructions,500022500,4.92,2.95,insn per cycle
   215.026797917,18590411,,L2_RQSTS.ALL_CODE_RD,555191779,5.46,,
   215.026797917,0,,ITLB_MISSES.WALK_COMPLETED_2M_4M,555191779,5.46,,
   215.026797917,26134518,,L2_LINES_IN.ALL,555191779,5.46,,
   215.026797917,12209624,,MEM_LOAD_RETIRED.L2_MISS,555191779,5.46,,
   215.026797917,22341164038,,cpu-cycles,555191779,5.46,,
   215.026797917,22341171108,,ref-cycles,555191779,5.46,,
   215.026797917,62281645472,,instructions,555191779,5.46,2.78,insn per cycle
   215.026797917,328775,,L2_RQSTS.CODE_RD_MISS,612721157,6.03,,
   215.026797917,331,,DTLB_LOAD_MISSES.WALK_COMPLETED_2M_4M,612721157,6.03,,
   215.026797917,1775,,DTLB_LOAD_MISSES.WALK_COMPLETED_4K,612721157,6.03,,
   215.026797917,199,,DTLB_LOAD_MISSES.WALK_COMPLETED_1G,612721157,6.03,,
   215.026797917,22314194627,,cpu-cycles,612721157,6.03,,
   215.026797917,22314184536,,ref-cycles,612721157,6.03,,
   215.026797917,59244473856,,instructions,612721157,6.03,2.65,insn per cycle
   215.026797917,53185061,,MEM_LOAD_RETIRED.FB_HIT,500022471,4.92,,
   215.026797917,0,,CYCLE_ACTIVITY.CYCLES_MEM_ANY,500022471,4.92,,
   215.026797917,709399449,,CYCLE_ACTIVITY.CYCLES_L1D_MISS,500022471,4.92,,
   215.026797917,22370978209,,cpu-cycles,500022471,4.92,,
   215.026797917,22370977782,,ref-cycles,500022471,4.92,,
   215.026797917,65977884982,,instructions,500022471,4.92,2.95,insn per cycle
   215.026797917,2819197939,,IDQ.MS_UOPS,500011769,4.92,,
   215.026797917,4714477,,ICACHE_64B.IFTAG_STALL,500011769,4.92,,
   215.026797917,10440635,,DTLB_LOAD_MISSES.STLB_HIT:c1,500011769,4.92,,
   215.026797917,22370700714,,cpu-cycles,500011769,4.92,,
   215.026797917,22370698396,,ref-cycles,500011769,4.92,,
   215.026797917,65958738986,,instructions,500011769,4.92,2.95,insn per cycle
   215.026797917,8010026,,ICACHE_16B.IFDATA_STALL,296282663,2.91,,
   215.026797917,1062147,,ICACHE_16B.IFDATA_STALL:c1:e1,296282663,2.91,,
   215.026797917,820062,,ARITH.DIVIDER_ACTIVE,296282663,2.91,,
   215.026797917,1302898636,,UOPS_EXECUTED.CORE_CYCLES_NONE,296282663,2.91,,
   215.026797917,22370195297,,cpu-cycles,296282663,2.91,,
   215.026797917,22370195880,,ref-cycles,296282663,2.91,,
   215.026797917,65967846488,,instructions,296282663,2.91,2.95,insn per cycle
   215.026797917,254216635,,CPU_CLK_THREAD_UNHALTED.ONE_THREAD_ACTIVE,250011260,2.46,,
   215.026797917,254216635,,CPU_CLK_THREAD_UNHALTED.REF_XCLK_ANY,250011260,2.46,,
   215.026797917,21131745,,cpu-cycles:k,250011260,2.46,,
   215.026797917,21179987,,ref-cycles:k,250011260,2.46,,
   215.026797917,15119950,,instructions:k,250011260,2.46,0.38,insn per cycle
   215.026797917,34267671832,,IDQ.DSB_UOPS,250011265,2.46,,
   215.026797917,27644322498,,IDQ.MITE_UOPS,250011265,2.46,,
   215.026797917,0,,LSD.UOPS,250011265,2.46,,
   215.026797917,22371234371,,cpu-cycles,250011265,2.46,,
   215.026797917,22371235429,,ref-cycles,250011265,2.46,,
   215.026797917,65841904051,,instructions,250011265,2.46,2.94,insn per cycle
   215.026797917,11058311058,,IDQ.ALL_MITE_CYCLES_ANY_UOPS,250011274,2.46,,
   215.026797917,3995557142,,IDQ.ALL_MITE_CYCLES_4_UOPS,250011274,2.46,,
   215.026797917,22371228034,,cpu-cycles,250011274,2.46,,
   215.026797917,22371222299,,ref-cycles,250011274,2.46,,
   215.026797917,65949412845,,instructions,250011274,2.46,2.95,insn per cycle
   215.026797917,7448167489,,IDQ.ALL_DSB_CYCLES_ANY_UOPS,250011382,2.46,,
   215.026797917,5815096897,,IDQ.ALL_DSB_CYCLES_4_UOPS,250011382,2.46,,
   215.026797917,22371149338,,cpu-cycles,250011382,2.46,,
   215.026797917,22371150192,,ref-cycles,250011382,2.46,,
   215.026797917,65897403082,,instructions,250011382,2.46,2.95,insn per cycle
   215.026797917,0,,MEM_LOAD_L3_HIT_RETIRED.XSNP_HIT,250011255,2.46,,
   215.026797917,218879,,MEM_LOAD_L3_HIT_RETIRED.XSNP_HITM,250011255,2.46,,
   215.026797917,22371151609,,cpu-cycles,250011255,2.46,,
   215.026797917,22371151284,,ref-cycles,250011255,2.46,,
   215.026797917,65904971344,,instructions,250011255,2.46,2.95,insn per cycle
   215.026797917,55563,,UOPS_EXECUTED.X87,250011288,2.46,,
   215.026797917,70168062478,,UOPS_EXECUTED.THREAD,250011288,2.46,,
   215.026797917,22371275877,,cpu-cycles,250011288,2.46,,
   215.026797917,22371278236,,ref-cycles,250011288,2.46,,
   215.026797917,65961358486,,instructions,250011288,2.46,2.95,insn per cycle
   215.026797917,<not supported>,,cstate_core/c6-residency/,0,100.00,,
   215.026797917,<not supported>,,cstate_pkg/c6-residency/,0,100.00,,
   220.027407104,22371481293,,CORE_POWER.LVL0_TURBO_LICENSE,500086735,4.92,,
   220.027407104,0,,CORE_POWER.LVL1_TURBO_LICENSE,500086735,4.92,,
   220.027407104,0,,CORE_POWER.LVL2_TURBO_LICENSE,500086735,4.92,,
   220.027407104,108247119,,L1D.REPLACEMENT,500086735,4.92,,
   220.027407104,22371481293,,cpu-cycles,500086735,4.92,,
   220.027407104,22371482656,,ref-cycles,500086735,4.92,,
   220.027407104,65962367886,,instructions,500086735,4.92,2.95,insn per cycle
   220.027407104,529308,,MACHINE_CLEARS.COUNT,500022894,4.92,,
   220.027407104,2511381,,BR_MISP_RETIRED.ALL_BRANCHES,500022894,4.92,,
   220.027407104,22442116,,INT_MISC.CLEAR_RESTEER_CYCLES,500022894,4.92,,
   220.027407104,19458181583,,MEM_LOAD_RETIRED.L1_HIT,500022894,4.92,,
   220.027407104,22373249388,,cpu-cycles,500022894,4.92,,
   220.027407104,22373248168,,ref-cycles,500022894,4.92,,
   220.027407104,65908206084,,instructions,500022894,4.92,2.95,insn per cycle
   220.027407104,65412177054,,UOPS_ISSUED.ANY,500022438,4.92,,
   220.027407104,65028820841,,UOPS_RETIRED.RETIRE_SLOTS,500022438,4.92,,
   220.027407104,18417575,,INT_MISC.RECOVERY_CYCLES_ANY,500022438,4.92,,
   220.027407104,18417575,,INT_MISC.RECOVERY_CYCLES,500022438,4.92,,
   220.027407104,22373187002,,cpu-cycles,500022438,4.92,,
   220.027407104,22373187510,,ref-cycles,500022438,4.92,,
   220.027407104,65929977253,,instructions,500022438,4.92,2.95,insn per cycle
   220.027407104,22373213293,,CPU_CLK_UNHALTED.THREAD_ANY,500022516,4.92,,
   220.027407104,16239875610,,IDQ_UOPS_NOT_DELIVERED.CORE,500022516,4.92,,
   220.027407104,1140128636,,CYCLE_ACTIVITY.STALLS_MEM_ANY,500022516,4.92,,
   220.027407104,1317418298,,CYCLE_ACTIVITY.STALLS_TOTAL,500022516,4.92,,
   220.027407104,22373213293,,cpu-cycles,500022516,4.92,,
   220.027407104,22373213333,,ref-cycles,500022516,4.92,,
   220.027407104,65931510907,,instructions,500022516,4.92,2.95,insn per cycle
   220.027407104,2749700000,,EXE_ACTIVITY.1_PORTS_UTIL,500023121,4.92,,
   220.027407104,3723089714,,EXE_ACTIVITY.2_PORTS_UTIL,500023121,4.92,,
   220.027407104,630799354,,EXE_ACTIVITY.BOUND_ON_STORES,500023121,4.92,,
   220.027407104,57525116,,EXE_ACTIVITY.EXE_BOUND_0_PORTS,500023121,4.92,,
   220.027407104,22373170439,,cpu-cycles,500023121,4.92,,
   220.027407104,22373170561,,ref-cycles,500023121,4.92,,
   220.027407104,55150963318,,instructions,500023121,4.92,2.47,insn per cycle
   220.027407104,199679610,,MEM_LOAD_RETIRED.L2_HIT,500022795,4.92,,
   220.027407104,344171822,,MEM_LOAD_RETIRED.FB_HIT,500022795,4.92,,
   220.027407104,241281807,,MEM_LOAD_RETIRED.L1_MISS,500022795,4.92,,
   220.027407104,176663514,,L1D_PEND_MISS.FB_FULL:c1,500022795,4.92,,
   220.027407104,22372473347,,cpu-cycles,500022795,4.92,,
   220.027407104,22372472676,,ref-cycles,500022795,4.92,,
   220.027407104,54876700385,,instructions,500022795,4.92,2.45,insn per cycle
   220.027407104,510903293,,CYCLE_ACTIVITY.STALLS_L1D_MISS,500022585,4.92,,
   220.027407104,256366358,,CYCLE_ACTIVITY.STALLS_L2_MISS,500022585,4.92,,
   220.027407104,24641054,,CYCLE_ACTIVITY.STALLS_L3_MISS,500022585,4.92,,
   220.027407104,2416704795,,OFFCORE_REQUESTS_OUTSTANDING.CYCLES_WITH_DEMAND_RFO,500022585,4.92,,
   220.027407104,22372567284,,cpu-cycles,500022585,4.92,,
   220.027407104,22372566125,,ref-cycles,500022585,4.92,,
   220.027407104,54933735787,,instructions,500022585,4.92,2.46,insn per cycle
   220.027407104,32035,,ITLB_MISSES.WALK_COMPLETED,500022374,4.92,,
   220.027407104,1135238,,ITLB_MISSES.WALK_ACTIVE,500022374,4.92,,
   220.027407104,630,,DTLB_LOAD_MISSES.WALK_COMPLETED,500022374,4.92,,
   220.027407104,211495,,DTLB_LOAD_MISSES.WALK_ACTIVE,500022374,4.92,,
   220.027407104,22372432025,,cpu-cycles,500022374,4.92,,
   220.027407104,22372432066,,ref-cycles,500022374,4.92,,
   220.027407104,54919507334,,instructions,500022374,4.92,2.46,insn per cycle
   220.027407104,61,,DTLB_STORE_MISSES.WALK_COMPLETED,500008633,4.92,,
   220.027407104,19526,,DTLB_STORE_MISSES.WALK_ACTIVE,500008633,4.92,,
   220.027407104,906643356,,IDQ_UOPS_NOT_DELIVERED.CYCLES_0_UOPS_DELIV.CORE,500008633,4.92,,
   220.027407104,1063955,,BACLEARS.ANY,500008633,4.92,,
   220.027407104,22371867918,,cpu-cycles,500008633,4.92,,
   220.027407104,22371869423,,ref-cycles,500008633,4.92,,
   220.027407104,54906170956,,instructions,500008633,4.92,2.45,insn per cycle
   220.027407104,493254,,MEM_INST_RETIRED.LOCK_LOADS,297348422,2.92,,
   220.027407104,95425413,,L2_RQSTS.ALL_RFO,297348422,2.92,,
   220.027407104,7869105206,,MEM_INST_RETIRED.ALL_STORES,297348422,2.92,,
   220.027407104,39212584,,L2_RQSTS.RFO_HIT,297348422,2.92,,
   220.027407104,22371435031,,cpu-cycles,297348422,2.92,,
   220.027407104,22371450936,,ref-cycles,297348422,2.92,,
   220.027407104,62414037168,,instructions,297348422,2.92,2.79,insn per cycle
   220.027407104,0,,OFFCORE_REQUESTS_OUTSTANDING.L3_MISS_DEMAND_DATA_RD_GE_6,250011229,2.46,,
   220.027407104,4856925,,OFFCORE_REQUESTS_OUTSTANDING.CYCLES_WITH_L3_MISS_DEMAND_DATA_RD,250011229,2.46,,
   220.027407104,22373221680,,cpu-cycles,250011229,2.46,,
   220.027407104,22373218955,,ref-cycles,250011229,2.46,,
   220.027407104,65903581274,,instructions,250011229,2.46,2.95,insn per cycle
   220.027407104,21046673461,,UOPS_EXECUTED.CORE_CYCLES_GE_1,250011245,2.46,,
   220.027407104,18223793864,,UOPS_EXECUTED.CORE_CYCLES_GE_2,250011245,2.46,,
   220.027407104,14643536463,,UOPS_EXECUTED.CORE_CYCLES_GE_3,250011245,2.46,,
   220.027407104,7243389166,,UOPS_RETIRED.MACRO_FUSED,250011245,2.46,,
   220.027407104,22373309031,,cpu-cycles,250011245,2.46,,
   220.027407104,22373306224,,ref-cycles,250011245,2.46,,
   220.027407104,65972423082,,instructions,250011245,2.46,2.95,insn per cycle
   220.027407104,67357425,,FP_ARITH_INST_RETIRED.SCALAR_SINGLE:u0x03,250011298,2.46,,
   220.027407104,33557160,,FP_ARITH_INST_RETIRED.128B_PACKED_DOUBLE:u0xfc,250011298,2.46,,
   220.027407104,7926604,,ICACHE_16B.IFDATA_STALL,250011298,2.46,,
   220.027407104,1042021,,ICACHE_16B.IFDATA_STALL:c1:e1,250011298,2.46,,
   220.027407104,22373121368,,cpu-cycles,250011298,2.46,,
   220.027407104,22373122223,,ref-cycles,250011298,2.46,,
   220.027407104,65992746609,,instructions,250011298,2.46,2.95,insn per cycle
   220.027407104,18933499,,L2_RQSTS.ALL_CODE_RD,250011385,2.46,,
   220.027407104,0,,ITLB_MISSES.WALK_COMPLETED_2M_4M,250011385,2.46,,
   220.027407104,28944385,,L2_LINES_IN.ALL,250011385,2.46,,
   220.027407104,13527600,,MEM_LOAD_RETIRED.L2_MISS,250011385,2.46,,
   220.027407104,22372986476,,cpu-cycles,250011385,2.46,,
   220.027407104,22372986151,,ref-cycles,250011385,2.46,,
   220.027407104,65963281093,,instructions,250011385,2.46,2.95,insn per cycle
   220.027407104,397603,,L2_RQSTS.CODE_RD_MISS,257150486,2.53,,
   220.027407104,0,,DTLB_LOAD_MISSES.WALK_COMPLETED_2M_4M,257150486,2.53,,
   220.027407104,39,,DTLB_LOAD_MISSES.WALK_COMPLETED_4K,257150486,2.53,,
   220.027407104,0,,DTLB_LOAD_MISSES.WALK_COMPLETED_1G,257150486,2.53,,
   220.027407104,22363593753,,cpu-cycles,257150486,2.53,,
   220.027407104,22363608110,,ref-cycles,257150486,2.53,,
   220.027407104,64911246582,,instructions,257150486,2.53,2.90,insn per cycle
   220.027407104,37172513,,MEM_LOAD_RETIRED.FB_HIT,374472609,3.68,,
   220.027407104,0,,CYCLE_ACTIVITY.CYCLES_MEM_ANY,374472609,3.68,,
   220.027407104,511844759,,CYCLE_ACTIVITY.CYCLES_L1D_MISS,374472609,3.68,,
   220.027407104,22276464256,,cpu-cycles,374472609,3.68,,
   220.027407104,22276464310,,ref-cycles,374472609,3.68,,
   220.027407104,53811569950,,instructions,374472609,3.68,2.41,insn per cycle
   220.027407104,3601691886,,IDQ.MS_UOPS,287162146,2.82,,
   220.027407104,180564082,,ICACHE_64B.IFTAG_STALL,287162146,2.82,,
   220.027407104,16470441,,DTLB_LOAD_MISSES.STLB_HIT:c1,287162146,2.82,,
   220.027407104,22333325698,,cpu-cycles,287162146,2.82,,
   220.027407104,22333327150,,ref-cycles,287162146,2.82,,
   220.027407104,61265965634,,instructions,287162146,2.82,2.74,insn per cycle
   220.027407104,7824490,,ICACHE_16B.IFDATA_STALL,453751622,4.46,,
   220.027407104,1044323,,ICACHE_16B.IFDATA_STALL:c1:e1,453751622,4.46,,
   220.027407104,818074,,ARITH.DIVIDER_ACTIVE,453751622,4.46,,
   220.027407104,1307248999,,UOPS_EXECUTED.CORE_CYCLES_NONE,453751622,4.46,,
   220.027407104,22374019101,,cpu-cycles,453751622,4.46,,
   220.027407104,22374014461,,ref-cycles,453751622,4.46,,
   220.027407104,65933461315,,instructions,453751622,4.46,2.95,insn per cycle
   220.027407104,254232604,,CPU_CLK_THREAD_UNHALTED.ONE_THREAD_ACTIVE,500022461,4.92,,
   220.027407104,254232604,,CPU_CLK_THREAD_UNHALTED.REF_XCLK_ANY,500022461,4.92,,
   220.027407104,20920207,,cpu-cycles:k,500022461,4.92,,
   220.027407104,20947483,,ref-cycles:k,500022461,4.92,,
   220.027407104,15112330,,instructions:k,500022461,4.92,0.38,insn per cycle
   220.027407104,34562058678,,IDQ.DSB_UOPS,500022391,4.92,,
   220.027407104,27454356682,,IDQ.MITE_UOPS,500022391,4.92,,
   220.027407104,0,,LSD.UOPS,500022391,4.92,,
   220.027407104,22373400311,,cpu-cycles,500022391,4.92,,
   220.027407104,22373399986,,ref-cycles,500022391,4.92,,
   220.027407104,65943169405,,instructions,500022391,4.92,2.95,insn per cycle
   220.027407104,11093453737,,IDQ.ALL_MITE_CYCLES_ANY_UOPS,500022585,4.92,,
   220.027407104,4026341167,,IDQ.ALL_MITE_CYCLES_4_UOPS,500022585,4.92,,
   220.027407104,22373434196,,cpu-cycles,500022585,4.92,,
   220.027407104,22373435599,,ref-cycles,500022585,4.92,,
   220.027407104,65935737858,,instructions,500022585,4.92,2.95,insn per cycle
   220.027407104,7464790216,,IDQ.ALL_DSB_CYCLES_ANY_UOPS,500022733,4.92,,
   220.027407104,5828997876,,IDQ.ALL_DSB_CYCLES_4_UOPS,500022733,4.92,,
   220.027407104,22373382988,,cpu-cycles,500022733,4.92,,
   220.027407104,22373384290,,ref-cycles,500022733,4.92,,
   220.027407104,65939977718,,instructions,500022733,4.92,2.95,insn per cycle
   220.027407104,0,,MEM_LOAD_L3_HIT_RETIRED.XSNP_HIT,500022612,4.92,,
   220.027407104,219062,,MEM_LOAD_L3_HIT_RETIRED.XSNP_HITM,500022612,4.92,,
   220.027407104,22373412247,,cpu-cycles,500022612,4.92,,
   220.027407104,22373411921,,ref-cycles,500022612,4.92,,
   220.027407104,65961129267,,instructions,500022612,4.92,2.95,insn per cycle
   220.027407104,55569,,UOPS_EXECUTED.X87,500022465,4.92,,
   220.027407104,70156607026,,UOPS_EXECUTED.THREAD,500022465,4.92,,
   220.027407104,22373455108,,cpu-cycles,500022465,4.92,,
   220.027407104,22373456979,,ref-cycles,500022465,4.92,,
   220.027407104,65949601145,,instructions,500022465,4.92,2.95,insn per cycle
   220.027407104,<not supported>,,cstate_core/c6-residency/,0,100.00,,
   220.027407104,<not supported>,,cstate_pkg/c6-residency/,0,100.00,,
   225.028047687,22376575978,,CORE_POWER.LVL0_TURBO_LICENSE,500022570,4.92,,
   225.028047687,0,,CORE_POWER.LVL1_TURBO_LICENSE,500022570,4.92,,
   225.028047687,0,,CORE_POWER.LVL2_TURBO_LICENSE,500022570,4.92,,
   225.028047687,1361214403,,L1D.REPLACEMENT,500022570,4.92,,
   225.028047687,22376575978,,cpu-cycles,500022570,4.92,,
   225.028047687,22376577626,,ref-cycles,500022570,4.92,,
   225.028047687,43915386911,,instructions,500022570,4.92,1.96,insn per cycle
   225.028047687,1951753,,MACHINE_CLEARS.COUNT,298466389,2.93,,
   225.028047687,48867652,,BR_MISP_RETIRED.ALL_BRANCHES,298466389,2.93,,
   225.028047687,265818319,,INT_MISC.CLEAR_RESTEER_CYCLES,298466389,2.93,,
   225.028047687,13918509734,,MEM_LOAD_RETIRED.L1_HIT,298466389,2.93,,
   225.028047687,22374888568,,cpu-cycles,298466389,2.93,,
   225.028047687,22374899031,,ref-cycles,298466389,2.93,,
   225.028047687,43912262532,,instructions,298466389,2.93,1.96,insn per cycle
   225.028047687,51621269959,,UOPS_ISSUED.ANY,250011212,2.46,,
   225.028047687,48698570658,,UOPS_RETIRED.RETIRE_SLOTS,250011212,2.46,,
   225.028047687,291456177,,INT_MISC.RECOVERY_CYCLES_ANY,250011212,2.46,,
   225.028047687,291456177,,INT_MISC.RECOVERY_CYCLES,250011212,2.46,,
   225.028047687,22376433428,,cpu-cycles,250011212,2.46,,
   225.028047687,22376436439,,ref-cycles,250011212,2.46,,
   225.028047687,43917245615,,instructions,250011212,2.46,1.96,insn per cycle
   225.028047687,22376443612,,CPU_CLK_UNHALTED.THREAD_ANY,250011535,2.46,,
   225.028047687,10772005448,,IDQ_UOPS_NOT_DELIVERED.CORE,250011535,2.46,,
   225.028047687,2582086268,,CYCLE_ACTIVITY.STALLS_MEM_ANY,250011535,2.46,,
   225.028047687,4204796253,,CYCLE_ACTIVITY.STALLS_TOTAL,250011535,2.46,,
   225.028047687,22376443612,,cpu-cycles,250011535,2.46,,
   225.028047687,22376444507,,ref-cycles,250011535,2.46,,
   225.028047687,43917544968,,instructions,250011535,2.46,1.96,insn per cycle
   225.028047687,2672108583,,EXE_ACTIVITY.1_PORTS_UTIL,250010996,2.46,,
   225.028047687,3890016260,,EXE_ACTIVITY.2_PORTS_UTIL,250010996,2.46,,
   225.028047687,1133981188,,EXE_ACTIVITY.BOUND_ON_STORES,250010996,2.46,,
   225.028047687,112778036,,EXE_ACTIVITY.EXE_BOUND_0_PORTS,250010996,2.46,,
   225.028047687,22376304755,,cpu-cycles,250010996,2.46,,
   225.028047687,22376308906,,ref-cycles,250010996,2.46,,
   225.028047687,43938274993,,instructions,250010996,2.46,1.96,insn per cycle
   225.028047687,348486961,,MEM_LOAD_RETIRED.L2_HIT,250011402,2.46,,
   225.028047687,634584307,,MEM_LOAD_RETIRED.FB_HIT,250011402,2.46,,
   225.028047687,417829955,,MEM_LOAD_RETIRED.L1_MISS,250011402,2.46,,
   225.028047687,345775040,,L1D_PEND_MISS.FB_FULL:c1,250011402,2.46,,
   225.028047687,22376335909,,cpu-cycles,250011402,2.46,,
   225.028047687,22376335176,,ref-cycles,250011402,2.46,,
   225.028047687,43928161172,,instructions,250011402,2.46,1.96,insn per cycle
   225.028047687,832962968,,CYCLE_ACTIVITY.STALLS_L1D_MISS,250011321,2.46,,
   225.028047687,441861402,,CYCLE_ACTIVITY.STALLS_L2_MISS,250011321,2.46,,
   225.028047687,42187979,,CYCLE_ACTIVITY.STALLS_L3_MISS,250011321,2.46,,
   225.028047687,4614666675,,OFFCORE_REQUESTS_OUTSTANDING.CYCLES_WITH_DEMAND_RFO,250011321,2.46,,
   225.028047687,22376386035,,cpu-cycles,250011321,2.46,,
   225.028047687,22376385181,,ref-cycles,250011321,2.46,,
   225.028047687,43917358151,,instructions,250011321,2.46,1.96,insn per cycle
   225.028047687,10294,,ITLB_MISSES.WALK_COMPLETED,250011233,2.46,,
   225.028047687,714436,,ITLB_MISSES.WALK_ACTIVE,250011233,2.46,,
   225.028047687,1179,,DTLB_LOAD_MISSES.WALK_COMPLETED,250011233,2.46,,
   225.028047687,429581,,DTLB_LOAD_MISSES.WALK_ACTIVE,250011233,2.46,,
   225.028047687,22376124437,,cpu-cycles,250011233,2.46,,
   225.028047687,22376127204,,ref-cycles,250011233,2.46,,
   225.028047687,43914459151,,instructions,250011233,2.46,1.96,insn per cycle
   225.028047687,162,,DTLB_STORE_MISSES.WALK_COMPLETED,250011640,2.46,,
   225.028047687,39222,,DTLB_STORE_MISSES.WALK_ACTIVE,250011640,2.46,,
   225.028047687,1047259082,,IDQ_UOPS_NOT_DELIVERED.CYCLES_0_UOPS_DELIV.CORE,250011640,2.46,,
   225.028047687,2105466,,BACLEARS.ANY,250011640,2.46,,
   225.028047687,22376417188,,cpu-cycles,250011640,2.46,,
   225.028047687,22376414136,,ref-cycles,250011640,2.46,,
   225.028047687,43891493469,,instructions,250011640,2.46,1.96,insn per cycle
   225.028047687,3035571,,MEM_INST_RETIRED.LOCK_LOADS,452685190,4.45,,
   225.028047687,486709113,,L2_RQSTS.ALL_RFO,452685190,4.45,,
   225.028047687,6945931254,,MEM_INST_RETIRED.ALL_STORES,452685190,4.45,,
   225.028047687,186461188,,L2_RQSTS.RFO_HIT,452685190,4.45,,
   225.028047687,22377543953,,cpu-cycles,452685190,4.45,,
   225.028047687,22377532942,,ref-cycles,452685190,4.45,,
   225.028047687,43902126550,,instructions,452685190,4.45,1.96,insn per cycle
   225.028047687,46567,,OFFCORE_REQUESTS_OUTSTANDING.L3_MISS_DEMAND_DATA_RD_GE_6,500022780,4.92,,
   225.028047687,65669686,,OFFCORE_REQUESTS_OUTSTANDING.CYCLES_WITH_L3_MISS_DEMAND_DATA_RD,500022780,4.92,,
   225.028047687,22376094729,,cpu-cycles,500022780,4.92,,
   225.028047687,22376095238,,ref-cycles,500022780,4.92,,
   225.028047687,43903964537,,instructions,500022780,4.92,1.96,insn per cycle
   225.028047687,18176785107,,UOPS_EXECUTED.CORE_CYCLES_GE_1,500022694,4.92,,
   225.028047687,15482837281,,UOPS_EXECUTED.CORE_CYCLES_GE_2,500022694,4.92,,
   225.028047687,11578137443,,UOPS_EXECUTED.CORE_CYCLES_GE_3,500022694,4.92,,
   225.028047687,2921399357,,UOPS_RETIRED.MACRO_FUSED,500022694,4.92,,
   225.028047687,22376504348,,cpu-cycles,500022694,4.92,,
   225.028047687,22376504795,,ref-cycles,500022694,4.92,,
   225.028047687,43906243127,,instructions,500022694,4.92,1.96,insn per cycle
   225.028047687,918036,,FP_ARITH_INST_RETIRED.SCALAR_SINGLE:u0x03,500022605,4.92,,
   225.028047687,373512,,FP_ARITH_INST_RETIRED.128B_PACKED_DOUBLE:u0xfc,500022605,4.92,,
   225.028047687,65688084,,ICACHE_16B.IFDATA_STALL,500022605,4.92,,
   225.028047687,8471948,,ICACHE_16B.IFDATA_STALL:c1:e1,500022605,4.92,,
   225.028047687,22376514863,,cpu-cycles,500022605,4.92,,
   225.028047687,22376515107,,ref-cycles,500022605,4.92,,
   225.028047687,43895648039,,instructions,500022605,4.92,1.96,insn per cycle
   225.028047687,66382307,,L2_RQSTS.ALL_CODE_RD,500022451,4.92,,
   225.028047687,0,,ITLB_MISSES.WALK_COMPLETED_2M_4M,500022451,4.92,,
   225.028047687,570199712,,L2_LINES_IN.ALL,500022451,4.92,,
   225.028047687,69458337,,MEM_LOAD_RETIRED.L2_MISS,500022451,4.92,,
   225.028047687,22376454712,,cpu-cycles,500022451,4.92,,
   225.028047687,22376453898,,ref-cycles,500022451,4.92,,
   225.028047687,43901377973,,instructions,500022451,4.92,1.96,insn per cycle
   225.028047687,3404865,,L2_RQSTS.CODE_RD_MISS,500022693,4.92,,
   225.028047687,0,,DTLB_LOAD_MISSES.WALK_COMPLETED_2M_4M,500022693,4.92,,
   225.028047687,1444,,DTLB_LOAD_MISSES.WALK_COMPLETED_4K,500022693,4.92,,
   225.028047687,0,,DTLB_LOAD_MISSES.WALK_COMPLETED_1G,500022693,4.92,,
   225.028047687,22376476172,,cpu-cycles,500022693,4.92,,
   225.028047687,22376474951,,ref-cycles,500022693,4.92,,
   225.028047687,43912840005,,instructions,500022693,4.92,1.96,insn per cycle
   225.028047687,636790637,,MEM_LOAD_RETIRED.FB_HIT,500022392,4.92,,
   225.028047687,0,,CYCLE_ACTIVITY.CYCLES_MEM_ANY,500022392,4.92,,
   225.028047687,3916240768,,CYCLE_ACTIVITY.CYCLES_L1D_MISS,500022392,4.92,,
   225.028047687,22376524274,,cpu-cycles,500022392,4.92,,
   225.028047687,22376524844,,ref-cycles,500022392,4.92,,
   225.028047687,43903902317,,instructions,500022392,4.92,1.96,insn per cycle
   225.028047687,5452015005,,IDQ.MS_UOPS,670686432,6.59,,
   225.028047687,348831304,,ICACHE_64B.IFTAG_STALL,670686432,6.59,,
   225.028047687,172177760,,DTLB_LOAD_MISSES.STLB_HIT:c1,670686432,6.59,,
   225.028047687,22301907373,,cpu-cycles,670686432,6.59,,
   225.028047687,22301910179,,ref-cycles,670686432,6.59,,
   225.028047687,40248881997,,instructions,670686432,6.59,1.80,insn per cycle
   225.028047687,65825407,,ICACHE_16B.IFDATA_STALL,500022843,4.92,,
   225.028047687,8514599,,ICACHE_16B.IFDATA_STALL:c1:e1,500022843,4.92,,
   225.028047687,90679000,,ARITH.DIVIDER_ACTIVE,500022843,4.92,,
   225.028047687,4195929427,,UOPS_EXECUTED.CORE_CYCLES_NONE,500022843,4.92,,
   225.028047687,22376618606,,cpu-cycles,500022843,4.92,,
   225.028047687,22376617039,,ref-cycles,500022843,4.92,,
   225.028047687,43911703943,,instructions,500022843,4.92,1.96,insn per cycle
   225.028047687,254279294,,CPU_CLK_THREAD_UNHALTED.ONE_THREAD_ACTIVE,500022451,4.92,,
   225.028047687,254279294,,CPU_CLK_THREAD_UNHALTED.REF_XCLK_ANY,500022451,4.92,,
   225.028047687,12561747,,cpu-cycles:k,500022451,4.92,,
   225.028047687,12565815,,ref-cycles:k,500022451,4.92,,
   225.028047687,8651662,,instructions:k,500022451,4.92,0.22,insn per cycle
   225.028047687,31382733476,,IDQ.DSB_UOPS,500022351,4.92,,
   225.028047687,16254226735,,IDQ.MITE_UOPS,500022351,4.92,,
   225.028047687,0,,LSD.UOPS,500022351,4.92,,
   225.028047687,22376740643,,cpu-cycles,500022351,4.92,,
   225.028047687,22376740663,,ref-cycles,500022351,4.92,,
   225.028047687,43917065137,,instructions,500022351,4.92,1.96,insn per cycle
   225.028047687,5859610745,,IDQ.ALL_MITE_CYCLES_ANY_UOPS,500022455,4.92,,
   225.028047687,2451787290,,IDQ.ALL_MITE_CYCLES_4_UOPS,500022455,4.92,,
   225.028047687,22376637725,,cpu-cycles,500022455,4.92,,
   225.028047687,22376637399,,ref-cycles,500022455,4.92,,
   225.028047687,43911672691,,instructions,500022455,4.92,1.96,insn per cycle
   225.028047687,7497558441,,IDQ.ALL_DSB_CYCLES_ANY_UOPS,500022933,4.92,,
   225.028047687,6085576899,,IDQ.ALL_DSB_CYCLES_4_UOPS,500022933,4.92,,
   225.028047687,22376774791,,cpu-cycles,500022933,4.92,,
   225.028047687,22376775503,,ref-cycles,500022933,4.92,,
   225.028047687,43918453481,,instructions,500022933,4.92,1.96,insn per cycle
   225.028047687,70572,,MEM_LOAD_L3_HIT_RETIRED.XSNP_HIT,500022714,4.92,,
   225.028047687,3946902,,MEM_LOAD_L3_HIT_RETIRED.XSNP_HITM,500022714,4.92,,
   225.028047687,22376694593,,cpu-cycles,500022714,4.92,,
   225.028047687,22376692498,,ref-cycles,500022714,4.92,,
   225.028047687,43924306671,,instructions,500022714,4.92,1.96,insn per cycle
   225.028047687,9935274,,UOPS_EXECUTED.X87,500022252,4.92,,
   225.028047687,57059137483,,UOPS_EXECUTED.THREAD,500022252,4.92,,
   225.028047687,22376728558,,cpu-cycles,500022252,4.92,,
   225.028047687,22376726158,,ref-cycles,500022252,4.92,,
   225.028047687,43917913763,,instructions,500022252,4.92,1.96,insn per cycle
   225.028047687,<not supported>,,cstate_core/c6-residency/,0,100.00,,
   225.028047687,<not supported>,,cstate_pkg/c6-residency/,0,100.00,,
   230.028652396,22362350831,,CORE_POWER.LVL0_TURBO_LICENSE,250062142,2.46,,
   230.028652396,0,,CORE_POWER.LVL1_TURBO_LICENSE,250062142,2.46,,
   230.028652396,0,,CORE_POWER.LVL2_TURBO_LICENSE,250062142,2.46,,
   230.028652396,1367102787,,L1D.REPLACEMENT,250062142,2.46,,
   230.028652396,22362350831,,cpu-cycles,250062142,2.46,,
   230.028652396,22362347659,,ref-cycles,250062142,2.46,,
   230.028652396,43844721250,,instructions,250062142,2.46,1.96,insn per cycle
   230.028652396,1960249,,MACHINE_CLEARS.COUNT,451567628,4.44,,
   230.028652396,49422932,,BR_MISP_RETIRED.ALL_BRANCHES,451567628,4.44,,
   230.028652396,269452192,,INT_MISC.CLEAR_RESTEER_CYCLES,451567628,4.44,,
   230.028652396,13912282207,,MEM_LOAD_RETIRED.L1_HIT,451567628,4.44,,
   230.028652396,22367931054,,cpu-cycles,451567628,4.44,,
   230.028652396,22367922137,,ref-cycles,451567628,4.44,,
   230.028652396,43878074087,,instructions,451567628,4.44,1.96,insn per cycle
   230.028652396,51598624040,,UOPS_ISSUED.ANY,500022447,4.92,,
   230.028652396,48647111943,,UOPS_RETIRED.RETIRE_SLOTS,500022447,4.92,,
   230.028652396,295322628,,INT_MISC.RECOVERY_CYCLES_ANY,500022447,4.92,,
   230.028652396,295322628,,INT_MISC.RECOVERY_CYCLES,500022447,4.92,,
   230.028652396,22366289965,,cpu-cycles,500022447,4.92,,
   230.028652396,22366290189,,ref-cycles,500022447,4.92,,
   230.028652396,43870962632,,instructions,500022447,4.92,1.96,insn per cycle
   230.028652396,22366876207,,CPU_CLK_UNHALTED.THREAD_ANY,500022759,4.92,,
   230.028652396,10791351313,,IDQ_UOPS_NOT_DELIVERED.CORE,500022759,4.92,,
   230.028652396,2571803402,,CYCLE_ACTIVITY.STALLS_MEM_ANY,500022759,4.92,,
   230.028652396,4197590531,,CYCLE_ACTIVITY.STALLS_TOTAL,500022759,4.92,,
   230.028652396,22366876207,,cpu-cycles,500022759,4.92,,
   230.028652396,22366874154,,ref-cycles,500022759,4.92,,
   230.028652396,43886577862,,instructions,500022759,4.92,1.96,insn per cycle
   230.028652396,2672059346,,EXE_ACTIVITY.1_PORTS_UTIL,500023082,4.92,,
   230.028652396,3892720393,,EXE_ACTIVITY.2_PORTS_UTIL,500023082,4.92,,
   230.028652396,1135236556,,EXE_ACTIVITY.BOUND_ON_STORES,500023082,4.92,,
   230.028652396,113170816,,EXE_ACTIVITY.EXE_BOUND_0_PORTS,500023082,4.92,,
   230.028652396,22366736026,,cpu-cycles,500023082,4.92,,
   230.028652396,22366733749,,ref-cycles,500023082,4.92,,
   230.028652396,43902335247,,instructions,500023082,4.92,1.96,insn per cycle
   230.028652396,348564438,,MEM_LOAD_RETIRED.L2_HIT,500022102,4.92,,
   230.028652396,634912645,,MEM_LOAD_RETIRED.FB_HIT,500022102,4.92,,
   230.028652396,417786977,,MEM_LOAD_RETIRED.L1_MISS,500022102,4.92,,
   230.028652396,345390844,,L1D_PEND_MISS.FB_FULL:c1,500022102,4.92,,
   230.028652396,22366768519,,cpu-cycles,500022102,4.92,,
   230.028652396,22366770247,,ref-cycles,500022102,4.92,,
   230.028652396,43882608877,,instructions,500022102,4.92,1.96,insn per cycle
   230.028652396,833722407,,CYCLE_ACTIVITY.STALLS_L1D_MISS,500022513,4.92,,
   230.028652396,443153649,,CYCLE_ACTIVITY.STALLS_L2_MISS,500022513,4.92,,
   230.028652396,41318248,,CYCLE_ACTIVITY.STALLS_L3_MISS,500022513,4.92,,
   230.028652396,4618217492,,OFFCORE_REQUESTS_OUTSTANDING.CYCLES_WITH_DEMAND_RFO,500022513,4.92,,
   230.028652396,22366780454,,cpu-cycles,500022513,4.92,,
   230.028652396,22366780048,,ref-cycles,500022513,4.92,,
   230.028652396,43873886628,,instructions,500022513,4.92,1.96,insn per cycle
   230.028652396,10696,,ITLB_MISSES.WALK_COMPLETED,500022928,4.92,,
   230.028652396,633091,,ITLB_MISSES.WALK_ACTIVE,500022928,4.92,,
   230.028652396,1504,,DTLB_LOAD_MISSES.WALK_COMPLETED,500022928,4.92,,
   230.028652396,433502,,DTLB_LOAD_MISSES.WALK_ACTIVE,500022928,4.92,,
   230.028652396,22366754012,,cpu-cycles,500022928,4.92,,
   230.028652396,22366755517,,ref-cycles,500022928,4.92,,
   230.028652396,43882156361,,instructions,500022928,4.92,1.96,insn per cycle
   230.028652396,162,,DTLB_STORE_MISSES.WALK_COMPLETED,500021910,4.92,,
   230.028652396,33105,,DTLB_STORE_MISSES.WALK_ACTIVE,500021910,4.92,,
   230.028652396,1045116861,,IDQ_UOPS_NOT_DELIVERED.CYCLES_0_UOPS_DELIV.CORE,500021910,4.92,,
   230.028652396,2118449,,BACLEARS.ANY,500021910,4.92,,
   230.028652396,22366873974,,cpu-cycles,500021910,4.92,,
   230.028652396,22366875031,,ref-cycles,500021910,4.92,,
   230.028652396,43874569027,,instructions,500021910,4.92,1.96,insn per cycle
   230.028652396,3036002,,MEM_INST_RETIRED.LOCK_LOADS,500023014,4.92,,
   230.028652396,485568583,,L2_RQSTS.ALL_RFO,500023014,4.92,,
   230.028652396,6943316193,,MEM_INST_RETIRED.ALL_STORES,500023014,4.92,,
   230.028652396,185360148,,L2_RQSTS.RFO_HIT,500023014,4.92,,
   230.028652396,22366826581,,cpu-cycles,500023014,4.92,,
   230.028652396,22366824649,,ref-cycles,500023014,4.92,,
   230.028652396,43887070464,,instructions,500023014,4.92,1.96,insn per cycle
   230.028652396,41910,,OFFCORE_REQUESTS_OUTSTANDING.L3_MISS_DEMAND_DATA_RD_GE_6,500022466,4.92,,
   230.028652396,62817905,,OFFCORE_REQUESTS_OUTSTANDING.CYCLES_WITH_L3_MISS_DEMAND_DATA_RD,500022466,4.92,,
   230.028652396,22366868750,,cpu-cycles,500022466,4.92,,
   230.028652396,22366868913,,ref-cycles,500022466,4.92,,
   230.028652396,43888679790,,instructions,500022466,4.92,1.96,insn per cycle
   230.028652396,18156375185,,UOPS_EXECUTED.CORE_CYCLES_GE_1,500022244,4.92,,
   230.028652396,15467696426,,UOPS_EXECUTED.CORE_CYCLES_GE_2,500022244,4.92,,
   230.028652396,11565105259,,UOPS_EXECUTED.CORE_CYCLES_GE_3,500022244,4.92,,
   230.028652396,2919415037,,UOPS_RETIRED.MACRO_FUSED,500022244,4.92,,
   230.028652396,22366976947,,cpu-cycles,500022244,4.92,,
   230.028652396,22366978127,,ref-cycles,500022244,4.92,,
   230.028652396,43865820858,,instructions,500022244,4.92,1.96,insn per cycle
   230.028652396,930999,,FP_ARITH_INST_RETIRED.SCALAR_SINGLE:u0x03,500023046,4.92,,
   230.028652396,380123,,FP_ARITH_INST_RETIRED.128B_PACKED_DOUBLE:u0xfc,500023046,4.92,,
   230.028652396,64359918,,ICACHE_16B.IFDATA_STALL,500023046,4.92,,
   230.028652396,8344896,,ICACHE_16B.IFDATA_STALL:c1:e1,500023046,4.92,,
   230.028652396,22366800343,,cpu-cycles,500023046,4.92,,
   230.028652396,22366799062,,ref-cycles,500023046,4.92,,
   230.028652396,43879332796,,instructions,500023046,4.92,1.96,insn per cycle
   230.028652396,65842390,,L2_RQSTS.ALL_CODE_RD,500022540,4.92,,
   230.028652396,0,,ITLB_MISSES.WALK_COMPLETED_2M_4M,500022540,4.92,,
   230.028652396,569752321,,L2_LINES_IN.ALL,500022540,4.92,,
   230.028652396,69086750,,MEM_LOAD_RETIRED.L2_MISS,500022540,4.92,,
   230.028652396,22366794409,,cpu-cycles,500022540,4.92,,
   230.028652396,22366796646,,ref-cycles,500022540,4.92,,
   230.028652396,43888682250,,instructions,500022540,4.92,1.96,insn per cycle
   230.028652396,3348638,,L2_RQSTS.CODE_RD_MISS,500022480,4.92,,
   230.028652396,0,,DTLB_LOAD_MISSES.WALK_COMPLETED_2M_4M,500022480,4.92,,
   230.028652396,2257,,DTLB_LOAD_MISSES.WALK_COMPLETED_4K,500022480,4.92,,
   230.028652396,0,,DTLB_LOAD_MISSES.WALK_COMPLETED_1G,500022480,4.92,,
   230.028652396,22366787554,,cpu-cycles,500022480,4.92,,
   230.028652396,22366790482,,ref-cycles,500022480,4.92,,
   230.028652396,43886596325,,instructions,500022480,4.92,1.96,insn per cycle
   230.028652396,638061136,,MEM_LOAD_RETIRED.FB_HIT,500022551,4.92,,
   230.028652396,0,,CYCLE_ACTIVITY.CYCLES_MEM_ANY,500022551,4.92,,
   230.028652396,3918325771,,CYCLE_ACTIVITY.CYCLES_L1D_MISS,500022551,4.92,,
   230.028652396,22366855061,,cpu-cycles,500022551,4.92,,
   230.028652396,22366854024,,ref-cycles,500022551,4.92,,
   230.028652396,43900306888,,instructions,500022551,4.92,1.96,insn per cycle
   230.028652396,5418354177,,IDQ.MS_UOPS,666308232,6.55,,
   230.028652396,340741905,,ICACHE_64B.IFTAG_STALL,666308232,6.55,,
   230.028652396,173123618,,DTLB_LOAD_MISSES.STLB_HIT:c1,666308232,6.55,,
   230.028652396,22291727242,,cpu-cycles,666308232,6.55,,
   230.028652396,22291730370,,ref-cycles,666308232,6.55,,
   230.028652396,40289019696,,instructions,666308232,6.55,1.80,insn per cycle
   230.028652396,64636222,,ICACHE_16B.IFDATA_STALL,299991632,2.95,,
   230.028652396,8435138,,ICACHE_16B.IFDATA_STALL:c1:e1,299991632,2.95,,
   230.028652396,89106616,,ARITH.DIVIDER_ACTIVE,299991632,2.95,,
   230.028652396,4200445420,,UOPS_EXECUTED.CORE_CYCLES_NONE,299991632,2.95,,
   230.028652396,22365376265,,cpu-cycles,299991632,2.95,,
   230.028652396,22365380536,,ref-cycles,299991632,2.95,,
   230.028652396,43886273497,,instructions,299991632,2.95,1.96,insn per cycle
   230.028652396,254169132,,CPU_CLK_THREAD_UNHALTED.ONE_THREAD_ACTIVE,250011480,2.46,,
   230.028652396,254169132,,CPU_CLK_THREAD_UNHALTED.REF_XCLK_ANY,250011480,2.46,,
   230.028652396,12716267,,cpu-cycles:k,250011480,2.46,,
   230.028652396,12726841,,ref-cycles:k,250011480,2.46,,
   230.028652396,8649329,,instructions:k,250011480,2.46,0.22,insn per cycle
   230.028652396,31446505056,,IDQ.DSB_UOPS,250011289,2.46,,
   230.028652396,16176810643,,IDQ.MITE_UOPS,250011289,2.46,,
   230.028652396,0,,LSD.UOPS,250011289,2.46,,
   230.028652396,22367055830,,cpu-cycles,250011289,2.46,,
   230.028652396,22367054772,,ref-cycles,250011289,2.46,,
   230.028652396,43891761590,,instructions,250011289,2.46,1.96,insn per cycle
   230.028652396,5843823366,,IDQ.ALL_MITE_CYCLES_ANY_UOPS,250011066,2.46,,
   230.028652396,2445365041,,IDQ.ALL_MITE_CYCLES_4_UOPS,250011066,2.46,,
   230.028652396,22367076387,,cpu-cycles,250011066,2.46,,
   230.028652396,22367077932,,ref-cycles,250011066,2.46,,
   230.028652396,43898205610,,instructions,250011066,2.46,1.96,insn per cycle
   230.028652396,7516710348,,IDQ.ALL_DSB_CYCLES_ANY_UOPS,250011435,2.46,,
   230.028652396,6102378767,,IDQ.ALL_DSB_CYCLES_4_UOPS,250011435,2.46,,
   230.028652396,22367105631,,cpu-cycles,250011435,2.46,,
   230.028652396,22367105712,,ref-cycles,250011435,2.46,,
   230.028652396,43879199978,,instructions,250011435,2.46,1.96,insn per cycle
   230.028652396,64950,,MEM_LOAD_L3_HIT_RETIRED.XSNP_HIT,250011312,2.46,,
   230.028652396,4036114,,MEM_LOAD_L3_HIT_RETIRED.XSNP_HITM,250011312,2.46,,
   230.028652396,22367100330,,cpu-cycles,250011312,2.46,,
   230.028652396,22367099354,,ref-cycles,250011312,2.46,,
   230.028652396,43874832380,,instructions,250011312,2.46,1.96,insn per cycle
   230.028652396,10026799,,UOPS_EXECUTED.X87,250011364,2.46,,
   230.028652396,57009529303,,UOPS_EXECUTED.THREAD,250011364,2.46,,
   230.028652396,22366727136,,cpu-cycles,250011364,2.46,,
   230.028652396,22366727298,,ref-cycles,250011364,2.46,,
   230.028652396,43849134875,,instructions,250011364,2.46,1.96,insn per cycle
   230.028652396,<not supported>,,cstate_core/c6-residency/,0,100.00,,
   230.028652396,<not supported>,,cstate_pkg/c6-residency/,0,100.00,,
   235.029264805,22370725016,,CORE_POWER.LVL0_TURBO_LICENSE,500024033,4.92,,
   235.029264805,0,,CORE_POWER.LVL1_TURBO_LICENSE,500024033,4.92,,
   235.029264805,0,,CORE_POWER.LVL2_TURBO_LICENSE,500024033,4.92,,
   235.029264805,1363418957,,L1D.REPLACEMENT,500024033,4.92,,
   235.029264805,22370725016,,cpu-cycles,500024033,4.92,,
   235.029264805,22370723308,,ref-cycles,500024033,4.92,,
   235.029264805,43913122910,,instructions,500024033,4.92,1.96,insn per cycle
   235.029264805,1918814,,MACHINE_CLEARS.COUNT,500021311,4.92,,
   235.029264805,49181573,,BR_MISP_RETIRED.ALL_BRANCHES,500021311,4.92,,
   235.029264805,267416486,,INT_MISC.CLEAR_RESTEER_CYCLES,500021311,4.92,,
   235.029264805,13915364882,,MEM_LOAD_RETIRED.L1_HIT,500021311,4.92,,
   235.029264805,22370453259,,cpu-cycles,500021311,4.92,,
   235.029264805,22370456310,,ref-cycles,500021311,4.92,,
   235.029264805,43907571411,,instructions,500021311,4.92,1.96,insn per cycle
   235.029264805,51647352520,,UOPS_ISSUED.ANY,500022565,4.92,,
   235.029264805,48701798926,,UOPS_RETIRED.RETIRE_SLOTS,500022565,4.92,,
   235.029264805,294396003,,INT_MISC.RECOVERY_CYCLES_ANY,500022565,4.92,,
   235.029264805,294396003,,INT_MISC.RECOVERY_CYCLES,500022565,4.92,,
   235.029264805,22370501343,,cpu-cycles,500022565,4.92,,
   235.029264805,22370501587,,ref-cycles,500022565,4.92,,
   235.029264805,43916224994,,instructions,500022565,4.92,1.96,insn per cycle
   235.029264805,22370437292,,CPU_CLK_UNHALTED.THREAD_ANY,500022336,4.92,,
   235.029264805,10776732835,,IDQ_UOPS_NOT_DELIVERED.CORE,500022336,4.92,,
   235.029264805,2570662418,,CYCLE_ACTIVITY.STALLS_MEM_ANY,500022336,4.92,,
   235.029264805,4194347703,,CYCLE_ACTIVITY.STALLS_TOTAL,500022336,4.92,,
   235.029264805,22370437292,,cpu-cycles,500022336,4.92,,
   235.029264805,22370435991,,ref-cycles,500022336,4.92,,
   235.029264805,43885728985,,instructions,500022336,4.92,1.96,insn per cycle
   235.029264805,2673471076,,EXE_ACTIVITY.1_PORTS_UTIL,500022825,4.92,,
   235.029264805,3891878813,,EXE_ACTIVITY.2_PORTS_UTIL,500022825,4.92,,
   235.029264805,1130569081,,EXE_ACTIVITY.BOUND_ON_STORES,500022825,4.92,,
   235.029264805,112909116,,EXE_ACTIVITY.EXE_BOUND_0_PORTS,500022825,4.92,,
   235.029264805,22370477973,,cpu-cycles,500022825,4.92,,
   235.029264805,22370480007,,ref-cycles,500022825,4.92,,
   235.029264805,43888833268,,instructions,500022825,4.92,1.96,insn per cycle
   235.029264805,347890194,,MEM_LOAD_RETIRED.L2_HIT,500022460,4.92,,
   235.029264805,633964538,,MEM_LOAD_RETIRED.FB_HIT,500022460,4.92,,
   235.029264805,417231225,,MEM_LOAD_RETIRED.L1_MISS,500022460,4.92,,
   235.029264805,344566120,,L1D_PEND_MISS.FB_FULL:c1,500022460,4.92,,
   235.029264805,22370558727,,cpu-cycles,500022460,4.92,,
   235.029264805,22370558198,,ref-cycles,500022460,4.92,,
   235.029264805,43892340670,,instructions,500022460,4.92,1.96,insn per cycle
   235.029264805,829006411,,CYCLE_ACTIVITY.STALLS_L1D_MISS,500022853,4.92,,
   235.029264805,439474025,,CYCLE_ACTIVITY.STALLS_L2_MISS,500022853,4.92,,
   235.029264805,40264070,,CYCLE_ACTIVITY.STALLS_L3_MISS,500022853,4.92,,
   235.029264805,4606271850,,OFFCORE_REQUESTS_OUTSTANDING.CYCLES_WITH_DEMAND_RFO,500022853,4.92,,
   235.029264805,22370446013,,cpu-cycles,500022853,4.92,,
   235.029264805,22370444426,,ref-cycles,500022853,4.92,,
   235.029264805,43908722787,,instructions,500022853,4.92,1.96,insn per cycle
   235.029264805,10860,,ITLB_MISSES.WALK_COMPLETED,500022506,4.92,,
   235.029264805,573177,,ITLB_MISSES.WALK_ACTIVE,500022506,4.92,,
   235.029264805,2359,,DTLB_LOAD_MISSES.WALK_COMPLETED,500022506,4.92,,
   235.029264805,499674,,DTLB_LOAD_MISSES.WALK_ACTIVE,500022506,4.92,,
   235.029264805,22370467180,,cpu-cycles,500022506,4.92,,
   235.029264805,22370465410,,ref-cycles,500022506,4.92,,
   235.029264805,43902451836,,instructions,500022506,4.92,1.96,insn per cycle
   235.029264805,122,,DTLB_STORE_MISSES.WALK_COMPLETED,500007643,4.92,,
   235.029264805,30345,,DTLB_STORE_MISSES.WALK_ACTIVE,500007643,4.92,,
   235.029264805,1048679817,,IDQ_UOPS_NOT_DELIVERED.CYCLES_0_UOPS_DELIV.CORE,500007643,4.92,,
   235.029264805,2065042,,BACLEARS.ANY,500007643,4.92,,
   235.029264805,22369804197,,cpu-cycles,500007643,4.92,,
   235.029264805,22369805031,,ref-cycles,500007643,4.92,,
   235.029264805,43902528027,,instructions,500007643,4.92,1.96,insn per cycle
   235.029264805,3039734,,MEM_INST_RETIRED.LOCK_LOADS,301048842,2.96,,
   235.029264805,485490951,,L2_RQSTS.ALL_RFO,301048842,2.96,,
   235.029264805,6941472062,,MEM_INST_RETIRED.ALL_STORES,301048842,2.96,,
   235.029264805,185229306,,L2_RQSTS.RFO_HIT,301048842,2.96,,
   235.029264805,22369294656,,cpu-cycles,301048842,2.96,,
   235.029264805,22369320363,,ref-cycles,301048842,2.96,,
   235.029264805,43877430608,,instructions,301048842,2.96,1.96,insn per cycle
   235.029264805,32663,,OFFCORE_REQUESTS_OUTSTANDING.L3_MISS_DEMAND_DATA_RD_GE_6,250011372,2.46,,
   235.029264805,62130499,,OFFCORE_REQUESTS_OUTSTANDING.CYCLES_WITH_L3_MISS_DEMAND_DATA_RD,250011372,2.46,,
   235.029264805,22370570275,,cpu-cycles,250011372,2.46,,
   235.029264805,22370566736,,ref-cycles,250011372,2.46,,
   235.029264805,43889587983,,instructions,250011372,2.46,1.96,insn per cycle
   235.029264805,18172394619,,UOPS_EXECUTED.CORE_CYCLES_GE_1,250011326,2.46,,
   235.029264805,15480134797,,UOPS_EXECUTED.CORE_CYCLES_GE_2,250011326,2.46,,
   235.029264805,11577524750,,UOPS_EXECUTED.CORE_CYCLES_GE_3,250011326,2.46,,
   235.029264805,2919901933,,UOPS_RETIRED.MACRO_FUSED,250011326,2.46,,
   235.029264805,22370595988,,cpu-cycles,250011326,2.46,,
   235.029264805,22370596680,,ref-cycles,250011326,2.46,,
   235.029264805,43898397747,,instructions,250011326,2.46,1.96,insn per cycle
   235.029264805,928693,,FP_ARITH_INST_RETIRED.SCALAR_SINGLE:u0x03,250011516,2.46,,
   235.029264805,378701,,FP_ARITH_INST_RETIRED.128B_PACKED_DOUBLE:u0xfc,250011516,2.46,,
   235.029264805,64795881,,ICACHE_16B.IFDATA_STALL,250011516,2.46,,
   235.029264805,8506914,,ICACHE_16B.IFDATA_STALL:c1:e1,250011516,2.46,,
   235.029264805,22370447659,,cpu-cycles,250011516,2.46,,
   235.029264805,22370448432,,ref-cycles,250011516,2.46,,
   235.029264805,43912859547,,instructions,250011516,2.46,1.96,insn per cycle
   235.029264805,66862998,,L2_RQSTS.ALL_CODE_RD,250011201,2.46,,
   235.029264805,0,,ITLB_MISSES.WALK_COMPLETED_2M_4M,250011201,2.46,,
   235.029264805,569421276,,L2_LINES_IN.ALL,250011201,2.46,,
   235.029264805,69242923,,MEM_LOAD_RETIRED.L2_MISS,250011201,2.46,,
   235.029264805,22370372107,,cpu-cycles,250011201,2.46,,
   235.029264805,22370371904,,ref-cycles,250011201,2.46,,
   235.029264805,43906028163,,instructions,250011201,2.46,1.96,insn per cycle
   235.029264805,3292061,,L2_RQSTS.CODE_RD_MISS,250011316,2.46,,
   235.029264805,0,,DTLB_LOAD_MISSES.WALK_COMPLETED_2M_4M,250011316,2.46,,
   235.029264805,1505,,DTLB_LOAD_MISSES.WALK_COMPLETED_4K,250011316,2.46,,
   235.029264805,0,,DTLB_LOAD_MISSES.WALK_COMPLETED_1G,250011316,2.46,,
   235.029264805,22370373849,,cpu-cycles,250011316,2.46,,
   235.029264805,22370372547,,ref-cycles,250011316,2.46,,
   235.029264805,43912244533,,instructions,250011316,2.46,1.96,insn per cycle
   235.029264805,632065555,,MEM_LOAD_RETIRED.FB_HIT,250011055,2.46,,
   235.029264805,0,,CYCLE_ACTIVITY.CYCLES_MEM_ANY,250011055,2.46,,
   235.029264805,3907679705,,CYCLE_ACTIVITY.CYCLES_L1D_MISS,250011055,2.46,,
   235.029264805,22370308035,,cpu-cycles,250011055,2.46,,
   235.029264805,22370309824,,ref-cycles,250011055,2.46,,
   235.029264805,43920155430,,instructions,250011055,2.46,1.96,insn per cycle
   235.029264805,6127337694,,IDQ.MS_UOPS,418034760,4.11,,
   235.029264805,549475836,,ICACHE_64B.IFTAG_STALL,418034760,4.11,,
   235.029264805,149800980,,DTLB_LOAD_MISSES.STLB_HIT:c1,418034760,4.11,,
   235.029264805,22251926490,,cpu-cycles,418034760,4.11,,
   235.029264805,22251897078,,ref-cycles,418034760,4.11,,
   235.029264805,38120961119,,instructions,418034760,4.11,1.70,insn per cycle
   235.029264805,64649628,,ICACHE_16B.IFDATA_STALL,450042435,4.43,,
   235.029264805,8518060,,ICACHE_16B.IFDATA_STALL:c1:e1,450042435,4.43,,
   235.029264805,90210836,,ARITH.DIVIDER_ACTIVE,450042435,4.43,,
   235.029264805,4198445672,,UOPS_EXECUTED.CORE_CYCLES_NONE,450042435,4.43,,
   235.029264805,22371648994,,cpu-cycles,450042435,4.43,,
   235.029264805,22371640678,,ref-cycles,450042435,4.43,,
   235.029264805,43890987777,,instructions,450042435,4.43,1.96,insn per cycle
   235.029264805,254206581,,CPU_CLK_THREAD_UNHALTED.ONE_THREAD_ACTIVE,500022332,4.92,,
   235.029264805,254206581,,CPU_CLK_THREAD_UNHALTED.REF_XCLK_ANY,500022332,4.92,,
   235.029264805,12577867,,cpu-cycles:k,500022332,4.92,,
   235.029264805,12564260,,ref-cycles:k,500022332,4.92,,
   235.029264805,8651637,,instructions:k,500022332,4.92,0.23,insn per cycle
   235.029264805,31394699144,,IDQ.DSB_UOPS,500022438,4.92,,
   235.029264805,16218364434,,IDQ.MITE_UOPS,500022438,4.92,,
   235.029264805,0,,LSD.UOPS,500022438,4.92,,
   235.029264805,22370672835,,cpu-cycles,500022438,4.92,,
   235.029264805,22370673527,,ref-cycles,500022438,4.92,,
   235.029264805,43897416621,,instructions,500022438,4.92,1.96,insn per cycle
   235.029264805,5861156163,,IDQ.ALL_MITE_CYCLES_ANY_UOPS,500022253,4.92,,
   235.029264805,2454226452,,IDQ.ALL_MITE_CYCLES_4_UOPS,500022253,4.92,,
   235.029264805,22370747175,,cpu-cycles,500022253,4.92,,
   235.029264805,22370746077,,ref-cycles,500022253,4.92,,
   235.029264805,43902982708,,instructions,500022253,4.92,1.96,insn per cycle
   235.029264805,7498689320,,IDQ.ALL_DSB_CYCLES_ANY_UOPS,500024016,4.92,,
   235.029264805,6087830127,,IDQ.ALL_DSB_CYCLES_4_UOPS,500024016,4.92,,
   235.029264805,22370759574,,cpu-cycles,500024016,4.92,,
   235.029264805,22370761913,,ref-cycles,500024016,4.92,,
   235.029264805,43905233687,,instructions,500024016,4.92,1.96,insn per cycle
   235.029264805,65896,,MEM_LOAD_L3_HIT_RETIRED.XSNP_HIT,500021977,4.92,,
   235.029264805,3918036,,MEM_LOAD_L3_HIT_RETIRED.XSNP_HITM,500021977,4.92,,
   235.029264805,22370760963,,cpu-cycles,500021977,4.92,,
   235.029264805,22370764035,,ref-cycles,500021977,4.92,,
   235.029264805,43902678921,,instructions,500021977,4.92,1.96,insn per cycle
   235.029264805,10092227,,UOPS_EXECUTED.X87,500022256,4.92,,
   235.029264805,57063149363,,UOPS_EXECUTED.THREAD,500022256,4.92,,
   235.029264805,22370671979,,cpu-cycles,500022256,4.92,,
   235.029264805,22370673179,,ref-cycles,500022256,4.92,,
   235.029264805,43906593751,,instructions,500022256,4.92,1.96,insn per cycle
   235.029264805,<not supported>,,cstate_core/c6-residency/,0,100.00,,
   235.029264805,<not supported>,,cstate_pkg/c6-residency/,0,100.00,,
   240.029860224,22373700258,,CORE_POWER.LVL0_TURBO_LICENSE,500010220,4.92,,
   240.029860224,0,,CORE_POWER.LVL1_TURBO_LICENSE,500010220,4.92,,
   240.029860224,0,,CORE_POWER.LVL2_TURBO_LICENSE,500010220,4.92,,
   240.029860224,734461657,,L1D.REPLACEMENT,500010220,4.92,,
   240.029860224,22373700258,,cpu-cycles,500010220,4.92,,
   240.029860224,22373702821,,ref-cycles,500010220,4.92,,
   240.029860224,54938190458,,instructions,500010220,4.92,2.46,insn per cycle
   240.029860224,1691849,,MACHINE_CLEARS.COUNT,302089174,2.97,,
   240.029860224,41142558,,BR_MISP_RETIRED.ALL_BRANCHES,302089174,2.97,,
   240.029860224,225167161,,INT_MISC.CLEAR_RESTEER_CYCLES,302089174,2.97,,
   240.029860224,14869271441,,MEM_LOAD_RETIRED.L1_HIT,302089174,2.97,,
   240.029860224,22372854028,,cpu-cycles,302089174,2.97,,
   240.029860224,22372860223,,ref-cycles,302089174,2.97,,
   240.029860224,47691935397,,instructions,302089174,2.97,2.13,insn per cycle
   240.029860224,51660091539,,UOPS_ISSUED.ANY,250011225,2.46,,
   240.029860224,48714815765,,UOPS_RETIRED.RETIRE_SLOTS,250011225,2.46,,
   240.029860224,294544928,,INT_MISC.RECOVERY_CYCLES_ANY,250011225,2.46,,
   240.029860224,294544928,,INT_MISC.RECOVERY_CYCLES,250011225,2.46,,
   240.029860224,22373669831,,cpu-cycles,250011225,2.46,,
   240.029860224,22373668325,,ref-cycles,250011225,2.46,,
   240.029860224,43931842774,,instructions,250011225,2.46,1.96,insn per cycle
   240.029860224,22373785097,,CPU_CLK_UNHALTED.THREAD_ANY,250011546,2.46,,
   240.029860224,10822824052,,IDQ_UOPS_NOT_DELIVERED.CORE,250011546,2.46,,
   240.029860224,2566167389,,CYCLE_ACTIVITY.STALLS_MEM_ANY,250011546,2.46,,
   240.029860224,4190707469,,CYCLE_ACTIVITY.STALLS_TOTAL,250011546,2.46,,
   240.029860224,22373785097,,cpu-cycles,250011546,2.46,,
   240.029860224,22373787253,,ref-cycles,250011546,2.46,,
   240.029860224,43935306806,,instructions,250011546,2.46,1.96,insn per cycle
   240.029860224,2673226053,,EXE_ACTIVITY.1_PORTS_UTIL,250011201,2.46,,
   240.029860224,3896683972,,EXE_ACTIVITY.2_PORTS_UTIL,250011201,2.46,,
   240.029860224,1130257411,,EXE_ACTIVITY.BOUND_ON_STORES,250011201,2.46,,
   240.029860224,113388871,,EXE_ACTIVITY.EXE_BOUND_0_PORTS,250011201,2.46,,
   240.029860224,22373424488,,cpu-cycles,250011201,2.46,,
   240.029860224,22373422414,,ref-cycles,250011201,2.46,,
   240.029860224,43945614199,,instructions,250011201,2.46,1.96,insn per cycle
   240.029860224,348594047,,MEM_LOAD_RETIRED.L2_HIT,250011133,2.46,,
   240.029860224,634668138,,MEM_LOAD_RETIRED.FB_HIT,250011133,2.46,,
   240.029860224,417956150,,MEM_LOAD_RETIRED.L1_MISS,250011133,2.46,,
   240.029860224,344930931,,L1D_PEND_MISS.FB_FULL:c1,250011133,2.46,,
   240.029860224,22373485171,,cpu-cycles,250011133,2.46,,
   240.029860224,22373485090,,ref-cycles,250011133,2.46,,
   240.029860224,43938070252,,instructions,250011133,2.46,1.96,insn per cycle
   240.029860224,828365530,,CYCLE_ACTIVITY.STALLS_L1D_MISS,250011369,2.46,,
   240.029860224,436875094,,CYCLE_ACTIVITY.STALLS_L2_MISS,250011369,2.46,,
   240.029860224,39809051,,CYCLE_ACTIVITY.STALLS_L3_MISS,250011369,2.46,,
   240.029860224,4603143252,,OFFCORE_REQUESTS_OUTSTANDING.CYCLES_WITH_DEMAND_RFO,250011369,2.46,,
   240.029860224,22373640128,,cpu-cycles,250011369,2.46,,
   240.029860224,22373641104,,ref-cycles,250011369,2.46,,
   240.029860224,43926284440,,instructions,250011369,2.46,1.96,insn per cycle
   240.029860224,12123,,ITLB_MISSES.WALK_COMPLETED,250011271,2.46,,
   240.029860224,607596,,ITLB_MISSES.WALK_ACTIVE,250011271,2.46,,
   240.029860224,447,,DTLB_LOAD_MISSES.WALK_COMPLETED,250011271,2.46,,
   240.029860224,320295,,DTLB_LOAD_MISSES.WALK_ACTIVE,250011271,2.46,,
   240.029860224,22373552773,,cpu-cycles,250011271,2.46,,
   240.029860224,22373554115,,ref-cycles,250011271,2.46,,
   240.029860224,43912754140,,instructions,250011271,2.46,1.96,insn per cycle
   240.029860224,81,,DTLB_STORE_MISSES.WALK_COMPLETED,250010994,2.46,,
   240.029860224,33563,,DTLB_STORE_MISSES.WALK_ACTIVE,250010994,2.46,,
   240.029860224,1042718487,,IDQ_UOPS_NOT_DELIVERED.CYCLES_0_UOPS_DELIV.CORE,250010994,2.46,,
   240.029860224,2082876,,BACLEARS.ANY,250010994,2.46,,
   240.029860224,22373527691,,cpu-cycles,250010994,2.46,,
   240.029860224,22373527041,,ref-cycles,250010994,2.46,,
   240.029860224,43906917623,,instructions,250010994,2.46,1.96,insn per cycle
   240.029860224,3033884,,MEM_INST_RETIRED.LOCK_LOADS,448985035,4.41,,
   240.029860224,485682021,,L2_RQSTS.ALL_RFO,448985035,4.41,,
   240.029860224,6946991369,,MEM_INST_RETIRED.ALL_STORES,448985035,4.41,,
   240.029860224,185480071,,L2_RQSTS.RFO_HIT,448985035,4.41,,
   240.029860224,22374779581,,cpu-cycles,448985035,4.41,,
   240.029860224,22374761866,,ref-cycles,448985035,4.41,,
   240.029860224,43923710868,,instructions,448985035,4.41,1.96,insn per cycle
   240.029860224,50304,,OFFCORE_REQUESTS_OUTSTANDING.L3_MISS_DEMAND_DATA_RD_GE_6,500023307,4.92,,
   240.029860224,59892097,,OFFCORE_REQUESTS_OUTSTANDING.CYCLES_WITH_L3_MISS_DEMAND_DATA_RD,500023307,4.92,,
   240.029860224,22373389162,,cpu-cycles,500023307,4.92,,
   240.029860224,22373386721,,ref-cycles,500023307,4.92,,
   240.029860224,43918165217,,instructions,500023307,4.92,1.96,insn per cycle
   240.029860224,18185365175,,UOPS_EXECUTED.CORE_CYCLES_GE_1,500022066,4.92,,
   240.029860224,15492685611,,UOPS_EXECUTED.CORE_CYCLES_GE_2,500022066,4.92,,
   240.029860224,11584746221,,UOPS_EXECUTED.CORE_CYCLES_GE_3,500022066,4.92,,
   240.029860224,2921981330,,UOPS_RETIRED.MACRO_FUSED,500022066,4.92,,
   240.029860224,22373993091,,cpu-cycles,500022066,4.92,,
   240.029860224,22373992053,,ref-cycles,500022066,4.92,,
   240.029860224,43929755469,,instructions,500022066,4.92,1.96,insn per cycle
   240.029860224,932080,,FP_ARITH_INST_RETIRED.SCALAR_SINGLE:u0x03,500022705,4.92,,
   240.029860224,380077,,FP_ARITH_INST_RETIRED.128B_PACKED_DOUBLE:u0xfc,500022705,4.92,,
   240.029860224,65087210,,ICACHE_16B.IFDATA_STALL,500022705,4.92,,
   240.029860224,8502960,,ICACHE_16B.IFDATA_STALL:c1:e1,500022705,4.92,,
   240.029860224,22373664562,,cpu-cycles,500022705,4.92,,
   240.029860224,22373665457,,ref-cycles,500022705,4.92,,
   240.029860224,43923409851,,instructions,500022705,4.92,1.96,insn per cycle
   240.029860224,66503072,,L2_RQSTS.ALL_CODE_RD,500022092,4.92,,
   240.029860224,0,,ITLB_MISSES.WALK_COMPLETED_2M_4M,500022092,4.92,,
   240.029860224,568879558,,L2_LINES_IN.ALL,500022092,4.92,,
   240.029860224,69086790,,MEM_LOAD_RETIRED.L2_MISS,500022092,4.92,,
   240.029860224,22373737465,,cpu-cycles,500022092,4.92,,
   240.029860224,22373737160,,ref-cycles,500022092,4.92,,
   240.029860224,43920336760,,instructions,500022092,4.92,1.96,insn per cycle
   240.029860224,3400072,,L2_RQSTS.CODE_RD_MISS,500022965,4.92,,
   240.029860224,0,,DTLB_LOAD_MISSES.WALK_COMPLETED_2M_4M,500022965,4.92,,
   240.029860224,956,,DTLB_LOAD_MISSES.WALK_COMPLETED_4K,500022965,4.92,,
   240.029860224,0,,DTLB_LOAD_MISSES.WALK_COMPLETED_1G,500022965,4.92,,
   240.029860224,22373755836,,cpu-cycles,500022965,4.92,,
   240.029860224,22373754330,,ref-cycles,500022965,4.92,,
   240.029860224,43909160334,,instructions,500022965,4.92,1.96,insn per cycle
   240.029860224,635909454,,MEM_LOAD_RETIRED.FB_HIT,500022832,4.92,,
   240.029860224,0,,CYCLE_ACTIVITY.CYCLES_MEM_ANY,500022832,4.92,,
   240.029860224,3913943158,,CYCLE_ACTIVITY.CYCLES_L1D_MISS,500022832,4.92,,
   240.029860224,22373765075,,cpu-cycles,500022832,4.92,,
   240.029860224,22373766987,,ref-cycles,500022832,4.92,,
   240.029860224,43914445642,,instructions,500022832,4.92,1.96,insn per cycle
   240.029860224,4677467822,,IDQ.MS_UOPS,547297160,5.38,,
   240.029860224,118196626,,ICACHE_64B.IFTAG_STALL,547297160,5.38,,
   240.029860224,198197542,,DTLB_LOAD_MISSES.STLB_HIT:c1,547297160,5.38,,
   240.029860224,22348148368,,cpu-cycles,547297160,5.38,,
   240.029860224,22348139336,,ref-cycles,547297160,5.38,,
   240.029860224,42666599762,,instructions,547297160,5.38,1.91,insn per cycle
   240.029860224,56452744,,ICACHE_16B.IFDATA_STALL,600300613,5.90,,
   240.029860224,7487607,,ICACHE_16B.IFDATA_STALL:c1:e1,600300613,5.90,,
   240.029860224,76246389,,ARITH.DIVIDER_ACTIVE,600300613,5.90,,
   240.029860224,4640067905,,UOPS_EXECUTED.CORE_CYCLES_NONE,600300613,5.90,,
   240.029860224,22321633993,,cpu-cycles,600300613,5.90,,
   240.029860224,22321631383,,ref-cycles,600300613,5.90,,
   240.029860224,41504943795,,instructions,600300613,5.90,1.86,insn per cycle
   240.029860224,254123447,,CPU_CLK_THREAD_UNHALTED.ONE_THREAD_ACTIVE,520529253,5.12,,
   240.029860224,254123447,,CPU_CLK_THREAD_UNHALTED.REF_XCLK_ANY,520529253,5.12,,
   240.029860224,500304205,,cpu-cycles:k,520529253,5.12,,
   240.029860224,500482957,,ref-cycles:k,520529253,5.12,,
   240.029860224,524052744,,instructions:k,520529253,5.12,11.01,insn per cycle
   240.029860224,31285484022,,IDQ.DSB_UOPS,501462167,4.93,,
   240.029860224,16366814071,,IDQ.MITE_UOPS,501462167,4.93,,
   240.029860224,0,,LSD.UOPS,501462167,4.93,,
   240.029860224,22373143275,,cpu-cycles,501462167,4.93,,
   240.029860224,22373143640,,ref-cycles,501462167,4.93,,
   240.029860224,43992520424,,instructions,501462167,4.93,1.97,insn per cycle
   240.029860224,8475531214,,IDQ.ALL_MITE_CYCLES_ANY_UOPS,500022322,4.92,,
   240.029860224,3240128396,,IDQ.ALL_MITE_CYCLES_4_UOPS,500022322,4.92,,
   240.029860224,22373907214,,cpu-cycles,500022322,4.92,,
   240.029860224,22373903695,,ref-cycles,500022322,4.92,,
   240.029860224,54917306138,,instructions,500022322,4.92,2.46,insn per cycle
   240.029860224,7477549547,,IDQ.ALL_DSB_CYCLES_ANY_UOPS,500022392,4.92,,
   240.029860224,5949147241,,IDQ.ALL_DSB_CYCLES_4_UOPS,500022392,4.92,,
   240.029860224,22374293528,,cpu-cycles,500022392,4.92,,
   240.029860224,22374295684,,ref-cycles,500022392,4.92,,
   240.029860224,54923326253,,instructions,500022392,4.92,2.46,insn per cycle
   240.029860224,32159,,MEM_LOAD_L3_HIT_RETIRED.XSNP_HIT,500022577,4.92,,
   240.029860224,2087245,,MEM_LOAD_L3_HIT_RETIRED.XSNP_HITM,500022577,4.92,,
   240.029860224,22374308365,,cpu-cycles,500022577,4.92,,
   240.029860224,22374307653,,ref-cycles,500022577,4.92,,
   240.029860224,54926062330,,instructions,500022577,4.92,2.46,insn per cycle
   240.029860224,5063185,,UOPS_EXECUTED.X87,500022544,4.92,,
   240.029860224,63620318354,,UOPS_EXECUTED.THREAD,500022544,4.92,,
   240.029860224,22374395694,,cpu-cycles,500022544,4.92,,
   240.029860224,22374395348,,ref-cycles,500022544,4.92,,
   240.029860224,54940837738,,instructions,500022544,4.92,2.46,insn per cycle
   240.029860224,<not supported>,,cstate_core/c6-residency/,0,100.00,,
   240.029860224,<not supported>,,cstate_pkg/c6-residency/,0,100.00,,
   245.030464436,22367605696,,CORE_POWER.LVL0_TURBO_LICENSE,250074823,2.46,,
   245.030464436,0,,CORE_POWER.LVL1_TURBO_LICENSE,250074823,2.46,,
   245.030464436,0,,CORE_POWER.LVL2_TURBO_LICENSE,250074823,2.46,,
   245.030464436,105384882,,L1D.REPLACEMENT,250074823,2.46,,
   245.030464436,22367605696,,cpu-cycles,250074823,2.46,,
   245.030464436,22367608787,,ref-cycles,250074823,2.46,,
   245.030464436,65947115734,,instructions,250074823,2.46,2.95,insn per cycle
   245.030464436,533314,,MACHINE_CLEARS.COUNT,447945008,4.40,,
   245.030464436,2483029,,BR_MISP_RETIRED.ALL_BRANCHES,447945008,4.40,,
   245.030464436,22303969,,INT_MISC.CLEAR_RESTEER_CYCLES,447945008,4.40,,
   245.030464436,19456523007,,MEM_LOAD_RETIRED.L1_HIT,447945008,4.40,,
   245.030464436,22371176450,,cpu-cycles,447945008,4.40,,
   245.030464436,22371170275,,ref-cycles,447945008,4.40,,
   245.030464436,65891416589,,instructions,447945008,4.40,2.95,insn per cycle
   245.030464436,65438864225,,UOPS_ISSUED.ANY,500022538,4.92,,
   245.030464436,65054333846,,UOPS_RETIRED.RETIRE_SLOTS,500022538,4.92,,
   245.030464436,18317543,,INT_MISC.RECOVERY_CYCLES_ANY,500022538,4.92,,
   245.030464436,18317543,,INT_MISC.RECOVERY_CYCLES,500022538,4.92,,
   245.030464436,22369715040,,cpu-cycles,500022538,4.92,,
   245.030464436,22369714125,,ref-cycles,500022538,4.92,,
   245.030464436,65952294647,,instructions,500022538,4.92,2.95,insn per cycle
   245.030464436,22370403771,,CPU_CLK_UNHALTED.THREAD_ANY,500022564,4.92,,
   245.030464436,16132684009,,IDQ_UOPS_NOT_DELIVERED.CORE,500022564,4.92,,
   245.030464436,1145058051,,CYCLE_ACTIVITY.STALLS_MEM_ANY,500022564,4.92,,
   245.030464436,1320884306,,CYCLE_ACTIVITY.STALLS_TOTAL,500022564,4.92,,
   245.030464436,22370403771,,cpu-cycles,500022564,4.92,,
   245.030464436,22370403791,,ref-cycles,500022564,4.92,,
   245.030464436,65962557400,,instructions,500022564,4.92,2.95,insn per cycle
   245.030464436,2832489132,,EXE_ACTIVITY.1_PORTS_UTIL,500022493,4.92,,
   245.030464436,3585546807,,EXE_ACTIVITY.2_PORTS_UTIL,500022493,4.92,,
   245.030464436,127044637,,EXE_ACTIVITY.BOUND_ON_STORES,500022493,4.92,,
   245.030464436,6976412,,EXE_ACTIVITY.EXE_BOUND_0_PORTS,500022493,4.92,,
   245.030464436,22370384084,,cpu-cycles,500022493,4.92,,
   245.030464436,22370384978,,ref-cycles,500022493,4.92,,
   245.030464436,65926251608,,instructions,500022493,4.92,2.95,insn per cycle
   245.030464436,49782116,,MEM_LOAD_RETIRED.L2_HIT,500022730,4.92,,
   245.030464436,51068792,,MEM_LOAD_RETIRED.FB_HIT,500022730,4.92,,
   245.030464436,63387918,,MEM_LOAD_RETIRED.L1_MISS,500022730,4.92,,
   245.030464436,5797849,,L1D_PEND_MISS.FB_FULL:c1,500022730,4.92,,
   245.030464436,22370378332,,cpu-cycles,500022730,4.92,,
   245.030464436,22370378108,,ref-cycles,500022730,4.92,,
   245.030464436,65932329983,,instructions,500022730,4.92,2.95,insn per cycle
   245.030464436,184931706,,CYCLE_ACTIVITY.STALLS_L1D_MISS,500022521,4.92,,
   245.030464436,68078035,,CYCLE_ACTIVITY.STALLS_L2_MISS,500022521,4.92,,
   245.030464436,3892690,,CYCLE_ACTIVITY.STALLS_L3_MISS,500022521,4.92,,
   245.030464436,208322525,,OFFCORE_REQUESTS_OUTSTANDING.CYCLES_WITH_DEMAND_RFO,500022521,4.92,,
   245.030464436,22370366877,,cpu-cycles,500022521,4.92,,
   245.030464436,22370367549,,ref-cycles,500022521,4.92,,
   245.030464436,65947317221,,instructions,500022521,4.92,2.95,insn per cycle
   245.030464436,30221,,ITLB_MISSES.WALK_COMPLETED,500022553,4.92,,
   245.030464436,1054116,,ITLB_MISSES.WALK_ACTIVE,500022553,4.92,,
   245.030464436,2054,,DTLB_LOAD_MISSES.WALK_COMPLETED,500022553,4.92,,
   245.030464436,255236,,DTLB_LOAD_MISSES.WALK_ACTIVE,500022553,4.92,,
   245.030464436,22370404209,,cpu-cycles,500022553,4.92,,
   245.030464436,22370405368,,ref-cycles,500022553,4.92,,
   245.030464436,65969207092,,instructions,500022553,4.92,2.95,insn per cycle
   245.030464436,0,,DTLB_STORE_MISSES.WALK_COMPLETED,500012621,4.92,,
   245.030464436,0,,DTLB_STORE_MISSES.WALK_ACTIVE,500012621,4.92,,
   245.030464436,770783998,,IDQ_UOPS_NOT_DELIVERED.CYCLES_0_UOPS_DELIV.CORE,500012621,4.92,,
   245.030464436,54180,,BACLEARS.ANY,500012621,4.92,,
   245.030464436,22369785358,,cpu-cycles,500012621,4.92,,
   245.030464436,22369784361,,ref-cycles,500012621,4.92,,
   245.030464436,65979752211,,instructions,500012621,4.92,2.95,insn per cycle
   245.030464436,13422,,MEM_INST_RETIRED.LOCK_LOADS,500022777,4.92,,
   245.030464436,21429111,,L2_RQSTS.ALL_RFO,500022777,4.92,,
   245.030464436,8046633348,,MEM_INST_RETIRED.ALL_STORES,500022777,4.92,,
   245.030464436,11383051,,L2_RQSTS.RFO_HIT,500022777,4.92,,
   245.030464436,22370398817,,cpu-cycles,500022777,4.92,,
   245.030464436,22370398492,,ref-cycles,500022777,4.92,,
   245.030464436,65940007680,,instructions,500022777,4.92,2.95,insn per cycle
   245.030464436,0,,OFFCORE_REQUESTS_OUTSTANDING.L3_MISS_DEMAND_DATA_RD_GE_6,500022467,4.92,,
   245.030464436,6492483,,OFFCORE_REQUESTS_OUTSTANDING.CYCLES_WITH_L3_MISS_DEMAND_DATA_RD,500022467,4.92,,
   245.030464436,22370545094,,cpu-cycles,500022467,4.92,,
   245.030464436,22370547108,,ref-cycles,500022467,4.92,,
   245.030464436,65917445923,,instructions,500022467,4.92,2.95,insn per cycle
   245.030464436,21070881183,,UOPS_EXECUTED.CORE_CYCLES_GE_1,500022543,4.92,,
   245.030464436,18227036046,,UOPS_EXECUTED.CORE_CYCLES_GE_2,500022543,4.92,,
   245.030464436,14631939398,,UOPS_EXECUTED.CORE_CYCLES_GE_3,500022543,4.92,,
   245.030464436,7240038208,,UOPS_RETIRED.MACRO_FUSED,500022543,4.92,,
   245.030464436,22370631673,,cpu-cycles,500022543,4.92,,
   245.030464436,22370633117,,ref-cycles,500022543,4.92,,
   245.030464436,65945931259,,instructions,500022543,4.92,2.95,insn per cycle
   245.030464436,67340238,,FP_ARITH_INST_RETIRED.SCALAR_SINGLE:u0x03,500022570,4.92,,
   245.030464436,33548602,,FP_ARITH_INST_RETIRED.128B_PACKED_DOUBLE:u0xfc,500022570,4.92,,
   245.030464436,7675315,,ICACHE_16B.IFDATA_STALL,500022570,4.92,,
   245.030464436,1037358,,ICACHE_16B.IFDATA_STALL:c1:e1,500022570,4.92,,
   245.030464436,22370486316,,cpu-cycles,500022570,4.92,,
   245.030464436,22370488574,,ref-cycles,500022570,4.92,,
   245.030464436,65919085124,,instructions,500022570,4.92,2.95,insn per cycle
   245.030464436,18916104,,L2_RQSTS.ALL_CODE_RD,500022756,4.92,,
   245.030464436,0,,ITLB_MISSES.WALK_COMPLETED_2M_4M,500022756,4.92,,
   245.030464436,28947259,,L2_LINES_IN.ALL,500022756,4.92,,
   245.030464436,13601128,,MEM_LOAD_RETIRED.L2_MISS,500022756,4.92,,
   245.030464436,22370412754,,cpu-cycles,500022756,4.92,,
   245.030464436,22370413080,,ref-cycles,500022756,4.92,,
   245.030464436,65924193256,,instructions,500022756,4.92,2.95,insn per cycle
   245.030464436,396806,,L2_RQSTS.CODE_RD_MISS,500022616,4.92,,
   245.030464436,0,,DTLB_LOAD_MISSES.WALK_COMPLETED_2M_4M,500022616,4.92,,
   245.030464436,40,,DTLB_LOAD_MISSES.WALK_COMPLETED_4K,500022616,4.92,,
   245.030464436,0,,DTLB_LOAD_MISSES.WALK_COMPLETED_1G,500022616,4.92,,
   245.030464436,22370358801,,cpu-cycles,500022616,4.92,,
   245.030464436,22370358760,,ref-cycles,500022616,4.92,,
   245.030464436,65939311889,,instructions,500022616,4.92,2.95,insn per cycle
   245.030464436,51028008,,MEM_LOAD_RETIRED.FB_HIT,500022414,4.92,,
   245.030464436,0,,CYCLE_ACTIVITY.CYCLES_MEM_ANY,500022414,4.92,,
   245.030464436,691049202,,CYCLE_ACTIVITY.CYCLES_L1D_MISS,500022414,4.92,,
   245.030464436,22370492732,,cpu-cycles,500022414,4.92,,
   245.030464436,22370493037,,ref-cycles,500022414,4.92,,
   245.030464436,65916232873,,instructions,500022414,4.92,2.95,insn per cycle
   245.030464436,2818484674,,IDQ.MS_UOPS,500022459,4.92,,
   245.030464436,2730318,,ICACHE_64B.IFTAG_STALL,500022459,4.92,,
   245.030464436,10438176,,DTLB_LOAD_MISSES.STLB_HIT:c1,500022459,4.92,,
   245.030464436,22370565981,,cpu-cycles,500022459,4.92,,
   245.030464436,22370566490,,ref-cycles,500022459,4.92,,
   245.030464436,65931002306,,instructions,500022459,4.92,2.95,insn per cycle
   245.030464436,7672854,,ICACHE_16B.IFDATA_STALL,303613421,2.99,,
   245.030464436,1042569,,ICACHE_16B.IFDATA_STALL:c1:e1,303613421,2.99,,
   245.030464436,821274,,ARITH.DIVIDER_ACTIVE,303613421,2.99,,
   245.030464436,1342289504,,UOPS_EXECUTED.CORE_CYCLES_NONE,303613421,2.99,,
   245.030464436,22369583230,,cpu-cycles,303613421,2.99,,
   245.030464436,22369587450,,ref-cycles,303613421,2.99,,
   245.030464436,65946437419,,instructions,303613421,2.99,2.95,insn per cycle
   245.030464436,254208269,,CPU_CLK_THREAD_UNHALTED.ONE_THREAD_ACTIVE,250011270,2.46,,
   245.030464436,254208269,,CPU_CLK_THREAD_UNHALTED.REF_XCLK_ANY,250011270,2.46,,
   245.030464436,18965417,,cpu-cycles:k,250011270,2.46,,
   245.030464436,18956591,,ref-cycles:k,250011270,2.46,,
   245.030464436,15117748,,instructions:k,250011270,2.46,0.32,insn per cycle
   245.030464436,27717220337,,IDQ.DSB_UOPS,369824228,3.64,,
   245.030464436,23634066784,,IDQ.MITE_UOPS,369824228,3.64,,
   245.030464436,0,,LSD.UOPS,369824228,3.64,,
   245.030464436,22272529158,,cpu-cycles,369824228,3.64,,
   245.030464436,22272524786,,ref-cycles,369824228,3.64,,
   245.030464436,54143216357,,instructions,369824228,3.64,2.42,insn per cycle
   245.030464436,10670777140,,IDQ.ALL_MITE_CYCLES_ANY_UOPS,297723737,2.93,,
   245.030464436,3899449042,,IDQ.ALL_MITE_CYCLES_4_UOPS,297723737,2.93,,
   245.030464436,22326075005,,cpu-cycles,297723737,2.93,,
   245.030464436,22326086003,,ref-cycles,297723737,2.93,,
   245.030464436,60111419306,,instructions,297723737,2.93,2.69,insn per cycle
   245.030464436,7425000370,,IDQ.ALL_DSB_CYCLES_ANY_UOPS,250011356,2.46,,
   245.030464436,5783606563,,IDQ.ALL_DSB_CYCLES_4_UOPS,250011356,2.46,,
   245.030464436,22370670396,,cpu-cycles,250011356,2.46,,
   245.030464436,22370671168,,ref-cycles,250011356,2.46,,
   245.030464436,65914653620,,instructions,250011356,2.46,2.95,insn per cycle
   245.030464436,0,,MEM_LOAD_L3_HIT_RETIRED.XSNP_HIT,250011251,2.46,,
   245.030464436,229896,,MEM_LOAD_L3_HIT_RETIRED.XSNP_HITM,250011251,2.46,,
   245.030464436,22370686762,,cpu-cycles,250011251,2.46,,
   245.030464436,22370684484,,ref-cycles,250011251,2.46,,
   245.030464436,65896233210,,instructions,250011251,2.46,2.95,insn per cycle
   245.030464436,55562,,UOPS_EXECUTED.X87,250011305,2.46,,
   245.030464436,70167378330,,UOPS_EXECUTED.THREAD,250011305,2.46,,
   245.030464436,22370602018,,cpu-cycles,250011305,2.46,,
   245.030464436,22370602344,,ref-cycles,250011305,2.46,,
   245.030464436,65961008409,,instructions,250011305,2.46,2.95,insn per cycle
   245.030464436,<not supported>,,cstate_core/c6-residency/,0,100.00,,
   245.030464436,<not supported>,,cstate_pkg/c6-residency/,0,100.00,,
   250.031070853,22375523659,,CORE_POWER.LVL0_TURBO_LICENSE,500022555,4.92,,
   250.031070853,0,,CORE_POWER.LVL1_TURBO_LICENSE,500022555,4.92,,
   250.031070853,0,,CORE_POWER.LVL2_TURBO_LICENSE,500022555,4.92,,
   250.031070853,105641211,,L1D.REPLACEMENT,500022555,4.92,,
   250.031070853,22375523659,,cpu-cycles,500022555,4.92,,
   250.031070853,22375523883,,ref-cycles,500022555,4.92,,
   250.031070853,65974192473,,instructions,500022555,4.92,2.95,insn per cycle
   250.031070853,532959,,MACHINE_CLEARS.COUNT,500022844,4.92,,
   250.031070853,2480887,,BR_MISP_RETIRED.ALL_BRANCHES,500022844,4.92,,
   250.031070853,22325203,,INT_MISC.CLEAR_RESTEER_CYCLES,500022844,4.92,,
   250.031070853,19464962200,,MEM_LOAD_RETIRED.L1_HIT,500022844,4.92,,
   250.031070853,22375340437,,cpu-cycles,500022844,4.92,,
   250.031070853,22375338993,,ref-cycles,500022844,4.92,,
   250.031070853,65919268822,,instructions,500022844,4.92,2.95,insn per cycle
   250.031070853,65482391105,,UOPS_ISSUED.ANY,500022394,4.92,,
   250.031070853,65097677290,,UOPS_RETIRED.RETIRE_SLOTS,500022394,4.92,,
   250.031070853,18335137,,INT_MISC.RECOVERY_CYCLES_ANY,500022394,4.92,,
   250.031070853,18335137,,INT_MISC.RECOVERY_CYCLES,500022394,4.92,,
   250.031070853,22375315278,,cpu-cycles,500022394,4.92,,
   250.031070853,22375314647,,ref-cycles,500022394,4.92,,
   250.031070853,65985846794,,instructions,500022394,4.92,2.95,insn per cycle
   250.031070853,22375332330,,CPU_CLK_UNHALTED.THREAD_ANY,500022597,4.92,,
   250.031070853,16226304116,,IDQ_UOPS_NOT_DELIVERED.CORE,500022597,4.92,,
   250.031070853,1139310770,,CYCLE_ACTIVITY.STALLS_MEM_ANY,500022597,4.92,,
   250.031070853,1316008286,,CYCLE_ACTIVITY.STALLS_TOTAL,500022597,4.92,,
   250.031070853,22375332330,,cpu-cycles,500022597,4.92,,
   250.031070853,22375329971,,ref-cycles,500022597,4.92,,
   250.031070853,65932406233,,instructions,500022597,4.92,2.95,insn per cycle
   250.031070853,2827609886,,EXE_ACTIVITY.1_PORTS_UTIL,500022563,4.92,,
   250.031070853,3591103248,,EXE_ACTIVITY.2_PORTS_UTIL,500022563,4.92,,
   250.031070853,127531331,,EXE_ACTIVITY.BOUND_ON_STORES,500022563,4.92,,
   250.031070853,7062452,,EXE_ACTIVITY.EXE_BOUND_0_PORTS,500022563,4.92,,
   250.031070853,22375365732,,cpu-cycles,500022563,4.92,,
   250.031070853,22375365976,,ref-cycles,500022563,4.92,,
   250.031070853,65934878336,,instructions,500022563,4.92,2.95,insn per cycle
   250.031070853,49711407,,MEM_LOAD_RETIRED.L2_HIT,500022640,4.92,,
   250.031070853,50981173,,MEM_LOAD_RETIRED.FB_HIT,500022640,4.92,,
   250.031070853,63305057,,MEM_LOAD_RETIRED.L1_MISS,500022640,4.92,,
   250.031070853,5811297,,L1D_PEND_MISS.FB_FULL:c1,500022640,4.92,,
   250.031070853,22375336125,,cpu-cycles,500022640,4.92,,
   250.031070853,22375337508,,ref-cycles,500022640,4.92,,
   250.031070853,65927715115,,instructions,500022640,4.92,2.95,insn per cycle
   250.031070853,185429637,,CYCLE_ACTIVITY.STALLS_L1D_MISS,500022539,4.92,,
   250.031070853,68192759,,CYCLE_ACTIVITY.STALLS_L2_MISS,500022539,4.92,,
   250.031070853,3845611,,CYCLE_ACTIVITY.STALLS_L3_MISS,500022539,4.92,,
   250.031070853,208013328,,OFFCORE_REQUESTS_OUTSTANDING.CYCLES_WITH_DEMAND_RFO,500022539,4.92,,
   250.031070853,22375362471,,cpu-cycles,500022539,4.92,,
   250.031070853,22375364810,,ref-cycles,500022539,4.92,,
   250.031070853,65941051440,,instructions,500022539,4.92,2.95,insn per cycle
   250.031070853,27604,,ITLB_MISSES.WALK_COMPLETED,500022514,4.92,,
   250.031070853,933839,,ITLB_MISSES.WALK_ACTIVE,500022514,4.92,,
   250.031070853,142,,DTLB_LOAD_MISSES.WALK_COMPLETED,500022514,4.92,,
   250.031070853,52868,,DTLB_LOAD_MISSES.WALK_ACTIVE,500022514,4.92,,
   250.031070853,22375313293,,cpu-cycles,500022514,4.92,,
   250.031070853,22375314514,,ref-cycles,500022514,4.92,,
   250.031070853,65986360747,,instructions,500022514,4.92,2.95,insn per cycle
   250.031070853,0,,DTLB_STORE_MISSES.WALK_COMPLETED,500022455,4.92,,
   250.031070853,0,,DTLB_STORE_MISSES.WALK_ACTIVE,500022455,4.92,,
   250.031070853,774474232,,IDQ_UOPS_NOT_DELIVERED.CYCLES_0_UOPS_DELIV.CORE,500022455,4.92,,
   250.031070853,52828,,BACLEARS.ANY,500022455,4.92,,
   250.031070853,22375305788,,cpu-cycles,500022455,4.92,,
   250.031070853,22375305686,,ref-cycles,500022455,4.92,,
   250.031070853,65948079211,,instructions,500022455,4.92,2.95,insn per cycle
   250.031070853,13621,,MEM_INST_RETIRED.LOCK_LOADS,304664379,3.00,,
   250.031070853,21416479,,L2_RQSTS.ALL_RFO,304664379,3.00,,
   250.031070853,8047845281,,MEM_INST_RETIRED.ALL_STORES,304664379,3.00,,
   250.031070853,11334774,,L2_RQSTS.RFO_HIT,304664379,3.00,,
   250.031070853,22374432525,,cpu-cycles,304664379,3.00,,
   250.031070853,22374435396,,ref-cycles,304664379,3.00,,
   250.031070853,65950698762,,instructions,304664379,3.00,2.95,insn per cycle
   250.031070853,0,,OFFCORE_REQUESTS_OUTSTANDING.L3_MISS_DEMAND_DATA_RD_GE_6,250011247,2.46,,
   250.031070853,6521650,,OFFCORE_REQUESTS_OUTSTANDING.CYCLES_WITH_L3_MISS_DEMAND_DATA_RD,250011247,2.46,,
   250.031070853,22375208107,,cpu-cycles,250011247,2.46,,
   250.031070853,22375208433,,ref-cycles,250011247,2.46,,
   250.031070853,65974372867,,instructions,250011247,2.46,2.95,insn per cycle
   250.031070853,21085152100,,UOPS_EXECUTED.CORE_CYCLES_GE_1,250011275,2.46,,
   250.031070853,18239855776,,UOPS_EXECUTED.CORE_CYCLES_GE_2,250011275,2.46,,
   250.031070853,14609176554,,UOPS_EXECUTED.CORE_CYCLES_GE_3,250011275,2.46,,
   250.031070853,7235701752,,UOPS_RETIRED.MACRO_FUSED,250011275,2.46,,
   250.031070853,22375379461,,cpu-cycles,250011275,2.46,,
   250.031070853,22375378566,,ref-cycles,250011275,2.46,,
   250.031070853,65915416974,,instructions,250011275,2.46,2.95,insn per cycle
   250.031070853,67350701,,FP_ARITH_INST_RETIRED.SCALAR_SINGLE:u0x03,250011288,2.46,,
   250.031070853,33553827,,FP_ARITH_INST_RETIRED.128B_PACKED_DOUBLE:u0xfc,250011288,2.46,,
   250.031070853,7827241,,ICACHE_16B.IFDATA_STALL,250011288,2.46,,
   250.031070853,1061283,,ICACHE_16B.IFDATA_STALL:c1:e1,250011288,2.46,,
   250.031070853,22375176696,,cpu-cycles,250011288,2.46,,
   250.031070853,22375174255,,ref-cycles,250011288,2.46,,
   250.031070853,65908060270,,instructions,250011288,2.46,2.95,insn per cycle
   250.031070853,19046050,,L2_RQSTS.ALL_CODE_RD,250011474,2.46,,
   250.031070853,0,,ITLB_MISSES.WALK_COMPLETED_2M_4M,250011474,2.46,,
   250.031070853,29012652,,L2_LINES_IN.ALL,250011474,2.46,,
   250.031070853,13598463,,MEM_LOAD_RETIRED.L2_MISS,250011474,2.46,,
   250.031070853,22375179448,,cpu-cycles,250011474,2.46,,
   250.031070853,22375181319,,ref-cycles,250011474,2.46,,
   250.031070853,65945941993,,instructions,250011474,2.46,2.95,insn per cycle
   250.031070853,399924,,L2_RQSTS.CODE_RD_MISS,250011152,2.46,,
   250.031070853,0,,DTLB_LOAD_MISSES.WALK_COMPLETED_2M_4M,250011152,2.46,,
   250.031070853,0,,DTLB_LOAD_MISSES.WALK_COMPLETED_4K,250011152,2.46,,
   250.031070853,0,,DTLB_LOAD_MISSES.WALK_COMPLETED_1G,250011152,2.46,,
   250.031070853,22375141488,,cpu-cycles,250011152,2.46,,
   250.031070853,22375145394,,ref-cycles,250011152,2.46,,
   250.031070853,66031219185,,instructions,250011152,2.46,2.95,insn per cycle
   250.031070853,51045078,,MEM_LOAD_RETIRED.FB_HIT,250011191,2.46,,
   250.031070853,0,,CYCLE_ACTIVITY.CYCLES_MEM_ANY,250011191,2.46,,
   250.031070853,692746915,,CYCLE_ACTIVITY.CYCLES_L1D_MISS,250011191,2.46,,
   250.031070853,22375093814,,cpu-cycles,250011191,2.46,,
   250.031070853,22375094993,,ref-cycles,250011191,2.46,,
   250.031070853,65962505281,,instructions,250011191,2.46,2.95,insn per cycle
   250.031070853,2818757462,,IDQ.MS_UOPS,250001498,2.46,,
   250.031070853,2894048,,ICACHE_64B.IFTAG_STALL,250001498,2.46,,
   250.031070853,10450138,,DTLB_LOAD_MISSES.STLB_HIT:c1,250001498,2.46,,
   250.031070853,22374365374,,cpu-cycles,250001498,2.46,,
   250.031070853,22374358743,,ref-cycles,250001498,2.46,,
   250.031070853,65929041855,,instructions,250001498,2.46,2.95,insn per cycle
   250.031070853,7731357,,ICACHE_16B.IFDATA_STALL,446420749,4.39,,
   250.031070853,1041090,,ICACHE_16B.IFDATA_STALL:c1:e1,446420749,4.39,,
   250.031070853,818372,,ARITH.DIVIDER_ACTIVE,446420749,4.39,,
   250.031070853,1329293497,,UOPS_EXECUTED.CORE_CYCLES_NONE,446420749,4.39,,
   250.031070853,22376135334,,cpu-cycles,446420749,4.39,,
   250.031070853,22376131484,,ref-cycles,446420749,4.39,,
   250.031070853,65975172296,,instructions,446420749,4.39,2.95,insn per cycle
   250.031070853,254255862,,CPU_CLK_THREAD_UNHALTED.ONE_THREAD_ACTIVE,500022498,4.92,,
   250.031070853,254255862,,CPU_CLK_THREAD_UNHALTED.REF_XCLK_ANY,500022498,4.92,,
   250.031070853,19875187,,cpu-cycles:k,500022498,4.92,,
   250.031070853,19891521,,ref-cycles:k,500022498,4.92,,
   250.031070853,15113761,,instructions:k,500022498,4.92,0.33,insn per cycle
   250.031070853,34478447710,,IDQ.DSB_UOPS,500022535,4.92,,
   250.031070853,27492340802,,IDQ.MITE_UOPS,500022535,4.92,,
   250.031070853,0,,LSD.UOPS,500022535,4.92,,
   250.031070853,22375458377,,cpu-cycles,500022535,4.92,,
   250.031070853,22375456729,,ref-cycles,500022535,4.92,,
   250.031070853,65910583627,,instructions,500022535,4.92,2.95,insn per cycle
   250.031070853,10753638109,,IDQ.ALL_MITE_CYCLES_ANY_UOPS,576115984,5.66,,
   250.031070853,3929607198,,IDQ.ALL_MITE_CYCLES_4_UOPS,576115984,5.66,,
   250.031070853,22339425485,,cpu-cycles,576115984,5.66,,
   250.031070853,22339434436,,ref-cycles,576115984,5.66,,
   250.031070853,61124525292,,instructions,576115984,5.66,2.73,insn per cycle
   250.031070853,6911456961,,IDQ.ALL_DSB_CYCLES_ANY_UOPS,593735579,5.84,,
   250.031070853,5345689112,,IDQ.ALL_DSB_CYCLES_4_UOPS,593735579,5.84,,
   250.031070853,22331558539,,cpu-cycles,593735579,5.84,,
   250.031070853,22331528542,,ref-cycles,593735579,5.84,,
   250.031070853,60238270924,,instructions,593735579,5.84,2.69,insn per cycle
   250.031070853,0,,MEM_LOAD_L3_HIT_RETIRED.XSNP_HIT,500022447,4.92,,
   250.031070853,221951,,MEM_LOAD_L3_HIT_RETIRED.XSNP_HITM,500022447,4.92,,
   250.031070853,22375540540,,cpu-cycles,500022447,4.92,,
   250.031070853,22375541435,,ref-cycles,500022447,4.92,,
   250.031070853,65901467701,,instructions,500022447,4.92,2.95,insn per cycle
   250.031070853,55574,,UOPS_EXECUTED.X87,500022583,4.92,,
   250.031070853,70153601339,,UOPS_EXECUTED.THREAD,500022583,4.92,,
   250.031070853,22375584778,,cpu-cycles,500022583,4.92,,
   250.031070853,22375584046,,ref-cycles,500022583,4.92,,
   250.031070853,65947570782,,instructions,500022583,4.92,2.95,insn per cycle
   250.031070853,<not supported>,,cstate_core/c6-residency/,0,100.00,,
   250.031070853,<not supported>,,cstate_pkg/c6-residency/,0,100.00,,
   255.031674513,22367166580,,CORE_POWER.LVL0_TURBO_LICENSE,500070532,4.92,,
   255.031674513,0,,CORE_POWER.LVL1_TURBO_LICENSE,500070532,4.92,,
   255.031674513,0,,CORE_POWER.LVL2_TURBO_LICENSE,500070532,4.92,,
   255.031674513,762262433,,L1D.REPLACEMENT,500070532,4.92,,
   255.031674513,22367166580,,cpu-cycles,500070532,4.92,,
   255.031674513,22367163225,,ref-cycles,500070532,4.92,,
   255.031674513,53420562839,,instructions,500070532,4.92,2.39,insn per cycle
   255.031674513,1598098,,MACHINE_CLEARS.COUNT,305726654,3.01,,
   255.031674513,7379105,,BR_MISP_RETIRED.ALL_BRANCHES,305726654,3.01,,
   255.031674513,46369132,,INT_MISC.CLEAR_RESTEER_CYCLES,305726654,3.01,,
   255.031674513,18281167274,,MEM_LOAD_RETIRED.L1_HIT,305726654,3.01,,
   255.031674513,22367260853,,cpu-cycles,305726654,3.01,,
   255.031674513,22367277151,,ref-cycles,305726654,3.01,,
   255.031674513,61392941069,,instructions,305726654,3.01,2.74,insn per cycle
   255.031674513,65460783613,,UOPS_ISSUED.ANY,250011301,2.46,,
   255.031674513,65076798236,,UOPS_RETIRED.RETIRE_SLOTS,250011301,2.46,,
   255.031674513,18248335,,INT_MISC.RECOVERY_CYCLES_ANY,250011301,2.46,,
   255.031674513,18248335,,INT_MISC.RECOVERY_CYCLES,250011301,2.46,,
   255.031674513,22369896321,,cpu-cycles,250011301,2.46,,
   255.031674513,22369894491,,ref-cycles,250011301,2.46,,
   255.031674513,65972658280,,instructions,250011301,2.46,2.95,insn per cycle
   255.031674513,22369931577,,CPU_CLK_UNHALTED.THREAD_ANY,250011258,2.46,,
   255.031674513,16084131307,,IDQ_UOPS_NOT_DELIVERED.CORE,250011258,2.46,,
   255.031674513,1126723820,,CYCLE_ACTIVITY.STALLS_MEM_ANY,250011258,2.46,,
   255.031674513,1302881787,,CYCLE_ACTIVITY.STALLS_TOTAL,250011258,2.46,,
   255.031674513,22369931577,,cpu-cycles,250011258,2.46,,
   255.031674513,22369928201,,ref-cycles,250011258,2.46,,
   255.031674513,65982665387,,instructions,250011258,2.46,2.95,insn per cycle
   255.031674513,2815913416,,EXE_ACTIVITY.1_PORTS_UTIL,250011280,2.46,,
   255.031674513,3575946710,,EXE_ACTIVITY.2_PORTS_UTIL,250011280,2.46,,
   255.031674513,127158572,,EXE_ACTIVITY.BOUND_ON_STORES,250011280,2.46,,
   255.031674513,7025272,,EXE_ACTIVITY.EXE_BOUND_0_PORTS,250011280,2.46,,
   255.031674513,22369857317,,cpu-cycles,250011280,2.46,,
   255.031674513,22369857927,,ref-cycles,250011280,2.46,,
   255.031674513,65942341423,,instructions,250011280,2.46,2.95,insn per cycle
   255.031674513,49828336,,MEM_LOAD_RETIRED.L2_HIT,250011367,2.46,,
   255.031674513,51031564,,MEM_LOAD_RETIRED.FB_HIT,250011367,2.46,,
   255.031674513,63418810,,MEM_LOAD_RETIRED.L1_MISS,250011367,2.46,,
   255.031674513,5784296,,L1D_PEND_MISS.FB_FULL:c1,250011367,2.46,,
   255.031674513,22369754661,,cpu-cycles,250011367,2.46,,
   255.031674513,22369752383,,ref-cycles,250011367,2.46,,
   255.031674513,65975884987,,instructions,250011367,2.46,2.95,insn per cycle
   255.031674513,185257349,,CYCLE_ACTIVITY.STALLS_L1D_MISS,250011264,2.46,,
   255.031674513,68470972,,CYCLE_ACTIVITY.STALLS_L2_MISS,250011264,2.46,,
   255.031674513,3948463,,CYCLE_ACTIVITY.STALLS_L3_MISS,250011264,2.46,,
   255.031674513,208918275,,OFFCORE_REQUESTS_OUTSTANDING.CYCLES_WITH_DEMAND_RFO,250011264,2.46,,
   255.031674513,22369859871,,cpu-cycles,250011264,2.46,,
   255.031674513,22369859708,,ref-cycles,250011264,2.46,,
   255.031674513,65970905964,,instructions,250011264,2.46,2.95,insn per cycle
   255.031674513,27292,,ITLB_MISSES.WALK_COMPLETED,250011268,2.46,,
   255.031674513,930995,,ITLB_MISSES.WALK_ACTIVE,250011268,2.46,,
   255.031674513,40,,DTLB_LOAD_MISSES.WALK_COMPLETED,250011268,2.46,,
   255.031674513,42260,,DTLB_LOAD_MISSES.WALK_ACTIVE,250011268,2.46,,
   255.031674513,22369771223,,cpu-cycles,250011268,2.46,,
   255.031674513,22369772687,,ref-cycles,250011268,2.46,,
   255.031674513,65941000957,,instructions,250011268,2.46,2.95,insn per cycle
   255.031674513,0,,DTLB_STORE_MISSES.WALK_COMPLETED,250011250,2.46,,
   255.031674513,0,,DTLB_STORE_MISSES.WALK_ACTIVE,250011250,2.46,,
   255.031674513,770962870,,IDQ_UOPS_NOT_DELIVERED.CYCLES_0_UOPS_DELIV.CORE,250011250,2.46,,
   255.031674513,53283,,BACLEARS.ANY,250011250,2.46,,
   255.031674513,22369813546,,cpu-cycles,250011250,2.46,,
   255.031674513,22369814075,,ref-cycles,250011250,2.46,,
   255.031674513,65969220119,,instructions,250011250,2.46,2.95,insn per cycle
   255.031674513,13380,,MEM_INST_RETIRED.LOCK_LOADS,445369777,4.38,,
   255.031674513,21413589,,L2_RQSTS.ALL_RFO,445369777,4.38,,
   255.031674513,8048838793,,MEM_INST_RETIRED.ALL_STORES,445369777,4.38,,
   255.031674513,11357290,,L2_RQSTS.RFO_HIT,445369777,4.38,,
   255.031674513,22370740405,,cpu-cycles,445369777,4.38,,
   255.031674513,22370738372,,ref-cycles,445369777,4.38,,
   255.031674513,65960420675,,instructions,445369777,4.38,2.95,insn per cycle
   255.031674513,0,,OFFCORE_REQUESTS_OUTSTANDING.L3_MISS_DEMAND_DATA_RD_GE_6,500022539,4.92,,
   255.031674513,6249913,,OFFCORE_REQUESTS_OUTSTANDING.CYCLES_WITH_L3_MISS_DEMAND_DATA_RD,500022539,4.92,,
   255.031674513,22369304685,,cpu-cycles,500022539,4.92,,
   255.031674513,22369304868,,ref-cycles,500022539,4.92,,
   255.031674513,65926863916,,instructions,500022539,4.92,2.95,insn per cycle
   255.031674513,21065759280,,UOPS_EXECUTED.CORE_CYCLES_GE_1,500022514,4.92,,
   255.031674513,18221864267,,UOPS_EXECUTED.CORE_CYCLES_GE_2,500022514,4.92,,
   255.031674513,14618725888,,UOPS_EXECUTED.CORE_CYCLES_GE_3,500022514,4.92,,
   255.031674513,7234801575,,UOPS_RETIRED.MACRO_FUSED,500022514,4.92,,
   255.031674513,22370202554,,cpu-cycles,500022514,4.92,,
   255.031674513,22370204140,,ref-cycles,500022514,4.92,,
   255.031674513,65905209093,,instructions,500022514,4.92,2.95,insn per cycle
   255.031674513,67325621,,FP_ARITH_INST_RETIRED.SCALAR_SINGLE:u0x03,500022565,4.92,,
   255.031674513,33541174,,FP_ARITH_INST_RETIRED.128B_PACKED_DOUBLE:u0xfc,500022565,4.92,,
   255.031674513,7640058,,ICACHE_16B.IFDATA_STALL,500022565,4.92,,
   255.031674513,1035303,,ICACHE_16B.IFDATA_STALL:c1:e1,500022565,4.92,,
   255.031674513,22370058563,,cpu-cycles,500022565,4.92,,
   255.031674513,22370059478,,ref-cycles,500022565,4.92,,
   255.031674513,65896829557,,instructions,500022565,4.92,2.95,insn per cycle
   255.031674513,18878529,,L2_RQSTS.ALL_CODE_RD,500022746,4.92,,
   255.031674513,0,,ITLB_MISSES.WALK_COMPLETED_2M_4M,500022746,4.92,,
   255.031674513,28997503,,L2_LINES_IN.ALL,500022746,4.92,,
   255.031674513,13589975,,MEM_LOAD_RETIRED.L2_MISS,500022746,4.92,,
   255.031674513,22369946231,,cpu-cycles,500022746,4.92,,
   255.031674513,22369946252,,ref-cycles,500022746,4.92,,
   255.031674513,65953183729,,instructions,500022746,4.92,2.95,insn per cycle
   255.031674513,406885,,L2_RQSTS.CODE_RD_MISS,500022411,4.92,,
   255.031674513,0,,DTLB_LOAD_MISSES.WALK_COMPLETED_2M_4M,500022411,4.92,,
   255.031674513,61,,DTLB_LOAD_MISSES.WALK_COMPLETED_4K,500022411,4.92,,
   255.031674513,0,,DTLB_LOAD_MISSES.WALK_COMPLETED_1G,500022411,4.92,,
   255.031674513,22370064083,,cpu-cycles,500022411,4.92,,
   255.031674513,22370062863,,ref-cycles,500022411,4.92,,
   255.031674513,65893247665,,instructions,500022411,4.92,2.95,insn per cycle
   255.031674513,50963799,,MEM_LOAD_RETIRED.FB_HIT,500022689,4.92,,
   255.031674513,0,,CYCLE_ACTIVITY.CYCLES_MEM_ANY,500022689,4.92,,
   255.031674513,693458341,,CYCLE_ACTIVITY.CYCLES_L1D_MISS,500022689,4.92,,
   255.031674513,22370087221,,cpu-cycles,500022689,4.92,,
   255.031674513,22370088014,,ref-cycles,500022689,4.92,,
   255.031674513,65957174320,,instructions,500022689,4.92,2.95,insn per cycle
   255.031674513,2818758108,,IDQ.MS_UOPS,500022309,4.92,,
   255.031674513,2692031,,ICACHE_64B.IFTAG_STALL,500022309,4.92,,
   255.031674513,10433479,,DTLB_LOAD_MISSES.STLB_HIT:c1,500022309,4.92,,
   255.031674513,22370051454,,cpu-cycles,500022309,4.92,,
   255.031674513,22370050600,,ref-cycles,500022309,4.92,,
   255.031674513,65950960045,,instructions,500022309,4.92,2.95,insn per cycle
   255.031674513,7915016,,ICACHE_16B.IFDATA_STALL,500022954,4.92,,
   255.031674513,1062778,,ICACHE_16B.IFDATA_STALL:c1:e1,500022954,4.92,,
   255.031674513,819729,,ARITH.DIVIDER_ACTIVE,500022954,4.92,,
   255.031674513,1311149274,,UOPS_EXECUTED.CORE_CYCLES_NONE,500022954,4.92,,
   255.031674513,22370158573,,cpu-cycles,500022954,4.92,,
   255.031674513,22370160078,,ref-cycles,500022954,4.92,,
   255.031674513,65937084251,,instructions,500022954,4.92,2.95,insn per cycle
   255.031674513,254206380,,CPU_CLK_THREAD_UNHALTED.ONE_THREAD_ACTIVE,500022404,4.92,,
   255.031674513,254206380,,CPU_CLK_THREAD_UNHALTED.REF_XCLK_ANY,500022404,4.92,,
   255.031674513,19856182,,cpu-cycles:k,500022404,4.92,,
   255.031674513,19863565,,ref-cycles:k,500022404,4.92,,
   255.031674513,15110197,,instructions:k,500022404,4.92,0.33,insn per cycle
   255.031674513,34735126232,,IDQ.DSB_UOPS,500022468,4.92,,
   255.031674513,27297244759,,IDQ.MITE_UOPS,500022468,4.92,,
   255.031674513,0,,LSD.UOPS,500022468,4.92,,
   255.031674513,22370252112,,cpu-cycles,500022468,4.92,,
   255.031674513,22370254003,,ref-cycles,500022468,4.92,,
   255.031674513,65955750308,,instructions,500022468,4.92,2.95,insn per cycle
   255.031674513,9636713116,,IDQ.ALL_MITE_CYCLES_ANY_UOPS,500023432,4.92,,
   255.031674513,3580099070,,IDQ.ALL_MITE_CYCLES_4_UOPS,500023432,4.92,,
   255.031674513,22370229723,,cpu-cycles,500023432,4.92,,
   255.031674513,22370231045,,ref-cycles,500023432,4.92,,
   255.031674513,60380894785,,instructions,500023432,4.92,2.70,insn per cycle
   255.031674513,6677451950,,IDQ.ALL_DSB_CYCLES_ANY_UOPS,628898883,6.18,,
   255.031674513,5245079589,,IDQ.ALL_DSB_CYCLES_4_UOPS,628898883,6.18,,
   255.031674513,22311435822,,cpu-cycles,628898883,6.18,,
   255.031674513,22311430615,,ref-cycles,628898883,6.18,,
   255.031674513,49280191566,,instructions,628898883,6.18,2.20,insn per cycle
   255.031674513,64891,,MEM_LOAD_L3_HIT_RETIRED.XSNP_HIT,538453887,5.30,,
   255.031674513,2742269,,MEM_LOAD_L3_HIT_RETIRED.XSNP_HITM,538453887,5.30,,
   255.031674513,22348642007,,cpu-cycles,538453887,5.30,,
   255.031674513,22348648069,,ref-cycles,538453887,5.30,,
   255.031674513,51719802591,,instructions,538453887,5.30,2.31,insn per cycle
   255.031674513,2551150,,UOPS_EXECUTED.X87,500023623,4.92,,
   255.031674513,61172427877,,UOPS_EXECUTED.THREAD,500023623,4.92,,
   255.031674513,22369286081,,cpu-cycles,500023623,4.92,,
   255.031674513,22369287097,,ref-cycles,500023623,4.92,,
   255.031674513,53310191095,,instructions,500023623,4.92,2.38,insn per cycle
   255.031674513,<not supported>,,cstate_core/c6-residency/,0,100.00,,
   255.031674513,<not supported>,,cstate_pkg/c6-residency/,0,100.00,,
   260.032294587,22370928986,,CORE_POWER.LVL0_TURBO_LICENSE,250011984,2.46,,
   260.032294587,0,,CORE_POWER.LVL1_TURBO_LICENSE,250011984,2.46,,
   260.032294587,0,,CORE_POWER.LVL2_TURBO_LICENSE,250011984,2.46,,
   260.032294587,1421437511,,L1D.REPLACEMENT,250011984,2.46,,
   260.032294587,22370928986,,cpu-cycles,250011984,2.46,,
   260.032294587,22370931102,,ref-cycles,250011984,2.46,,
   260.032294587,41022813653,,instructions,250011984,2.46,1.83,insn per cycle
   260.032294587,6961784,,MACHINE_CLEARS.COUNT,444306002,4.37,,
   260.032294587,28163870,,BR_MISP_RETIRED.ALL_BRANCHES,444306002,4.37,,
   260.032294587,147715510,,INT_MISC.CLEAR_RESTEER_CYCLES,444306002,4.37,,
   260.032294587,12974623492,,MEM_LOAD_RETIRED.L1_HIT,444306002,4.37,,
   260.032294587,22372178611,,cpu-cycles,444306002,4.37,,
   260.032294587,22372168493,,ref-cycles,444306002,4.37,,
   260.032294587,41077510363,,instructions,444306002,4.37,1.84,insn per cycle
   260.032294587,47371562379,,UOPS_ISSUED.ANY,500022574,4.92,,
   260.032294587,45106674930,,UOPS_RETIRED.RETIRE_SLOTS,500022574,4.92,,
   260.032294587,174982190,,INT_MISC.RECOVERY_CYCLES_ANY,500022574,4.92,,
   260.032294587,174982190,,INT_MISC.RECOVERY_CYCLES,500022574,4.92,,
   260.032294587,22370612637,,cpu-cycles,500022574,4.92,,
   260.032294587,22370613613,,ref-cycles,500022574,4.92,,
   260.032294587,41037333712,,instructions,500022574,4.92,1.83,insn per cycle
   260.032294587,22370688681,,CPU_CLK_UNHALTED.THREAD_ANY,500022183,4.92,,
   260.032294587,8216727524,,IDQ_UOPS_NOT_DELIVERED.CORE,500022183,4.92,,
   260.032294587,3941092614,,CYCLE_ACTIVITY.STALLS_MEM_ANY,500022183,4.92,,
   260.032294587,5771340410,,CYCLE_ACTIVITY.STALLS_TOTAL,500022183,4.92,,
   260.032294587,22370688681,,cpu-cycles,500022183,4.92,,
   260.032294587,22370688518,,ref-cycles,500022183,4.92,,
   260.032294587,40998233748,,instructions,500022183,4.92,1.83,insn per cycle
   260.032294587,2449807110,,EXE_ACTIVITY.1_PORTS_UTIL,500022993,4.92,,
   260.032294587,3450704782,,EXE_ACTIVITY.2_PORTS_UTIL,500022993,4.92,,
   260.032294587,1455157630,,EXE_ACTIVITY.BOUND_ON_STORES,500022993,4.92,,
   260.032294587,87624509,,EXE_ACTIVITY.EXE_BOUND_0_PORTS,500022993,4.92,,
   260.032294587,22370636302,,cpu-cycles,500022993,4.92,,
   260.032294587,22370637218,,ref-cycles,500022993,4.92,,
   260.032294587,41020932159,,instructions,500022993,4.92,1.83,insn per cycle
   260.032294587,336549494,,MEM_LOAD_RETIRED.L2_HIT,500022789,4.92,,
   260.032294587,638062690,,MEM_LOAD_RETIRED.FB_HIT,500022789,4.92,,
   260.032294587,409764208,,MEM_LOAD_RETIRED.L1_MISS,500022789,4.92,,
   260.032294587,541383891,,L1D_PEND_MISS.FB_FULL:c1,500022789,4.92,,
   260.032294587,22370705011,,cpu-cycles,500022789,4.92,,
   260.032294587,22370705784,,ref-cycles,500022789,4.92,,
   260.032294587,41022866427,,instructions,500022789,4.92,1.83,insn per cycle
   260.032294587,1559283160,,CYCLE_ACTIVITY.STALLS_L1D_MISS,500022120,4.92,,
   260.032294587,1075095236,,CYCLE_ACTIVITY.STALLS_L2_MISS,500022120,4.92,,
   260.032294587,469389288,,CYCLE_ACTIVITY.STALLS_L3_MISS,500022120,4.92,,
   260.032294587,6164123419,,OFFCORE_REQUESTS_OUTSTANDING.CYCLES_WITH_DEMAND_RFO,500022120,4.92,,
   260.032294587,22370606440,,cpu-cycles,500022120,4.92,,
   260.032294587,22370607173,,ref-cycles,500022120,4.92,,
   260.032294587,40992788328,,instructions,500022120,4.92,1.83,insn per cycle
   260.032294587,7871,,ITLB_MISSES.WALK_COMPLETED,500022607,4.92,,
   260.032294587,413831,,ITLB_MISSES.WALK_ACTIVE,500022607,4.92,,
   260.032294587,0,,DTLB_LOAD_MISSES.WALK_COMPLETED,500022607,4.92,,
   260.032294587,52883,,DTLB_LOAD_MISSES.WALK_ACTIVE,500022607,4.92,,
   260.032294587,22370582303,,cpu-cycles,500022607,4.92,,
   260.032294587,22370582181,,ref-cycles,500022607,4.92,,
   260.032294587,40963227916,,instructions,500022607,4.92,1.83,insn per cycle
   260.032294587,4271,,DTLB_STORE_MISSES.WALK_COMPLETED,500002282,4.92,,
   260.032294587,291195,,DTLB_STORE_MISSES.WALK_ACTIVE,500002282,4.92,,
   260.032294587,749060709,,IDQ_UOPS_NOT_DELIVERED.CYCLES_0_UOPS_DELIV.CORE,500002282,4.92,,
   260.032294587,1270733,,BACLEARS.ANY,500002282,4.92,,
   260.032294587,22369385221,,cpu-cycles,500002282,4.92,,
   260.032294587,22369386889,,ref-cycles,500002282,4.92,,
   260.032294587,41002509402,,instructions,500002282,4.92,1.83,insn per cycle
   260.032294587,9491176,,MEM_INST_RETIRED.LOCK_LOADS,500022577,4.92,,
   260.032294587,500981727,,L2_RQSTS.ALL_RFO,500022577,4.92,,
   260.032294587,6443593309,,MEM_INST_RETIRED.ALL_STORES,500022577,4.92,,
   260.032294587,206489199,,L2_RQSTS.RFO_HIT,500022577,4.92,,
   260.032294587,22370865341,,cpu-cycles,500022577,4.92,,
   260.032294587,22370865626,,ref-cycles,500022577,4.92,,
   260.032294587,41003541772,,instructions,500022577,4.92,1.83,insn per cycle
   260.032294587,7053851,,OFFCORE_REQUESTS_OUTSTANDING.L3_MISS_DEMAND_DATA_RD_GE_6,500022373,4.92,,
   260.032294587,709256015,,OFFCORE_REQUESTS_OUTSTANDING.CYCLES_WITH_L3_MISS_DEMAND_DATA_RD,500022373,4.92,,
   260.032294587,22370765293,,cpu-cycles,500022373,4.92,,
   260.032294587,22370763178,,ref-cycles,500022373,4.92,,
   260.032294587,40990140012,,instructions,500022373,4.92,1.83,insn per cycle
   260.032294587,16578466778,,UOPS_EXECUTED.CORE_CYCLES_GE_1,500022583,4.92,,
   260.032294587,14116482536,,UOPS_EXECUTED.CORE_CYCLES_GE_2,500022583,4.92,,
   260.032294587,10663625758,,UOPS_EXECUTED.CORE_CYCLES_GE_3,500022583,4.92,,
   260.032294587,2710575543,,UOPS_RETIRED.MACRO_FUSED,500022583,4.92,,
   260.032294587,22370903759,,cpu-cycles,500022583,4.92,,
   260.032294587,22370902539,,ref-cycles,500022583,4.92,,
   260.032294587,40949674691,,instructions,500022583,4.92,1.83,insn per cycle
   260.032294587,568698,,FP_ARITH_INST_RETIRED.SCALAR_SINGLE:u0x03,500022468,4.92,,
   260.032294587,202156,,FP_ARITH_INST_RETIRED.128B_PACKED_DOUBLE:u0xfc,500022468,4.92,,
   260.032294587,47693831,,ICACHE_16B.IFDATA_STALL,500022468,4.92,,
   260.032294587,3908029,,ICACHE_16B.IFDATA_STALL:c1:e1,500022468,4.92,,
   260.032294587,22370646372,,cpu-cycles,500022468,4.92,,
   260.032294587,22370645782,,ref-cycles,500022468,4.92,,
   260.032294587,41014331182,,instructions,500022468,4.92,1.83,insn per cycle
   260.032294587,38086179,,L2_RQSTS.ALL_CODE_RD,500023023,4.92,,
   260.032294587,0,,ITLB_MISSES.WALK_COMPLETED_2M_4M,500023023,4.92,,
   260.032294587,607868993,,L2_LINES_IN.ALL,500023023,4.92,,
   260.032294587,73215539,,MEM_LOAD_RETIRED.L2_MISS,500023023,4.92,,
   260.032294587,22370645866,,cpu-cycles,500023023,4.92,,
   260.032294587,22370647148,,ref-cycles,500023023,4.92,,
   260.032294587,41047960166,,instructions,500023023,4.92,1.84,insn per cycle
   260.032294587,2472594,,L2_RQSTS.CODE_RD_MISS,500022496,4.92,,
   260.032294587,0,,DTLB_LOAD_MISSES.WALK_COMPLETED_2M_4M,500022496,4.92,,
   260.032294587,40,,DTLB_LOAD_MISSES.WALK_COMPLETED_4K,500022496,4.92,,
   260.032294587,0,,DTLB_LOAD_MISSES.WALK_COMPLETED_1G,500022496,4.92,,
   260.032294587,22370521919,,cpu-cycles,500022496,4.92,,
   260.032294587,22370521837,,ref-cycles,500022496,4.92,,
   260.032294587,41008698860,,instructions,500022496,4.92,1.83,insn per cycle
   260.032294587,638081777,,MEM_LOAD_RETIRED.FB_HIT,500022269,4.92,,
   260.032294587,0,,CYCLE_ACTIVITY.CYCLES_MEM_ANY,500022269,4.92,,
   260.032294587,4435111102,,CYCLE_ACTIVITY.CYCLES_L1D_MISS,500022269,4.92,,
   260.032294587,22370618797,,cpu-cycles,500022269,4.92,,
   260.032294587,22370620200,,ref-cycles,500022269,4.92,,
   260.032294587,41021902455,,instructions,500022269,4.92,1.83,insn per cycle
   260.032294587,3349791059,,IDQ.MS_UOPS,500005666,4.92,,
   260.032294587,1579348,,ICACHE_64B.IFTAG_STALL,500005666,4.92,,
   260.032294587,221805409,,DTLB_LOAD_MISSES.STLB_HIT:c1,500005666,4.92,,
   260.032294587,22369613342,,cpu-cycles,500005666,4.92,,
   260.032294587,22369611491,,ref-cycles,500005666,4.92,,
   260.032294587,40989560563,,instructions,500005666,4.92,1.83,insn per cycle
   260.032294587,48207424,,ICACHE_16B.IFDATA_STALL,307254973,3.02,,
   260.032294587,3941711,,ICACHE_16B.IFDATA_STALL:c1:e1,307254973,3.02,,
   260.032294587,46264853,,ARITH.DIVIDER_ACTIVE,307254973,3.02,,
   260.032294587,5759028272,,UOPS_EXECUTED.CORE_CYCLES_NONE,307254973,3.02,,
   260.032294587,22368763420,,cpu-cycles,307254973,3.02,,
   260.032294587,22368776859,,ref-cycles,307254973,3.02,,
   260.032294587,41031361568,,instructions,307254973,3.02,1.83,insn per cycle
   260.032294587,254211602,,CPU_CLK_THREAD_UNHALTED.ONE_THREAD_ACTIVE,250011328,2.46,,
   260.032294587,254211602,,CPU_CLK_THREAD_UNHALTED.REF_XCLK_ANY,250011328,2.46,,
   260.032294587,13440842,,cpu-cycles:k,250011328,2.46,,
   260.032294587,13438523,,ref-cycles:k,250011328,2.46,,
   260.032294587,8612400,,instructions:k,250011328,2.46,0.19,insn per cycle
   260.032294587,30638794327,,IDQ.DSB_UOPS,250011107,2.46,,
   260.032294587,13630467834,,IDQ.MITE_UOPS,250011107,2.46,,
   260.032294587,0,,LSD.UOPS,250011107,2.46,,
   260.032294587,22371056591,,cpu-cycles,250011107,2.46,,
   260.032294587,22371055574,,ref-cycles,250011107,2.46,,
   260.032294587,41035492590,,instructions,250011107,2.46,1.83,insn per cycle
   260.032294587,4863156148,,IDQ.ALL_MITE_CYCLES_ANY_UOPS,250012467,2.46,,
   260.032294587,2084627379,,IDQ.ALL_MITE_CYCLES_4_UOPS,250012467,2.46,,
   260.032294587,22370831855,,cpu-cycles,250012467,2.46,,
   260.032294587,22370833563,,ref-cycles,250012467,2.46,,
   260.032294587,40980219771,,instructions,250012467,2.46,1.83,insn per cycle
   260.032294587,7130033426,,IDQ.ALL_DSB_CYCLES_ANY_UOPS,250010209,2.46,,
   260.032294587,5777483041,,IDQ.ALL_DSB_CYCLES_4_UOPS,250010209,2.46,,
   260.032294587,22370815697,,cpu-cycles,250010209,2.46,,
   260.032294587,22370815087,,ref-cycles,250010209,2.46,,
   260.032294587,41004143281,,instructions,250010209,2.46,1.83,insn per cycle
   260.032294587,164468,,MEM_LOAD_L3_HIT_RETIRED.XSNP_HIT,418700361,4.12,,
   260.032294587,3274194,,MEM_LOAD_L3_HIT_RETIRED.XSNP_HITM,418700361,4.12,,
   260.032294587,22246389144,,cpu-cycles,418700361,4.12,,
   260.032294587,22246411636,,ref-cycles,418700361,4.12,,
   260.032294587,36351629758,,instructions,418700361,4.12,1.63,insn per cycle
   260.032294587,5104573,,UOPS_EXECUTED.X87,250011168,2.46,,
   260.032294587,52604147693,,UOPS_EXECUTED.THREAD,250011168,2.46,,
   260.032294587,22370819331,,cpu-cycles,250011168,2.46,,
   260.032294587,22370818558,,ref-cycles,250011168,2.46,,
   260.032294587,41037944828,,instructions,250011168,2.46,1.83,insn per cycle
   260.032294587,<not supported>,,cstate_core/c6-residency/,0,100.00,,
   260.032294587,<not supported>,,cstate_pkg/c6-residency/,0,100.00,,
   265.032890699,22374444185,,CORE_POWER.LVL0_TURBO_LICENSE,500003320,4.92,,
   265.032890699,0,,CORE_POWER.LVL1_TURBO_LICENSE,500003320,4.92,,
   265.032890699,0,,CORE_POWER.LVL2_TURBO_LICENSE,500003320,4.92,,
   265.032890699,1420928330,,L1D.REPLACEMENT,500003320,4.92,,
   265.032890699,22374444185,,cpu-cycles,500003320,4.92,,
   265.032890699,22374443433,,ref-cycles,500003320,4.92,,
   265.032890699,41024309613,,instructions,500003320,4.92,1.83,insn per cycle
   265.032890699,6349147,,MACHINE_CLEARS.COUNT,500022272,4.92,,
   265.032890699,29085549,,BR_MISP_RETIRED.ALL_BRANCHES,500022272,4.92,,
   265.032890699,151695174,,INT_MISC.CLEAR_RESTEER_CYCLES,500022272,4.92,,
   265.032890699,12968311471,,MEM_LOAD_RETIRED.L1_HIT,500022272,4.92,,
   265.032890699,22375394776,,cpu-cycles,500022272,4.92,,
   265.032890699,22375395345,,ref-cycles,500022272,4.92,,
   265.032890699,41065039433,,instructions,500022272,4.92,1.84,insn per cycle
   265.032890699,47504132179,,UOPS_ISSUED.ANY,500023456,4.92,,
   265.032890699,45189810902,,UOPS_RETIRED.RETIRE_SLOTS,500023456,4.92,,
   265.032890699,179380845,,INT_MISC.RECOVERY_CYCLES_ANY,500023456,4.92,,
   265.032890699,179380845,,INT_MISC.RECOVERY_CYCLES,500023456,4.92,,
   265.032890699,22375399960,,cpu-cycles,500023456,4.92,,
   265.032890699,22375400001,,ref-cycles,500023456,4.92,,
   265.032890699,41102054964,,instructions,500023456,4.92,1.84,insn per cycle
   265.032890699,22375429802,,CPU_CLK_UNHALTED.THREAD_ANY,500021814,4.92,,
   265.032890699,8187690508,,IDQ_UOPS_NOT_DELIVERED.CORE,500021814,4.92,,
   265.032890699,3936288380,,CYCLE_ACTIVITY.STALLS_MEM_ANY,500021814,4.92,,
   265.032890699,5763345889,,CYCLE_ACTIVITY.STALLS_TOTAL,500021814,4.92,,
   265.032890699,22375429802,,cpu-cycles,500021814,4.92,,
   265.032890699,22375431511,,ref-cycles,500021814,4.92,,
   265.032890699,41038436576,,instructions,500021814,4.92,1.83,insn per cycle
   265.032890699,2453795310,,EXE_ACTIVITY.1_PORTS_UTIL,500022864,4.92,,
   265.032890699,3471943848,,EXE_ACTIVITY.2_PORTS_UTIL,500022864,4.92,,
   265.032890699,1440239118,,EXE_ACTIVITY.BOUND_ON_STORES,500022864,4.92,,
   265.032890699,88776319,,EXE_ACTIVITY.EXE_BOUND_0_PORTS,500022864,4.92,,
   265.032890699,22375316636,,cpu-cycles,500022864,4.92,,
   265.032890699,22375318162,,ref-cycles,500022864,4.92,,
   265.032890699,41062205931,,instructions,500022864,4.92,1.84,insn per cycle
   265.032890699,336459658,,MEM_LOAD_RETIRED.L2_HIT,500022313,4.92,,
   265.032890699,637428251,,MEM_LOAD_RETIRED.FB_HIT,500022313,4.92,,
   265.032890699,409794785,,MEM_LOAD_RETIRED.L1_MISS,500022313,4.92,,
   265.032890699,541125374,,L1D_PEND_MISS.FB_FULL:c1,500022313,4.92,,
   265.032890699,22375288675,,cpu-cycles,500022313,4.92,,
   265.032890699,22375290383,,ref-cycles,500022313,4.92,,
   265.032890699,41067244850,,instructions,500022313,4.92,1.84,insn per cycle
   265.032890699,1558121617,,CYCLE_ACTIVITY.STALLS_L1D_MISS,500023400,4.92,,
   265.032890699,1074158422,,CYCLE_ACTIVITY.STALLS_L2_MISS,500023400,4.92,,
   265.032890699,465382321,,CYCLE_ACTIVITY.STALLS_L3_MISS,500023400,4.92,,
   265.032890699,6155634560,,OFFCORE_REQUESTS_OUTSTANDING.CYCLES_WITH_DEMAND_RFO,500023400,4.92,,
   265.032890699,22375301170,,cpu-cycles,500023400,4.92,,
   265.032890699,22375300438,,ref-cycles,500023400,4.92,,
   265.032890699,41058637288,,instructions,500023400,4.92,1.84,insn per cycle
   265.032890699,7812,,ITLB_MISSES.WALK_COMPLETED,500022102,4.92,,
   265.032890699,368061,,ITLB_MISSES.WALK_ACTIVE,500022102,4.92,,
   265.032890699,0,,DTLB_LOAD_MISSES.WALK_COMPLETED,500022102,4.92,,
   265.032890699,59078,,DTLB_LOAD_MISSES.WALK_ACTIVE,500022102,4.92,,
   265.032890699,22375326691,,cpu-cycles,500022102,4.92,,
   265.032890699,22375325694,,ref-cycles,500022102,4.92,,
   265.032890699,41010900909,,instructions,500022102,4.92,1.83,insn per cycle
   265.032890699,4841,,DTLB_STORE_MISSES.WALK_COMPLETED,500023060,4.92,,
   265.032890699,305605,,DTLB_STORE_MISSES.WALK_ACTIVE,500023060,4.92,,
   265.032890699,751241571,,IDQ_UOPS_NOT_DELIVERED.CYCLES_0_UOPS_DELIV.CORE,500023060,4.92,,
   265.032890699,1314640,,BACLEARS.ANY,500023060,4.92,,
   265.032890699,22375277121,,cpu-cycles,500023060,4.92,,
   265.032890699,22375278056,,ref-cycles,500023060,4.92,,
   265.032890699,41040602836,,instructions,500023060,4.92,1.83,insn per cycle
   265.032890699,9432998,,MEM_INST_RETIRED.LOCK_LOADS,308304962,3.03,,
   265.032890699,500722725,,L2_RQSTS.ALL_RFO,308304962,3.03,,
   265.032890699,6441933756,,MEM_INST_RETIRED.ALL_STORES,308304962,3.03,,
   265.032890699,206220078,,L2_RQSTS.RFO_HIT,308304962,3.03,,
   265.032890699,22373233255,,cpu-cycles,308304962,3.03,,
   265.032890699,22373241636,,ref-cycles,308304962,3.03,,
   265.032890699,41026193053,,instructions,308304962,3.03,1.83,insn per cycle
   265.032890699,6882619,,OFFCORE_REQUESTS_OUTSTANDING.L3_MISS_DEMAND_DATA_RD_GE_6,250011718,2.46,,
   265.032890699,700444316,,OFFCORE_REQUESTS_OUTSTANDING.CYCLES_WITH_L3_MISS_DEMAND_DATA_RD,250011718,2.46,,
   265.032890699,22375320776,,cpu-cycles,250011718,2.46,,
   265.032890699,22375319311,,ref-cycles,250011718,2.46,,
   265.032890699,41057737421,,instructions,250011718,2.46,1.84,insn per cycle
   265.032890699,16623761814,,UOPS_EXECUTED.CORE_CYCLES_GE_1,250011124,2.46,,
   265.032890699,14161572380,,UOPS_EXECUTED.CORE_CYCLES_GE_2,250011124,2.46,,
   265.032890699,10695952435,,UOPS_EXECUTED.CORE_CYCLES_GE_3,250011124,2.46,,
   265.032890699,2722365354,,UOPS_RETIRED.MACRO_FUSED,250011124,2.46,,
   265.032890699,22375446423,,cpu-cycles,250011124,2.46,,
   265.032890699,22375444633,,ref-cycles,250011124,2.46,,
   265.032890699,41070667547,,instructions,250011124,2.46,1.84,insn per cycle
   265.032890699,568978,,FP_ARITH_INST_RETIRED.SCALAR_SINGLE:u0x03,250011390,2.46,,
   265.032890699,202015,,FP_ARITH_INST_RETIRED.128B_PACKED_DOUBLE:u0xfc,250011390,2.46,,
   265.032890699,47674646,,ICACHE_16B.IFDATA_STALL,250011390,2.46,,
   265.032890699,3934267,,ICACHE_16B.IFDATA_STALL:c1:e1,250011390,2.46,,
   265.032890699,22375267965,,cpu-cycles,250011390,2.46,,
   265.032890699,22375269958,,ref-cycles,250011390,2.46,,
   265.032890699,41036614209,,instructions,250011390,2.46,1.83,insn per cycle
   265.032890699,38112309,,L2_RQSTS.ALL_CODE_RD,250011224,2.46,,
   265.032890699,0,,ITLB_MISSES.WALK_COMPLETED_2M_4M,250011224,2.46,,
   265.032890699,608040985,,L2_LINES_IN.ALL,250011224,2.46,,
   265.032890699,73258230,,MEM_LOAD_RETIRED.L2_MISS,250011224,2.46,,
   265.032890699,22375339074,,cpu-cycles,250011224,2.46,,
   265.032890699,22375342289,,ref-cycles,250011224,2.46,,
   265.032890699,40990801822,,instructions,250011224,2.46,1.83,insn per cycle
   265.032890699,2468492,,L2_RQSTS.CODE_RD_MISS,250011134,2.46,,
   265.032890699,0,,DTLB_LOAD_MISSES.WALK_COMPLETED_2M_4M,250011134,2.46,,
   265.032890699,0,,DTLB_LOAD_MISSES.WALK_COMPLETED_4K,250011134,2.46,,
   265.032890699,0,,DTLB_LOAD_MISSES.WALK_COMPLETED_1G,250011134,2.46,,
   265.032890699,22375143658,,cpu-cycles,250011134,2.46,,
   265.032890699,22375143414,,ref-cycles,250011134,2.46,,
   265.032890699,41072745274,,instructions,250011134,2.46,1.84,insn per cycle
   265.032890699,638069519,,MEM_LOAD_RETIRED.FB_HIT,250011041,2.46,,
   265.032890699,0,,CYCLE_ACTIVITY.CYCLES_MEM_ANY,250011041,2.46,,
   265.032890699,4427907732,,CYCLE_ACTIVITY.CYCLES_L1D_MISS,250011041,2.46,,
   265.032890699,22375388356,,cpu-cycles,250011041,2.46,,
   265.032890699,22375390390,,ref-cycles,250011041,2.46,,
   265.032890699,41060605859,,instructions,250011041,2.46,1.84,insn per cycle
   265.032890699,3375248987,,IDQ.MS_UOPS,250011762,2.46,,
   265.032890699,1252043,,ICACHE_64B.IFTAG_STALL,250011762,2.46,,
   265.032890699,222433286,,DTLB_LOAD_MISSES.STLB_HIT:c1,250011762,2.46,,
   265.032890699,22375351212,,cpu-cycles,250011762,2.46,,
   265.032890699,22375351538,,ref-cycles,250011762,2.46,,
   265.032890699,40932658033,,instructions,250011762,2.46,1.83,insn per cycle
   265.032890699,48245291,,ICACHE_16B.IFDATA_STALL,442778198,4.35,,
   265.032890699,3928701,,ICACHE_16B.IFDATA_STALL:c1:e1,442778198,4.35,,
   265.032890699,46248340,,ARITH.DIVIDER_ACTIVE,442778198,4.35,,
   265.032890699,5771797965,,UOPS_EXECUTED.CORE_CYCLES_NONE,442778198,4.35,,
   265.032890699,22376929838,,cpu-cycles,442778198,4.35,,
   265.032890699,22376924876,,ref-cycles,442778198,4.35,,
   265.032890699,41011393609,,instructions,442778198,4.35,1.83,insn per cycle
   265.032890699,254265777,,CPU_CLK_THREAD_UNHALTED.ONE_THREAD_ACTIVE,500023765,4.92,,
   265.032890699,254265777,,CPU_CLK_THREAD_UNHALTED.REF_XCLK_ANY,500023765,4.92,,
   265.032890699,13901635,,cpu-cycles:k,500023765,4.92,,
   265.032890699,13908511,,ref-cycles:k,500023765,4.92,,
   265.032890699,8616428,,instructions:k,500023765,4.92,0.19,insn per cycle
   265.032890699,30622718834,,IDQ.DSB_UOPS,500021782,4.92,,
   265.032890699,13649720346,,IDQ.MITE_UOPS,500021782,4.92,,
   265.032890699,0,,LSD.UOPS,500021782,4.92,,
   265.032890699,22375551977,,cpu-cycles,500021782,4.92,,
   265.032890699,22375552384,,ref-cycles,500021782,4.92,,
   265.032890699,41018058625,,instructions,500021782,4.92,1.83,insn per cycle
   265.032890699,4881810237,,IDQ.ALL_MITE_CYCLES_ANY_UOPS,500022048,4.92,,
   265.032890699,2087152968,,IDQ.ALL_MITE_CYCLES_4_UOPS,500022048,4.92,,
   265.032890699,22375593197,,cpu-cycles,500022048,4.92,,
   265.032890699,22375592566,,ref-cycles,500022048,4.92,,
   265.032890699,40996594394,,instructions,500022048,4.92,1.83,insn per cycle
   265.032890699,7143326835,,IDQ.ALL_DSB_CYCLES_ANY_UOPS,500023467,4.92,,
   265.032890699,5784190886,,IDQ.ALL_DSB_CYCLES_4_UOPS,500023467,4.92,,
   265.032890699,22375770673,,cpu-cycles,500023467,4.92,,
   265.032890699,22375769758,,ref-cycles,500023467,4.92,,
   265.032890699,41069520730,,instructions,500023467,4.92,1.84,insn per cycle
   265.032890699,252315,,MEM_LOAD_L3_HIT_RETIRED.XSNP_HIT,539188331,5.30,,
   265.032890699,5253030,,MEM_LOAD_L3_HIT_RETIRED.XSNP_HITM,539188331,5.30,,
   265.032890699,22354585217,,cpu-cycles,539188331,5.30,,
   265.032890699,22354575576,,ref-cycles,539188331,5.30,,
   265.032890699,40201281435,,instructions,539188331,5.30,1.80,insn per cycle
   265.032890699,4190118,,UOPS_EXECUTED.X87,631632582,6.21,,
   265.032890699,49971796446,,UOPS_EXECUTED.THREAD,631632582,6.21,,
   265.032890699,22311777938,,cpu-cycles,631632582,6.21,,
   265.032890699,22311768904,,ref-cycles,631632582,6.21,,
   265.032890699,38677235399,,instructions,631632582,6.21,1.73,insn per cycle
   265.032890699,<not supported>,,cstate_core/c6-residency/,0,100.00,,
   265.032890699,<not supported>,,cstate_pkg/c6-residency/,0,100.00,,
   270.033512661,22338204524,,CORE_POWER.LVL0_TURBO_LICENSE,552431664,5.43,,
   270.033512661,0,,CORE_POWER.LVL1_TURBO_LICENSE,552431664,5.43,,
   270.033512661,0,,CORE_POWER.LVL2_TURBO_LICENSE,552431664,5.43,,
   270.033512661,1288485286,,L1D.REPLACEMENT,552431664,5.43,,
   270.033512661,22338204524,,cpu-cycles,552431664,5.43,,
   270.033512661,22338199644,,ref-cycles,552431664,5.43,,
   270.033512661,39901973903,,instructions,552431664,5.43,1.78,insn per cycle
   270.033512661,6599182,,MACHINE_CLEARS.COUNT,309400009,3.04,,
   270.033512661,28314213,,BR_MISP_RETIRED.ALL_BRANCHES,309400009,3.04,,
   270.033512661,147834264,,INT_MISC.CLEAR_RESTEER_CYCLES,309400009,3.04,,
   270.033512661,12956357853,,MEM_LOAD_RETIRED.L1_HIT,309400009,3.04,,
   270.033512661,22370867128,,cpu-cycles,309400009,3.04,,
   270.033512661,22370879029,,ref-cycles,309400009,3.04,,
   270.033512661,41023430079,,instructions,309400009,3.04,1.83,insn per cycle
   270.033512661,47375754245,,UOPS_ISSUED.ANY,250011472,2.46,,
   270.033512661,45159626427,,UOPS_RETIRED.RETIRE_SLOTS,250011472,2.46,,
   270.033512661,173852677,,INT_MISC.RECOVERY_CYCLES_ANY,250011472,2.46,,
   270.033512661,173852677,,INT_MISC.RECOVERY_CYCLES,250011472,2.46,,
   270.033512661,22373464217,,cpu-cycles,250011472,2.46,,
   270.033512661,22373467594,,ref-cycles,250011472,2.46,,
   270.033512661,41106793213,,instructions,250011472,2.46,1.84,insn per cycle
   270.033512661,22373544172,,CPU_CLK_UNHALTED.THREAD_ANY,250011659,2.46,,
   270.033512661,8212958907,,IDQ_UOPS_NOT_DELIVERED.CORE,250011659,2.46,,
   270.033512661,3939073898,,CYCLE_ACTIVITY.STALLS_MEM_ANY,250011659,2.46,,
   270.033512661,5764362890,,CYCLE_ACTIVITY.STALLS_TOTAL,250011659,2.46,,
   270.033512661,22373544172,,cpu-cycles,250011659,2.46,,
   270.033512661,22373544986,,ref-cycles,250011659,2.46,,
   270.033512661,41014861135,,instructions,250011659,2.46,1.83,insn per cycle
   270.033512661,2453862117,,EXE_ACTIVITY.1_PORTS_UTIL,250010575,2.46,,
   270.033512661,3448816203,,EXE_ACTIVITY.2_PORTS_UTIL,250010575,2.46,,
   270.033512661,1447074668,,EXE_ACTIVITY.BOUND_ON_STORES,250010575,2.46,,
   270.033512661,88394663,,EXE_ACTIVITY.EXE_BOUND_0_PORTS,250010575,2.46,,
   270.033512661,22373375394,,cpu-cycles,250010575,2.46,,
   270.033512661,22373373767,,ref-cycles,250010575,2.46,,
   270.033512661,40993457016,,instructions,250010575,2.46,1.83,insn per cycle
   270.033512661,336107595,,MEM_LOAD_RETIRED.L2_HIT,250011483,2.46,,
   270.033512661,637041193,,MEM_LOAD_RETIRED.FB_HIT,250011483,2.46,,
   270.033512661,409428940,,MEM_LOAD_RETIRED.L1_MISS,250011483,2.46,,
   270.033512661,540130345,,L1D_PEND_MISS.FB_FULL:c1,250011483,2.46,,
   270.033512661,22373376612,,cpu-cycles,250011483,2.46,,
   270.033512661,22373374293,,ref-cycles,250011483,2.46,,
   270.033512661,41037321010,,instructions,250011483,2.46,1.83,insn per cycle
   270.033512661,1571315548,,CYCLE_ACTIVITY.STALLS_L1D_MISS,250011265,2.46,,
   270.033512661,1087081628,,CYCLE_ACTIVITY.STALLS_L2_MISS,250011265,2.46,,
   270.033512661,464986097,,CYCLE_ACTIVITY.STALLS_L3_MISS,250011265,2.46,,
   270.033512661,6175560250,,OFFCORE_REQUESTS_OUTSTANDING.CYCLES_WITH_DEMAND_RFO,250011265,2.46,,
   270.033512661,22373335422,,cpu-cycles,250011265,2.46,,
   270.033512661,22373337131,,ref-cycles,250011265,2.46,,
   270.033512661,40999098652,,instructions,250011265,2.46,1.83,insn per cycle
   270.033512661,7241,,ITLB_MISSES.WALK_COMPLETED,250011697,2.46,,
   270.033512661,329260,,ITLB_MISSES.WALK_ACTIVE,250011697,2.46,,
   270.033512661,0,,DTLB_LOAD_MISSES.WALK_COMPLETED,250011697,2.46,,
   270.033512661,62166,,DTLB_LOAD_MISSES.WALK_ACTIVE,250011697,2.46,,
   270.033512661,22373397208,,cpu-cycles,250011697,2.46,,
   270.033512661,22373395418,,ref-cycles,250011697,2.46,,
   270.033512661,41128991438,,instructions,250011697,2.46,1.84,insn per cycle
   270.033512661,4557,,DTLB_STORE_MISSES.WALK_COMPLETED,249990824,2.46,,
   270.033512661,293400,,DTLB_STORE_MISSES.WALK_ACTIVE,249990824,2.46,,
   270.033512661,746023293,,IDQ_UOPS_NOT_DELIVERED.CYCLES_0_UOPS_DELIV.CORE,249990824,2.46,,
   270.033512661,1247818,,BACLEARS.ANY,249990824,2.46,,
   270.033512661,22370998048,,cpu-cycles,249990824,2.46,,
   270.033512661,22370994630,,ref-cycles,249990824,2.46,,
   270.033512661,40941945306,,instructions,249990824,2.46,1.83,insn per cycle
   270.033512661,9513809,,MEM_INST_RETIRED.LOCK_LOADS,441727787,4.34,,
   270.033512661,500947265,,L2_RQSTS.ALL_RFO,441727787,4.34,,
   270.033512661,6445346545,,MEM_INST_RETIRED.ALL_STORES,441727787,4.34,,
   270.033512661,206484930,,L2_RQSTS.RFO_HIT,441727787,4.34,,
   270.033512661,22375156442,,cpu-cycles,441727787,4.34,,
   270.033512661,22375155636,,ref-cycles,441727787,4.34,,
   270.033512661,41054157246,,instructions,441727787,4.34,1.84,insn per cycle
   270.033512661,6991375,,OFFCORE_REQUESTS_OUTSTANDING.L3_MISS_DEMAND_DATA_RD_GE_6,500022925,4.92,,
   270.033512661,706051823,,OFFCORE_REQUESTS_OUTSTANDING.CYCLES_WITH_L3_MISS_DEMAND_DATA_RD,500022925,4.92,,
   270.033512661,22373547700,,cpu-cycles,500022925,4.92,,
   270.033512661,22373546317,,ref-cycles,500022925,4.92,,
   270.033512661,41013559495,,instructions,500022925,4.92,1.83,insn per cycle
   270.033512661,16578421069,,UOPS_EXECUTED.CORE_CYCLES_GE_1,500022988,4.92,,
   270.033512661,14119552058,,UOPS_EXECUTED.CORE_CYCLES_GE_2,500022988,4.92,,
   270.033512661,10657341328,,UOPS_EXECUTED.CORE_CYCLES_GE_3,500022988,4.92,,
   270.033512661,2709737801,,UOPS_RETIRED.MACRO_FUSED,500022988,4.92,,
   270.033512661,22373787938,,cpu-cycles,500022988,4.92,,
   270.033512661,22373785395,,ref-cycles,500022988,4.92,,
   270.033512661,40987026216,,instructions,500022988,4.92,1.83,insn per cycle
   270.033512661,568649,,FP_ARITH_INST_RETIRED.SCALAR_SINGLE:u0x03,500021846,4.92,,
   270.033512661,201978,,FP_ARITH_INST_RETIRED.128B_PACKED_DOUBLE:u0xfc,500021846,4.92,,
   270.033512661,48374737,,ICACHE_16B.IFDATA_STALL,500021846,4.92,,
   270.033512661,3954913,,ICACHE_16B.IFDATA_STALL:c1:e1,500021846,4.92,,
   270.033512661,22373559478,,cpu-cycles,500021846,4.92,,
   270.033512661,22373559620,,ref-cycles,500021846,4.92,,
   270.033512661,41021567171,,instructions,500021846,4.92,1.83,insn per cycle
   270.033512661,38242792,,L2_RQSTS.ALL_CODE_RD,500022644,4.92,,
   270.033512661,0,,ITLB_MISSES.WALK_COMPLETED_2M_4M,500022644,4.92,,
   270.033512661,608531678,,L2_LINES_IN.ALL,500022644,4.92,,
   270.033512661,73378605,,MEM_LOAD_RETIRED.L2_MISS,500022644,4.92,,
   270.033512661,22373361095,,cpu-cycles,500022644,4.92,,
   270.033512661,22373360709,,ref-cycles,500022644,4.92,,
   270.033512661,41057218376,,instructions,500022644,4.92,1.84,insn per cycle
   270.033512661,2467010,,L2_RQSTS.CODE_RD_MISS,500022813,4.92,,
   270.033512661,0,,DTLB_LOAD_MISSES.WALK_COMPLETED_2M_4M,500022813,4.92,,
   270.033512661,101,,DTLB_LOAD_MISSES.WALK_COMPLETED_4K,500022813,4.92,,
   270.033512661,0,,DTLB_LOAD_MISSES.WALK_COMPLETED_1G,500022813,4.92,,
   270.033512661,22373647473,,cpu-cycles,500022813,4.92,,
   270.033512661,22373645907,,ref-cycles,500022813,4.92,,
   270.033512661,40984088692,,instructions,500022813,4.92,1.83,insn per cycle
   270.033512661,637714409,,MEM_LOAD_RETIRED.FB_HIT,500022886,4.92,,
   270.033512661,0,,CYCLE_ACTIVITY.CYCLES_MEM_ANY,500022886,4.92,,
   270.033512661,4420048915,,CYCLE_ACTIVITY.CYCLES_L1D_MISS,500022886,4.92,,
   270.033512661,22373605021,,cpu-cycles,500022886,4.92,,
   270.033512661,22373604818,,ref-cycles,500022886,4.92,,
   270.033512661,41094323851,,instructions,500022886,4.92,1.84,insn per cycle
   270.033512661,3372695933,,IDQ.MS_UOPS,500022555,4.92,,
   270.033512661,1264843,,ICACHE_64B.IFTAG_STALL,500022555,4.92,,
   270.033512661,222986409,,DTLB_LOAD_MISSES.STLB_HIT:c1,500022555,4.92,,
   270.033512661,22373661013,,cpu-cycles,500022555,4.92,,
   270.033512661,22373658471,,ref-cycles,500022555,4.92,,
   270.033512661,41078392651,,instructions,500022555,4.92,1.84,insn per cycle
   270.033512661,47252339,,ICACHE_16B.IFDATA_STALL,500021982,4.92,,
   270.033512661,3745348,,ICACHE_16B.IFDATA_STALL:c1:e1,500021982,4.92,,
   270.033512661,46386163,,ARITH.DIVIDER_ACTIVE,500021982,4.92,,
   270.033512661,5768987069,,UOPS_EXECUTED.CORE_CYCLES_NONE,500021982,4.92,,
   270.033512661,22373733982,,cpu-cycles,500021982,4.92,,
   270.033512661,22373734205,,ref-cycles,500021982,4.92,,
   270.033512661,41060436390,,instructions,500021982,4.92,1.84,insn per cycle
   270.033512661,254247787,,CPU_CLK_THREAD_UNHALTED.ONE_THREAD_ACTIVE,500022770,4.92,,
   270.033512661,254247787,,CPU_CLK_THREAD_UNHALTED.REF_XCLK_ANY,500022770,4.92,,
   270.033512661,13649885,,cpu-cycles:k,500022770,4.92,,
   270.033512661,13660422,,ref-cycles:k,500022770,4.92,,
   270.033512661,8614393,,instructions:k,500022770,4.92,0.20,insn per cycle
   270.033512661,30623528949,,IDQ.DSB_UOPS,500023000,4.92,,
   270.033512661,13637873620,,IDQ.MITE_UOPS,500023000,4.92,,
   270.033512661,0,,LSD.UOPS,500023000,4.92,,
   270.033512661,22373954418,,cpu-cycles,500023000,4.92,,
   270.033512661,22373957449,,ref-cycles,500023000,4.92,,
   270.033512661,41004802771,,instructions,500023000,4.92,1.83,insn per cycle
   270.033512661,4874970449,,IDQ.ALL_MITE_CYCLES_ANY_UOPS,500023020,4.92,,
   270.033512661,2084570626,,IDQ.ALL_MITE_CYCLES_4_UOPS,500023020,4.92,,
   270.033512661,22373939900,,cpu-cycles,500023020,4.92,,
   270.033512661,22373939432,,ref-cycles,500023020,4.92,,
   270.033512661,40996302333,,instructions,500023020,4.92,1.83,insn per cycle
   270.033512661,7135422140,,IDQ.ALL_DSB_CYCLES_ANY_UOPS,500021367,4.92,,
   270.033512661,5780926949,,IDQ.ALL_DSB_CYCLES_4_UOPS,500021367,4.92,,
   270.033512661,22374029688,,cpu-cycles,500021367,4.92,,
   270.033512661,22374028365,,ref-cycles,500021367,4.92,,
   270.033512661,41003989202,,instructions,500021367,4.92,1.83,insn per cycle
   270.033512661,269169,,MEM_LOAD_L3_HIT_RETIRED.XSNP_HIT,500022730,4.92,,
   270.033512661,5389817,,MEM_LOAD_L3_HIT_RETIRED.XSNP_HITM,500022730,4.92,,
   270.033512661,22373839427,,cpu-cycles,500022730,4.92,,
   270.033512661,22373838532,,ref-cycles,500022730,4.92,,
   270.033512661,41074536268,,instructions,500022730,4.92,1.84,insn per cycle
   270.033512661,4268075,,UOPS_EXECUTED.X87,617533593,6.07,,
   270.033512661,50105090967,,UOPS_EXECUTED.THREAD,617533593,6.07,,
   270.033512661,22316179345,,cpu-cycles,617533593,6.07,,
   270.033512661,22316159909,,ref-cycles,617533593,6.07,,
   270.033512661,38791190512,,instructions,617533593,6.07,1.73,insn per cycle
   270.033512661,<not supported>,,cstate_core/c6-residency/,0,100.00,,
   270.033512661,<not supported>,,cstate_pkg/c6-residency/,0,100.00,,
   275.034124438,22306713740,,CORE_POWER.LVL0_TURBO_LICENSE,319576455,3.14,,
   275.034124438,0,,CORE_POWER.LVL1_TURBO_LICENSE,319576455,3.14,,
   275.034124438,0,,CORE_POWER.LVL2_TURBO_LICENSE,319576455,3.14,,
   275.034124438,1116629443,,L1D.REPLACEMENT,319576455,3.14,,
   275.034124438,22306713740,,cpu-cycles,319576455,3.14,,
   275.034124438,22306681142,,ref-cycles,319576455,3.14,,
   275.034124438,38529608548,,instructions,319576455,3.14,1.72,insn per cycle
   275.034124438,5343617,,MACHINE_CLEARS.COUNT,542843464,5.34,,
   275.034124438,27740710,,BR_MISP_RETIRED.ALL_BRANCHES,542843464,5.34,,
   275.034124438,155127328,,INT_MISC.CLEAR_RESTEER_CYCLES,542843464,5.34,,
   275.034124438,12169526035,,MEM_LOAD_RETIRED.L1_HIT,542843464,5.34,,
   275.034124438,22316310830,,cpu-cycles,542843464,5.34,,
   275.034124438,22316306426,,ref-cycles,542843464,5.34,,
   275.034124438,38871979683,,instructions,542843464,5.34,1.74,insn per cycle
   275.034124438,47392090661,,UOPS_ISSUED.ANY,500022218,4.91,,
   275.034124438,45114680209,,UOPS_RETIRED.RETIRE_SLOTS,500022218,4.91,,
   275.034124438,177850703,,INT_MISC.RECOVERY_CYCLES_ANY,500022218,4.91,,
   275.034124438,177850703,,INT_MISC.RECOVERY_CYCLES,500022218,4.91,,
   275.034124438,22377428716,,cpu-cycles,500022218,4.91,,
   275.034124438,22377429530,,ref-cycles,500022218,4.91,,
   275.034124438,41032250549,,instructions,500022218,4.91,1.83,insn per cycle
   275.034124438,22377562337,,CPU_CLK_UNHALTED.THREAD_ANY,500022592,4.91,,
   275.034124438,8214835500,,IDQ_UOPS_NOT_DELIVERED.CORE,500022592,4.91,,
   275.034124438,3935838246,,CYCLE_ACTIVITY.STALLS_MEM_ANY,500022592,4.91,,
   275.034124438,5764548484,,CYCLE_ACTIVITY.STALLS_TOTAL,500022592,4.91,,
   275.034124438,22377562337,,cpu-cycles,500022592,4.91,,
   275.034124438,22377560811,,ref-cycles,500022592,4.91,,
   275.034124438,41036804285,,instructions,500022592,4.91,1.83,insn per cycle
   275.034124438,2452459338,,EXE_ACTIVITY.1_PORTS_UTIL,500022865,4.91,,
   275.034124438,3455655075,,EXE_ACTIVITY.2_PORTS_UTIL,500022865,4.91,,
   275.034124438,1442282500,,EXE_ACTIVITY.BOUND_ON_STORES,500022865,4.91,,
   275.034124438,89042199,,EXE_ACTIVITY.EXE_BOUND_0_PORTS,500022865,4.91,,
   275.034124438,22377541404,,cpu-cycles,500022865,4.91,,
   275.034124438,22377540875,,ref-cycles,500022865,4.91,,
   275.034124438,41014741436,,instructions,500022865,4.91,1.83,insn per cycle
   275.034124438,336546389,,MEM_LOAD_RETIRED.L2_HIT,500022265,4.91,,
   275.034124438,638451198,,MEM_LOAD_RETIRED.FB_HIT,500022265,4.91,,
   275.034124438,409940930,,MEM_LOAD_RETIRED.L1_MISS,500022265,4.91,,
   275.034124438,540474666,,L1D_PEND_MISS.FB_FULL:c1,500022265,4.91,,
   275.034124438,22377537932,,cpu-cycles,500022265,4.91,,
   275.034124438,22377536447,,ref-cycles,500022265,4.91,,
   275.034124438,41078767145,,instructions,500022265,4.91,1.84,insn per cycle
   275.034124438,1570857787,,CYCLE_ACTIVITY.STALLS_L1D_MISS,500023081,4.92,,
   275.034124438,1089268105,,CYCLE_ACTIVITY.STALLS_L2_MISS,500023081,4.92,,
   275.034124438,461538126,,CYCLE_ACTIVITY.STALLS_L3_MISS,500023081,4.92,,
   275.034124438,6170964867,,OFFCORE_REQUESTS_OUTSTANDING.CYCLES_WITH_DEMAND_RFO,500023081,4.92,,
   275.034124438,22377375981,,cpu-cycles,500023081,4.92,,
   275.034124438,22377376571,,ref-cycles,500023081,4.92,,
   275.034124438,41007834139,,instructions,500023081,4.92,1.83,insn per cycle
   275.034124438,7426,,ITLB_MISSES.WALK_COMPLETED,500022906,4.91,,
   275.034124438,372350,,ITLB_MISSES.WALK_ACTIVE,500022906,4.91,,
   275.034124438,0,,DTLB_LOAD_MISSES.WALK_COMPLETED,500022906,4.91,,
   275.034124438,65879,,DTLB_LOAD_MISSES.WALK_ACTIVE,500022906,4.91,,
   275.034124438,22377513825,,cpu-cycles,500022906,4.91,,
   275.034124438,22377515778,,ref-cycles,500022906,4.91,,
   275.034124438,41008261016,,instructions,500022906,4.91,1.83,insn per cycle
   275.034124438,4191,,DTLB_STORE_MISSES.WALK_COMPLETED,500021901,4.91,,
   275.034124438,275727,,DTLB_STORE_MISSES.WALK_ACTIVE,500021901,4.91,,
   275.034124438,752432331,,IDQ_UOPS_NOT_DELIVERED.CYCLES_0_UOPS_DELIV.CORE,500021901,4.91,,
   275.034124438,1316727,,BACLEARS.ANY,500021901,4.91,,
   275.034124438,22377387231,,cpu-cycles,500021901,4.91,,
   275.034124438,22377387964,,ref-cycles,500021901,4.91,,
   275.034124438,41074595762,,instructions,500021901,4.91,1.84,insn per cycle
   275.034124438,9523240,,MEM_INST_RETIRED.LOCK_LOADS,500022809,4.91,,
   275.034124438,500954487,,L2_RQSTS.ALL_RFO,500022809,4.91,,
   275.034124438,6444439734,,MEM_INST_RETIRED.ALL_STORES,500022809,4.91,,
   275.034124438,206180268,,L2_RQSTS.RFO_HIT,500022809,4.91,,
   275.034124438,22377507720,,cpu-cycles,500022809,4.91,,
   275.034124438,22377507740,,ref-cycles,500022809,4.91,,
   275.034124438,41013195549,,instructions,500022809,4.91,1.83,insn per cycle
   275.034124438,6722497,,OFFCORE_REQUESTS_OUTSTANDING.L3_MISS_DEMAND_DATA_RD_GE_6,500022002,4.91,,
   275.034124438,706368622,,OFFCORE_REQUESTS_OUTSTANDING.CYCLES_WITH_L3_MISS_DEMAND_DATA_RD,500022002,4.91,,
   275.034124438,22377604028,,cpu-cycles,500022002,4.91,,
   275.034124438,22377605188,,ref-cycles,500022002,4.91,,
   275.034124438,41002702236,,instructions,500022002,4.91,1.83,insn per cycle
   275.034124438,16608367380,,UOPS_EXECUTED.CORE_CYCLES_GE_1,500022483,4.91,,
   275.034124438,14142617453,,UOPS_EXECUTED.CORE_CYCLES_GE_2,500022483,4.91,,
   275.034124438,10696369617,,UOPS_EXECUTED.CORE_CYCLES_GE_3,500022483,4.91,,
   275.034124438,2712106211,,UOPS_RETIRED.MACRO_FUSED,500022483,4.91,,
   275.034124438,22377730333,,cpu-cycles,500022483,4.91,,
   275.034124438,22377731941,,ref-cycles,500022483,4.91,,
   275.034124438,41019039665,,instructions,500022483,4.91,1.83,insn per cycle
   275.034124438,19121946,,FP_ARITH_INST_RETIRED.SCALAR_SINGLE:u0x03,500022715,4.91,,
   275.034124438,9467534,,FP_ARITH_INST_RETIRED.128B_PACKED_DOUBLE:u0xfc,500022715,4.91,,
   275.034124438,35642670,,ICACHE_16B.IFDATA_STALL,500022715,4.91,,
   275.034124438,2880510,,ICACHE_16B.IFDATA_STALL:c1:e1,500022715,4.91,,
   275.034124438,22377433328,,cpu-cycles,500022715,4.91,,
   275.034124438,22377431599,,ref-cycles,500022715,4.91,,
   275.034124438,47533692573,,instructions,500022715,4.91,2.13,insn per cycle
   275.034124438,28602550,,L2_RQSTS.ALL_CODE_RD,500022278,4.91,,
   275.034124438,0,,ITLB_MISSES.WALK_COMPLETED_2M_4M,500022278,4.91,,
   275.034124438,319124034,,L2_LINES_IN.ALL,500022278,4.91,,
   275.034124438,43484182,,MEM_LOAD_RETIRED.L2_MISS,500022278,4.91,,
   275.034124438,22377502049,,cpu-cycles,500022278,4.91,,
   275.034124438,22377502883,,ref-cycles,500022278,4.91,,
   275.034124438,53487172116,,instructions,500022278,4.91,2.39,insn per cycle
   275.034124438,1435324,,L2_RQSTS.CODE_RD_MISS,500021776,4.91,,
   275.034124438,0,,DTLB_LOAD_MISSES.WALK_COMPLETED_2M_4M,500021776,4.91,,
   275.034124438,162,,DTLB_LOAD_MISSES.WALK_COMPLETED_4K,500021776,4.91,,
   275.034124438,0,,DTLB_LOAD_MISSES.WALK_COMPLETED_1G,500021776,4.91,,
   275.034124438,22378296211,,cpu-cycles,500021776,4.91,,
   275.034124438,22378296313,,ref-cycles,500021776,4.91,,
   275.034124438,53499672191,,instructions,500021776,4.91,2.39,insn per cycle
   275.034124438,344090088,,MEM_LOAD_RETIRED.FB_HIT,500022605,4.91,,
   275.034124438,0,,CYCLE_ACTIVITY.CYCLES_MEM_ANY,500022605,4.91,,
   275.034124438,2561702538,,CYCLE_ACTIVITY.CYCLES_L1D_MISS,500022605,4.91,,
   275.034124438,22378360423,,cpu-cycles,500022605,4.91,,
   275.034124438,22378360932,,ref-cycles,500022605,4.91,,
   275.034124438,53514631120,,instructions,500022605,4.91,2.39,insn per cycle
   275.034124438,3094880107,,IDQ.MS_UOPS,500004077,4.91,,
   275.034124438,2147874,,ICACHE_64B.IFTAG_STALL,500004077,4.91,,
   275.034124438,117492980,,DTLB_LOAD_MISSES.STLB_HIT:c1,500004077,4.91,,
   275.034124438,22377220241,,cpu-cycles,500004077,4.91,,
   275.034124438,22377218450,,ref-cycles,500004077,4.91,,
   275.034124438,53471430147,,instructions,500004077,4.91,2.39,insn per cycle
   275.034124438,39843097,,ICACHE_16B.IFDATA_STALL,310929757,3.06,,
   275.034124438,3101433,,ICACHE_16B.IFDATA_STALL:c1:e1,310929757,3.06,,
   275.034124438,37403673,,ARITH.DIVIDER_ACTIVE,310929757,3.06,,
   275.034124438,4885901610,,UOPS_EXECUTED.CORE_CYCLES_NONE,310929757,3.06,,
   275.034124438,22377078335,,cpu-cycles,310929757,3.06,,
   275.034124438,22377087595,,ref-cycles,310929757,3.06,,
   275.034124438,45909120511,,instructions,310929757,3.06,2.05,insn per cycle
   275.034124438,254290809,,CPU_CLK_THREAD_UNHALTED.ONE_THREAD_ACTIVE,250011651,2.46,,
   275.034124438,254290809,,CPU_CLK_THREAD_UNHALTED.REF_XCLK_ANY,250011651,2.46,,
   275.034124438,13689131,,cpu-cycles:k,250011651,2.46,,
   275.034124438,13682539,,ref-cycles:k,250011651,2.46,,
   275.034124438,8613235,,instructions:k,250011651,2.46,0.20,insn per cycle
   275.034124438,30668886249,,IDQ.DSB_UOPS,250011030,2.46,,
   275.034124438,13658493440,,IDQ.MITE_UOPS,250011030,2.46,,
   275.034124438,0,,LSD.UOPS,250011030,2.46,,
   275.034124438,22377755449,,cpu-cycles,250011030,2.46,,
   275.034124438,22377756629,,ref-cycles,250011030,2.46,,
   275.034124438,41004795953,,instructions,250011030,2.46,1.83,insn per cycle
   275.034124438,4875389939,,IDQ.ALL_MITE_CYCLES_ANY_UOPS,250010863,2.46,,
   275.034124438,2089364169,,IDQ.ALL_MITE_CYCLES_4_UOPS,250010863,2.46,,
   275.034124438,22377642914,,cpu-cycles,250010863,2.46,,
   275.034124438,22377643443,,ref-cycles,250010863,2.46,,
   275.034124438,40983047497,,instructions,250010863,2.46,1.83,insn per cycle
   275.034124438,7150900408,,IDQ.ALL_DSB_CYCLES_ANY_UOPS,250012136,2.46,,
   275.034124438,5793757433,,IDQ.ALL_DSB_CYCLES_4_UOPS,250012136,2.46,,
   275.034124438,22377856786,,cpu-cycles,250012136,2.46,,
   275.034124438,22377855240,,ref-cycles,250012136,2.46,,
   275.034124438,41093496664,,instructions,250012136,2.46,1.84,insn per cycle
   275.034124438,244232,,MEM_LOAD_L3_HIT_RETIRED.XSNP_HIT,250010824,2.46,,
   275.034124438,5429401,,MEM_LOAD_L3_HIT_RETIRED.XSNP_HITM,250010824,2.46,,
   275.034124438,22377786031,,cpu-cycles,250010824,2.46,,
   275.034124438,22377786560,,ref-cycles,250010824,2.46,,
   275.034124438,41058721758,,instructions,250010824,2.46,1.84,insn per cycle
   275.034124438,5120660,,UOPS_EXECUTED.X87,250011273,2.46,,
   275.034124438,52639828770,,UOPS_EXECUTED.THREAD,250011273,2.46,,
   275.034124438,22377793219,,cpu-cycles,250011273,2.46,,
   275.034124438,22377793300,,ref-cycles,250011273,2.46,,
   275.034124438,41049659605,,instructions,250011273,2.46,1.84,insn per cycle
   275.034124438,<not supported>,,cstate_core/c6-residency/,0,100.00,,
   275.034124438,<not supported>,,cstate_pkg/c6-residency/,0,100.00,,
   280.034738695,22371715745,,CORE_POWER.LVL0_TURBO_LICENSE,500093596,4.92,,
   280.034738695,0,,CORE_POWER.LVL1_TURBO_LICENSE,500093596,4.92,,
   280.034738695,0,,CORE_POWER.LVL2_TURBO_LICENSE,500093596,4.92,,
   280.034738695,107081654,,L1D.REPLACEMENT,500093596,4.92,,
   280.034738695,22371715745,,cpu-cycles,500093596,4.92,,
   280.034738695,22371714789,,ref-cycles,500093596,4.92,,
   280.034738695,65960298752,,instructions,500093596,4.92,2.95,insn per cycle
   280.034738695,497793,,MACHINE_CLEARS.COUNT,518803587,5.10,,
   280.034738695,3335639,,BR_MISP_RETIRED.ALL_BRANCHES,518803587,5.10,,
   280.034738695,28022444,,INT_MISC.CLEAR_RESTEER_CYCLES,518803587,5.10,,
   280.034738695,19092342394,,MEM_LOAD_RETIRED.L1_HIT,518803587,5.10,,
   280.034738695,22361509931,,cpu-cycles,518803587,5.10,,
   280.034738695,22361507108,,ref-cycles,518803587,5.10,,
   280.034738695,64659669952,,instructions,518803587,5.10,2.89,insn per cycle
   280.034738695,64544545541,,UOPS_ISSUED.ANY,517250408,5.09,,
   280.034738695,64157031585,,UOPS_RETIRED.RETIRE_SLOTS,517250408,5.09,,
   280.034738695,25914975,,INT_MISC.RECOVERY_CYCLES_ANY,517250408,5.09,,
   280.034738695,25914975,,INT_MISC.RECOVERY_CYCLES,517250408,5.09,,
   280.034738695,22363642442,,cpu-cycles,517250408,5.09,,
   280.034738695,22363624864,,ref-cycles,517250408,5.09,,
   280.034738695,64743637611,,instructions,517250408,5.09,2.89,insn per cycle
   280.034738695,22367453282,,CPU_CLK_UNHALTED.THREAD_ANY,511334978,5.03,,
   280.034738695,16260590008,,IDQ_UOPS_NOT_DELIVERED.CORE,511334978,5.03,,
   280.034738695,1167997888,,CYCLE_ACTIVITY.STALLS_MEM_ANY,511334978,5.03,,
   280.034738695,1441025444,,CYCLE_ACTIVITY.STALLS_TOTAL,511334978,5.03,,
   280.034738695,22367453282,,cpu-cycles,511334978,5.03,,
   280.034738695,22367450139,,ref-cycles,511334978,5.03,,
   280.034738695,65133465894,,instructions,511334978,5.03,2.91,insn per cycle
   280.034738695,2846043361,,EXE_ACTIVITY.1_PORTS_UTIL,507589664,4.99,,
   280.034738695,3612258379,,EXE_ACTIVITY.2_PORTS_UTIL,507589664,4.99,,
   280.034738695,127083054,,EXE_ACTIVITY.BOUND_ON_STORES,507589664,4.99,,
   280.034738695,26913886,,EXE_ACTIVITY.EXE_BOUND_0_PORTS,507589664,4.99,,
   280.034738695,22368338271,,cpu-cycles,507589664,4.99,,
   280.034738695,22368340355,,ref-cycles,507589664,4.99,,
   280.034738695,65412653522,,instructions,507589664,4.99,2.92,insn per cycle
   280.034738695,51404755,,MEM_LOAD_RETIRED.L2_HIT,507539061,4.99,,
   280.034738695,49369265,,MEM_LOAD_RETIRED.FB_HIT,507539061,4.99,,
   280.034738695,64745413,,MEM_LOAD_RETIRED.L1_MISS,507539061,4.99,,
   280.034738695,5605741,,L1D_PEND_MISS.FB_FULL:c1,507539061,4.99,,
   280.034738695,22368142789,,cpu-cycles,507539061,4.99,,
   280.034738695,22368142849,,ref-cycles,507539061,4.99,,
   280.034738695,65394517386,,instructions,507539061,4.99,2.92,insn per cycle
   280.034738695,177355372,,CYCLE_ACTIVITY.STALLS_L1D_MISS,518842226,5.10,,
   280.034738695,66461425,,CYCLE_ACTIVITY.STALLS_L2_MISS,518842226,5.10,,
   280.034738695,4138083,,CYCLE_ACTIVITY.STALLS_L3_MISS,518842226,5.10,,
   280.034738695,201606878,,OFFCORE_REQUESTS_OUTSTANDING.CYCLES_WITH_DEMAND_RFO,518842226,5.10,,
   280.034738695,22362430161,,cpu-cycles,518842226,5.10,,
   280.034738695,22362432945,,ref-cycles,518842226,5.10,,
   280.034738695,64652447124,,instructions,518842226,5.10,2.89,insn per cycle
   280.034738695,433443,,ITLB_MISSES.WALK_COMPLETED,508538201,5.00,,
   280.034738695,8861752,,ITLB_MISSES.WALK_ACTIVE,508538201,5.00,,
   280.034738695,0,,DTLB_LOAD_MISSES.WALK_COMPLETED,508538201,5.00,,
   280.034738695,47020,,DTLB_LOAD_MISSES.WALK_ACTIVE,508538201,5.00,,
   280.034738695,22368385838,,cpu-cycles,508538201,5.00,,
   280.034738695,22368389118,,ref-cycles,508538201,5.00,,
   280.034738695,65344807049,,instructions,508538201,5.00,2.92,insn per cycle
   280.034738695,220,,DTLB_STORE_MISSES.WALK_COMPLETED,507623506,4.99,,
   280.034738695,52595,,DTLB_STORE_MISSES.WALK_ACTIVE,507623506,4.99,,
   280.034738695,796495204,,IDQ_UOPS_NOT_DELIVERED.CYCLES_0_UOPS_DELIV.CORE,507623506,4.99,,
   280.034738695,635489,,BACLEARS.ANY,507623506,4.99,,
   280.034738695,22368025696,,cpu-cycles,507623506,4.99,,
   280.034738695,22368027038,,ref-cycles,507623506,4.99,,
   280.034738695,65456512816,,instructions,507623506,4.99,2.93,insn per cycle
   280.034738695,2677980,,MEM_INST_RETIRED.LOCK_LOADS,319549501,3.14,,
   280.034738695,21012265,,L2_RQSTS.ALL_RFO,319549501,3.14,,
   280.034738695,7952031800,,MEM_INST_RETIRED.ALL_STORES,319549501,3.14,,
   280.034738695,11193618,,L2_RQSTS.RFO_HIT,319549501,3.14,,
   280.034738695,22363464668,,cpu-cycles,319549501,3.14,,
   280.034738695,22363475362,,ref-cycles,319549501,3.14,,
   280.034738695,65050214740,,instructions,319549501,3.14,2.91,insn per cycle
   280.034738695,0,,OFFCORE_REQUESTS_OUTSTANDING.L3_MISS_DEMAND_DATA_RD_GE_6,284427104,2.80,,
   280.034738695,6126778,,OFFCORE_REQUESTS_OUTSTANDING.CYCLES_WITH_L3_MISS_DEMAND_DATA_RD,284427104,2.80,,
   280.034738695,22341903819,,cpu-cycles,284427104,2.80,,
   280.034738695,22341910577,,ref-cycles,284427104,2.80,,
   280.034738695,61558022596,,instructions,284427104,2.80,2.75,insn per cycle
   280.034738695,20957314856,,UOPS_EXECUTED.CORE_CYCLES_GE_1,255293933,2.51,,
   280.034738695,18086835130,,UOPS_EXECUTED.CORE_CYCLES_GE_2,255293933,2.51,,
   280.034738695,14474631547,,UOPS_EXECUTED.CORE_CYCLES_GE_3,255293933,2.51,,
   280.034738695,7145460876,,UOPS_RETIRED.MACRO_FUSED,255293933,2.51,,
   280.034738695,22368085190,,cpu-cycles,255293933,2.51,,
   280.034738695,22368092281,,ref-cycles,255293933,2.51,,
   280.034738695,65132971969,,instructions,255293933,2.51,2.91,insn per cycle
   280.034738695,68067046,,FP_ARITH_INST_RETIRED.SCALAR_SINGLE:u0x03,253192654,2.49,,
   280.034738695,33644710,,FP_ARITH_INST_RETIRED.128B_PACKED_DOUBLE:u0xfc,253192654,2.49,,
   280.034738695,7908491,,ICACHE_16B.IFDATA_STALL,253192654,2.49,,
   280.034738695,1093206,,ICACHE_16B.IFDATA_STALL:c1:e1,253192654,2.49,,
   280.034738695,22367624463,,cpu-cycles,253192654,2.49,,
   280.034738695,22367626954,,ref-cycles,253192654,2.49,,
   280.034738695,65486330455,,instructions,253192654,2.49,2.93,insn per cycle
   280.034738695,18563419,,L2_RQSTS.ALL_CODE_RD,271421883,2.67,,
   280.034738695,0,,ITLB_MISSES.WALK_COMPLETED_2M_4M,271421883,2.67,,
   280.034738695,26730742,,L2_LINES_IN.ALL,271421883,2.67,,
   280.034738695,12483522,,MEM_LOAD_RETIRED.L2_MISS,271421883,2.67,,
   280.034738695,22348355188,,cpu-cycles,271421883,2.67,,
   280.034738695,22348364969,,ref-cycles,271421883,2.67,,
   280.034738695,63052191353,,instructions,271421883,2.67,2.82,insn per cycle
   280.034738695,424883,,L2_RQSTS.CODE_RD_MISS,250011228,2.46,,
   280.034738695,0,,DTLB_LOAD_MISSES.WALK_COMPLETED_2M_4M,250011228,2.46,,
   280.034738695,81,,DTLB_LOAD_MISSES.WALK_COMPLETED_4K,250011228,2.46,,
   280.034738695,0,,DTLB_LOAD_MISSES.WALK_COMPLETED_1G,250011228,2.46,,
   280.034738695,22373963354,,cpu-cycles,250011228,2.46,,
   280.034738695,22373963435,,ref-cycles,250011228,2.46,,
   280.034738695,65974017268,,instructions,250011228,2.46,2.95,insn per cycle
   280.034738695,49939862,,MEM_LOAD_RETIRED.FB_HIT,250011239,2.46,,
   280.034738695,0,,CYCLE_ACTIVITY.CYCLES_MEM_ANY,250011239,2.46,,
   280.034738695,710531688,,CYCLE_ACTIVITY.CYCLES_L1D_MISS,250011239,2.46,,
   280.034738695,22374008770,,cpu-cycles,250011239,2.46,,
   280.034738695,22374008120,,ref-cycles,250011239,2.46,,
   280.034738695,66018095895,,instructions,250011239,2.46,2.95,insn per cycle
   280.034738695,2820926324,,IDQ.MS_UOPS,250011226,2.46,,
   280.034738695,2800720,,ICACHE_64B.IFTAG_STALL,250011226,2.46,,
   280.034738695,10405958,,DTLB_LOAD_MISSES.STLB_HIT:c1,250011226,2.46,,
   280.034738695,22374133271,,cpu-cycles,250011226,2.46,,
   280.034738695,22374134695,,ref-cycles,250011226,2.46,,
   280.034738695,65931444853,,instructions,250011226,2.46,2.95,insn per cycle
   280.034738695,7876382,,ICACHE_16B.IFDATA_STALL,439104327,4.32,,
   280.034738695,1069344,,ICACHE_16B.IFDATA_STALL:c1:e1,439104327,4.32,,
   280.034738695,819276,,ARITH.DIVIDER_ACTIVE,439104327,4.32,,
   280.034738695,1279099299,,UOPS_EXECUTED.CORE_CYCLES_NONE,439104327,4.32,,
   280.034738695,22374960206,,cpu-cycles,439104327,4.32,,
   280.034738695,22374958746,,ref-cycles,439104327,4.32,,
   280.034738695,65938998461,,instructions,439104327,4.32,2.95,insn per cycle
   280.034738695,254246666,,CPU_CLK_THREAD_UNHALTED.ONE_THREAD_ACTIVE,500022408,4.92,,
   280.034738695,254246666,,CPU_CLK_THREAD_UNHALTED.REF_XCLK_ANY,500022408,4.92,,
   280.034738695,19129128,,cpu-cycles:k,500022408,4.92,,
   280.034738695,19138830,,ref-cycles:k,500022408,4.92,,
   280.034738695,15120981,,instructions:k,500022408,4.92,0.35,insn per cycle
   280.034738695,34700039088,,IDQ.DSB_UOPS,500022526,4.92,,
   280.034738695,27344308191,,IDQ.MITE_UOPS,500022526,4.92,,
   280.034738695,0,,LSD.UOPS,500022526,4.92,,
   280.034738695,22374376646,,cpu-cycles,500022526,4.92,,
   280.034738695,22374374164,,ref-cycles,500022526,4.92,,
   280.034738695,65969793387,,instructions,500022526,4.92,2.95,insn per cycle
   280.034738695,11045610449,,IDQ.ALL_MITE_CYCLES_ANY_UOPS,500022507,4.92,,
   280.034738695,3993338248,,IDQ.ALL_MITE_CYCLES_4_UOPS,500022507,4.92,,
   280.034738695,22374398352,,cpu-cycles,500022507,4.92,,
   280.034738695,22374398332,,ref-cycles,500022507,4.92,,
   280.034738695,65970107833,,instructions,500022507,4.92,2.95,insn per cycle
   280.034738695,7505904590,,IDQ.ALL_DSB_CYCLES_ANY_UOPS,500022774,4.92,,
   280.034738695,5866741740,,IDQ.ALL_DSB_CYCLES_4_UOPS,500022774,4.92,,
   280.034738695,22374513395,,cpu-cycles,500022774,4.92,,
   280.034738695,22374515287,,ref-cycles,500022774,4.92,,
   280.034738695,66001524603,,instructions,500022774,4.92,2.95,insn per cycle
   280.034738695,0,,MEM_LOAD_L3_HIT_RETIRED.XSNP_HIT,500022585,4.92,,
   280.034738695,223182,,MEM_LOAD_L3_HIT_RETIRED.XSNP_HITM,500022585,4.92,,
   280.034738695,22374526064,,cpu-cycles,500022585,4.92,,
   280.034738695,22374525922,,ref-cycles,500022585,4.92,,
   280.034738695,65974316668,,instructions,500022585,4.92,2.95,insn per cycle
   280.034738695,55572,,UOPS_EXECUTED.X87,500022363,4.92,,
   280.034738695,70127471366,,UOPS_EXECUTED.THREAD,500022363,4.92,,
   280.034738695,22374588903,,cpu-cycles,500022363,4.92,,
   280.034738695,22374589188,,ref-cycles,500022363,4.92,,
   280.034738695,65923626780,,instructions,500022363,4.92,2.95,insn per cycle
   280.034738695,<not supported>,,cstate_core/c6-residency/,0,100.00,,
   280.034738695,<not supported>,,cstate_pkg/c6-residency/,0,100.00,,
   285.035379640,22378676252,,CORE_POWER.LVL0_TURBO_LICENSE,500022531,4.92,,
   285.035379640,0,,CORE_POWER.LVL1_TURBO_LICENSE,500022531,4.92,,
   285.035379640,0,,CORE_POWER.LVL2_TURBO_LICENSE,500022531,4.92,,
   285.035379640,107323861,,L1D.REPLACEMENT,500022531,4.92,,
   285.035379640,22378676252,,cpu-cycles,500022531,4.92,,
   285.035379640,22378676781,,ref-cycles,500022531,4.92,,
   285.035379640,65954263626,,instructions,500022531,4.92,2.95,insn per cycle
   285.035379640,509477,,MACHINE_CLEARS.COUNT,313128770,3.08,,
   285.035379640,2482054,,BR_MISP_RETIRED.ALL_BRANCHES,313128770,3.08,,
   285.035379640,22108083,,INT_MISC.CLEAR_RESTEER_CYCLES,313128770,3.08,,
   285.035379640,19479796373,,MEM_LOAD_RETIRED.L1_HIT,313128770,3.08,,
   285.035379640,22377593640,,cpu-cycles,313128770,3.08,,
   285.035379640,22377607870,,ref-cycles,313128770,3.08,,
   285.035379640,65973806243,,instructions,313128770,3.08,2.95,insn per cycle
   285.035379640,65426946745,,UOPS_ISSUED.ANY,250011233,2.46,,
   285.035379640,65047766749,,UOPS_RETIRED.RETIRE_SLOTS,250011233,2.46,,
   285.035379640,18082538,,INT_MISC.RECOVERY_CYCLES_ANY,250011233,2.46,,
   285.035379640,18082538,,INT_MISC.RECOVERY_CYCLES,250011233,2.46,,
   285.035379640,22378350602,,cpu-cycles,250011233,2.46,,
   285.035379640,22378347957,,ref-cycles,250011233,2.46,,
   285.035379640,65943312503,,instructions,250011233,2.46,2.95,insn per cycle
   285.035379640,22378264657,,CPU_CLK_UNHALTED.THREAD_ANY,250011237,2.46,,
   285.035379640,16340222436,,IDQ_UOPS_NOT_DELIVERED.CORE,250011237,2.46,,
   285.035379640,1131774163,,CYCLE_ACTIVITY.STALLS_MEM_ANY,250011237,2.46,,
   285.035379640,1309957340,,CYCLE_ACTIVITY.STALLS_TOTAL,250011237,2.46,,
   285.035379640,22378264657,,cpu-cycles,250011237,2.46,,
   285.035379640,22378264006,,ref-cycles,250011237,2.46,,
   285.035379640,65942870781,,instructions,250011237,2.46,2.95,insn per cycle
   285.035379640,2848572768,,EXE_ACTIVITY.1_PORTS_UTIL,250011228,2.46,,
   285.035379640,3594294738,,EXE_ACTIVITY.2_PORTS_UTIL,250011228,2.46,,
   285.035379640,129177072,,EXE_ACTIVITY.BOUND_ON_STORES,250011228,2.46,,
   285.035379640,7018039,,EXE_ACTIVITY.EXE_BOUND_0_PORTS,250011228,2.46,,
   285.035379640,22378447175,,cpu-cycles,250011228,2.46,,
   285.035379640,22378446686,,ref-cycles,250011228,2.46,,
   285.035379640,65996032331,,instructions,250011228,2.46,2.95,insn per cycle
   285.035379640,52114118,,MEM_LOAD_RETIRED.L2_HIT,250011446,2.46,,
   285.035379640,50032179,,MEM_LOAD_RETIRED.FB_HIT,250011446,2.46,,
   285.035379640,65671912,,MEM_LOAD_RETIRED.L1_MISS,250011446,2.46,,
   285.035379640,5690075,,L1D_PEND_MISS.FB_FULL:c1,250011446,2.46,,
   285.035379640,22378269250,,cpu-cycles,250011446,2.46,,
   285.035379640,22378267094,,ref-cycles,250011446,2.46,,
   285.035379640,65960414142,,instructions,250011446,2.46,2.95,insn per cycle
   285.035379640,183418495,,CYCLE_ACTIVITY.STALLS_L1D_MISS,250011160,2.46,,
   285.035379640,68304211,,CYCLE_ACTIVITY.STALLS_L2_MISS,250011160,2.46,,
   285.035379640,3921933,,CYCLE_ACTIVITY.STALLS_L3_MISS,250011160,2.46,,
   285.035379640,208552424,,OFFCORE_REQUESTS_OUTSTANDING.CYCLES_WITH_DEMAND_RFO,250011160,2.46,,
   285.035379640,22378298510,,cpu-cycles,250011160,2.46,,
   285.035379640,22378300015,,ref-cycles,250011160,2.46,,
   285.035379640,65839213282,,instructions,250011160,2.46,2.94,insn per cycle
   285.035379640,28157,,ITLB_MISSES.WALK_COMPLETED,250011318,2.46,,
   285.035379640,922193,,ITLB_MISSES.WALK_ACTIVE,250011318,2.46,,
   285.035379640,122,,DTLB_LOAD_MISSES.WALK_COMPLETED,250011318,2.46,,
   285.035379640,48461,,DTLB_LOAD_MISSES.WALK_ACTIVE,250011318,2.46,,
   285.035379640,22378165519,,cpu-cycles,250011318,2.46,,
   285.035379640,22378164217,,ref-cycles,250011318,2.46,,
   285.035379640,65948748473,,instructions,250011318,2.46,2.95,insn per cycle
   285.035379640,0,,DTLB_STORE_MISSES.WALK_COMPLETED,250011228,2.46,,
   285.035379640,0,,DTLB_STORE_MISSES.WALK_ACTIVE,250011228,2.46,,
   285.035379640,780604243,,IDQ_UOPS_NOT_DELIVERED.CYCLES_0_UOPS_DELIV.CORE,250011228,2.46,,
   285.035379640,53669,,BACLEARS.ANY,250011228,2.46,,
   285.035379640,22378064281,,cpu-cycles,250011228,2.46,,
   285.035379640,22378064972,,ref-cycles,250011228,2.46,,
   285.035379640,65932094449,,instructions,250011228,2.46,2.95,insn per cycle
   285.035379640,13378,,MEM_INST_RETIRED.LOCK_LOADS,437991378,4.31,,
   285.035379640,21467506,,L2_RQSTS.ALL_RFO,437991378,4.31,,
   285.035379640,8042554751,,MEM_INST_RETIRED.ALL_STORES,437991378,4.31,,
   285.035379640,11423478,,L2_RQSTS.RFO_HIT,437991378,4.31,,
   285.035379640,22379104739,,cpu-cycles,437991378,4.31,,
   285.035379640,22379102672,,ref-cycles,437991378,4.31,,
   285.035379640,65912933895,,instructions,437991378,4.31,2.95,insn per cycle
   285.035379640,0,,OFFCORE_REQUESTS_OUTSTANDING.L3_MISS_DEMAND_DATA_RD_GE_6,500022491,4.92,,
   285.035379640,6256546,,OFFCORE_REQUESTS_OUTSTANDING.CYCLES_WITH_L3_MISS_DEMAND_DATA_RD,500022491,4.92,,
   285.035379640,22377545330,,cpu-cycles,500022491,4.92,,
   285.035379640,22377544089,,ref-cycles,500022491,4.92,,
   285.035379640,66024730964,,instructions,500022491,4.92,2.95,insn per cycle
   285.035379640,21073113466,,UOPS_EXECUTED.CORE_CYCLES_GE_1,500023046,4.92,,
   285.035379640,18238562077,,UOPS_EXECUTED.CORE_CYCLES_GE_2,500023046,4.92,,
   285.035379640,14646330505,,UOPS_EXECUTED.CORE_CYCLES_GE_3,500023046,4.92,,
   285.035379640,7244279460,,UOPS_RETIRED.MACRO_FUSED,500023046,4.92,,
   285.035379640,22378462652,,cpu-cycles,500023046,4.92,,
   285.035379640,22378465886,,ref-cycles,500023046,4.92,,
   285.035379640,65986753914,,instructions,500023046,4.92,2.95,insn per cycle
   285.035379640,67436323,,FP_ARITH_INST_RETIRED.SCALAR_SINGLE:u0x03,500022392,4.92,,
   285.035379640,33596581,,FP_ARITH_INST_RETIRED.128B_PACKED_DOUBLE:u0xfc,500022392,4.92,,
   285.035379640,7886672,,ICACHE_16B.IFDATA_STALL,500022392,4.92,,
   285.035379640,1073407,,ICACHE_16B.IFDATA_STALL:c1:e1,500022392,4.92,,
   285.035379640,22378307559,,cpu-cycles,500022392,4.92,,
   285.035379640,22378307803,,ref-cycles,500022392,4.92,,
   285.035379640,65950624885,,instructions,500022392,4.92,2.95,insn per cycle
   285.035379640,17846717,,L2_RQSTS.ALL_CODE_RD,671152968,6.60,,
   285.035379640,15,,ITLB_MISSES.WALK_COMPLETED_2M_4M,671152968,6.60,,
   285.035379640,21696220,,L2_LINES_IN.ALL,671152968,6.60,,
   285.035379640,10115047,,MEM_LOAD_RETIRED.L2_MISS,671152968,6.60,,
   285.035379640,22301161696,,cpu-cycles,671152968,6.60,,
   285.035379640,22301174565,,ref-cycles,671152968,6.60,,
   285.035379640,56659458603,,instructions,671152968,6.60,2.53,insn per cycle
   285.035379640,419811,,L2_RQSTS.CODE_RD_MISS,500022597,4.92,,
   285.035379640,0,,DTLB_LOAD_MISSES.WALK_COMPLETED_2M_4M,500022597,4.92,,
   285.035379640,40,,DTLB_LOAD_MISSES.WALK_COMPLETED_4K,500022597,4.92,,
   285.035379640,0,,DTLB_LOAD_MISSES.WALK_COMPLETED_1G,500022597,4.92,,
   285.035379640,22378206103,,cpu-cycles,500022597,4.92,,
   285.035379640,22378205533,,ref-cycles,500022597,4.92,,
   285.035379640,65978756176,,instructions,500022597,4.92,2.95,insn per cycle
   285.035379640,49936190,,MEM_LOAD_RETIRED.FB_HIT,500022471,4.92,,
   285.035379640,0,,CYCLE_ACTIVITY.CYCLES_MEM_ANY,500022471,4.92,,
   285.035379640,709976959,,CYCLE_ACTIVITY.CYCLES_L1D_MISS,500022471,4.92,,
   285.035379640,22378228546,,cpu-cycles,500022471,4.92,,
   285.035379640,22378229482,,ref-cycles,500022471,4.92,,
   285.035379640,65993058760,,instructions,500022471,4.92,2.95,insn per cycle
   285.035379640,2821323116,,IDQ.MS_UOPS,500012496,4.92,,
   285.035379640,2893935,,ICACHE_64B.IFTAG_STALL,500012496,4.92,,
   285.035379640,10438313,,DTLB_LOAD_MISSES.STLB_HIT:c1,500012496,4.92,,
   285.035379640,22377787499,,cpu-cycles,500012496,4.92,,
   285.035379640,22377789411,,ref-cycles,500012496,4.92,,
   285.035379640,65958776639,,instructions,500012496,4.92,2.95,insn per cycle
   285.035379640,7658754,,ICACHE_16B.IFDATA_STALL,500022877,4.92,,
   285.035379640,1049678,,ICACHE_16B.IFDATA_STALL:c1:e1,500022877,4.92,,
   285.035379640,820049,,ARITH.DIVIDER_ACTIVE,500022877,4.92,,
   285.035379640,1302725897,,UOPS_EXECUTED.CORE_CYCLES_NONE,500022877,4.92,,
   285.035379640,22378191138,,cpu-cycles,500022877,4.92,,
   285.035379640,22378189653,,ref-cycles,500022877,4.92,,
   285.035379640,66006972496,,instructions,500022877,4.92,2.95,insn per cycle
   285.035379640,254298214,,CPU_CLK_THREAD_UNHALTED.ONE_THREAD_ACTIVE,500022314,4.92,,
   285.035379640,254298214,,CPU_CLK_THREAD_UNHALTED.REF_XCLK_ANY,500022314,4.92,,
   285.035379640,19028363,,cpu-cycles:k,500022314,4.92,,
   285.035379640,19031130,,ref-cycles:k,500022314,4.92,,
   285.035379640,15127006,,instructions:k,500022314,4.92,0.35,insn per cycle
   285.035379640,34707617204,,IDQ.DSB_UOPS,500022669,4.92,,
   285.035379640,27348653408,,IDQ.MITE_UOPS,500022669,4.92,,
   285.035379640,0,,LSD.UOPS,500022669,4.92,,
   285.035379640,22378312827,,cpu-cycles,500022669,4.92,,
   285.035379640,22378314801,,ref-cycles,500022669,4.92,,
   285.035379640,65984543551,,instructions,500022669,4.92,2.95,insn per cycle
   285.035379640,11057708660,,IDQ.ALL_MITE_CYCLES_ANY_UOPS,500022479,4.92,,
   285.035379640,3992083905,,IDQ.ALL_MITE_CYCLES_4_UOPS,500022479,4.92,,
   285.035379640,22378295858,,cpu-cycles,500022479,4.92,,
   285.035379640,22378294230,,ref-cycles,500022479,4.92,,
   285.035379640,65985606035,,instructions,500022479,4.92,2.95,insn per cycle
   285.035379640,7465684567,,IDQ.ALL_DSB_CYCLES_ANY_UOPS,500022741,4.92,,
   285.035379640,5825767111,,IDQ.ALL_DSB_CYCLES_4_UOPS,500022741,4.92,,
   285.035379640,22378313585,,cpu-cycles,500022741,4.92,,
   285.035379640,22378315212,,ref-cycles,500022741,4.92,,
   285.035379640,65965556660,,instructions,500022741,4.92,2.95,insn per cycle
   285.035379640,0,,MEM_LOAD_L3_HIT_RETIRED.XSNP_HIT,500022443,4.92,,
   285.035379640,219801,,MEM_LOAD_L3_HIT_RETIRED.XSNP_HITM,500022443,4.92,,
   285.035379640,22378263038,,cpu-cycles,500022443,4.92,,
   285.035379640,22378261675,,ref-cycles,500022443,4.92,,
   285.035379640,65979164134,,instructions,500022443,4.92,2.95,insn per cycle
   285.035379640,55581,,UOPS_EXECUTED.X87,500022558,4.92,,
   285.035379640,70189630584,,UOPS_EXECUTED.THREAD,500022558,4.92,,
   285.035379640,22378242999,,cpu-cycles,500022558,4.92,,
   285.035379640,22378242632,,ref-cycles,500022558,4.92,,
   285.035379640,65984031866,,instructions,500022558,4.92,2.95,insn per cycle
   285.035379640,<not supported>,,cstate_core/c6-residency/,0,100.00,,
   285.035379640,<not supported>,,cstate_pkg/c6-residency/,0,100.00,,
   290.035956109,22370051075,,CORE_POWER.LVL0_TURBO_LICENSE,250062921,2.46,,
   290.035956109,0,,CORE_POWER.LVL1_TURBO_LICENSE,250062921,2.46,,
   290.035956109,0,,CORE_POWER.LVL2_TURBO_LICENSE,250062921,2.46,,
   290.035956109,107323431,,L1D.REPLACEMENT,250062921,2.46,,
   290.035956109,22370051075,,cpu-cycles,250062921,2.46,,
   290.035956109,22370050140,,ref-cycles,250062921,2.46,,
   290.035956109,65970289539,,instructions,250062921,2.46,2.95,insn per cycle
   290.035956109,504323,,MACHINE_CLEARS.COUNT,436905426,4.30,,
   290.035956109,2463859,,BR_MISP_RETIRED.ALL_BRANCHES,436905426,4.30,,
   290.035956109,22178066,,INT_MISC.CLEAR_RESTEER_CYCLES,436905426,4.30,,
   290.035956109,19476766135,,MEM_LOAD_RETIRED.L1_HIT,436905426,4.30,,
   290.035956109,22374717975,,cpu-cycles,436905426,4.30,,
   290.035956109,22374709269,,ref-cycles,436905426,4.30,,
   290.035956109,65963942173,,instructions,436905426,4.30,2.95,insn per cycle
   290.035956109,65403376581,,UOPS_ISSUED.ANY,500022384,4.92,,
   290.035956109,65023799144,,UOPS_RETIRED.RETIRE_SLOTS,500022384,4.92,,
   290.035956109,18122649,,INT_MISC.RECOVERY_CYCLES_ANY,500022384,4.92,,
   290.035956109,18122649,,INT_MISC.RECOVERY_CYCLES,500022384,4.92,,
   290.035956109,22373184663,,cpu-cycles,500022384,4.92,,
   290.035956109,22373187531,,ref-cycles,500022384,4.92,,
   290.035956109,65929996285,,instructions,500022384,4.92,2.95,insn per cycle
   290.035956109,22373988605,,CPU_CLK_UNHALTED.THREAD_ANY,500022514,4.92,,
   290.035956109,16219311746,,IDQ_UOPS_NOT_DELIVERED.CORE,500022514,4.92,,
   290.035956109,1116129490,,CYCLE_ACTIVITY.STALLS_MEM_ANY,500022514,4.92,,
   290.035956109,1294326395,,CYCLE_ACTIVITY.STALLS_TOTAL,500022514,4.92,,
   290.035956109,22373988605,,cpu-cycles,500022514,4.92,,
   290.035956109,22373988137,,ref-cycles,500022514,4.92,,
   290.035956109,65981040459,,instructions,500022514,4.92,2.95,insn per cycle
   290.035956109,2854380296,,EXE_ACTIVITY.1_PORTS_UTIL,500022574,4.92,,
   290.035956109,3607435851,,EXE_ACTIVITY.2_PORTS_UTIL,500022574,4.92,,
   290.035956109,129185567,,EXE_ACTIVITY.BOUND_ON_STORES,500022574,4.92,,
   290.035956109,7009616,,EXE_ACTIVITY.EXE_BOUND_0_PORTS,500022574,4.92,,
   290.035956109,22374017103,,cpu-cycles,500022574,4.92,,
   290.035956109,22374017082,,ref-cycles,500022574,4.92,,
   290.035956109,65940434068,,instructions,500022574,4.92,2.95,insn per cycle
   290.035956109,52060241,,MEM_LOAD_RETIRED.L2_HIT,500022906,4.92,,
   290.035956109,49970085,,MEM_LOAD_RETIRED.FB_HIT,500022906,4.92,,
   290.035956109,65612521,,MEM_LOAD_RETIRED.L1_MISS,500022906,4.92,,
   290.035956109,5670863,,L1D_PEND_MISS.FB_FULL:c1,500022906,4.92,,
   290.035956109,22373872148,,cpu-cycles,500022906,4.92,,
   290.035956109,22373873877,,ref-cycles,500022906,4.92,,
   290.035956109,65951877742,,instructions,500022906,4.92,2.95,insn per cycle
   290.035956109,182336517,,CYCLE_ACTIVITY.STALLS_L1D_MISS,500022332,4.92,,
   290.035956109,67873422,,CYCLE_ACTIVITY.STALLS_L2_MISS,500022332,4.92,,
   290.035956109,3830212,,CYCLE_ACTIVITY.STALLS_L3_MISS,500022332,4.92,,
   290.035956109,208303878,,OFFCORE_REQUESTS_OUTSTANDING.CYCLES_WITH_DEMAND_RFO,500022332,4.92,,
   290.035956109,22373986821,,cpu-cycles,500022332,4.92,,
   290.035956109,22373986414,,ref-cycles,500022332,4.92,,
   290.035956109,65951926716,,instructions,500022332,4.92,2.95,insn per cycle
   290.035956109,28151,,ITLB_MISSES.WALK_COMPLETED,500022575,4.92,,
   290.035956109,929817,,ITLB_MISSES.WALK_ACTIVE,500022575,4.92,,
   290.035956109,122,,DTLB_LOAD_MISSES.WALK_COMPLETED,500022575,4.92,,
   290.035956109,44139,,DTLB_LOAD_MISSES.WALK_ACTIVE,500022575,4.92,,
   290.035956109,22373980010,,cpu-cycles,500022575,4.92,,
   290.035956109,22373982776,,ref-cycles,500022575,4.92,,
   290.035956109,65931310693,,instructions,500022575,4.92,2.95,insn per cycle
   290.035956109,0,,DTLB_STORE_MISSES.WALK_COMPLETED,500022563,4.92,,
   290.035956109,0,,DTLB_STORE_MISSES.WALK_ACTIVE,500022563,4.92,,
   290.035956109,783063833,,IDQ_UOPS_NOT_DELIVERED.CYCLES_0_UOPS_DELIV.CORE,500022563,4.92,,
   290.035956109,53821,,BACLEARS.ANY,500022563,4.92,,
   290.035956109,22374005898,,cpu-cycles,500022563,4.92,,
   290.035956109,22374008258,,ref-cycles,500022563,4.92,,
   290.035956109,65928749090,,instructions,500022563,4.92,2.95,insn per cycle
   290.035956109,13424,,MEM_INST_RETIRED.LOCK_LOADS,500022672,4.92,,
   290.035956109,21489145,,L2_RQSTS.ALL_RFO,500022672,4.92,,
   290.035956109,8046859762,,MEM_INST_RETIRED.ALL_STORES,500022672,4.92,,
   290.035956109,11453835,,L2_RQSTS.RFO_HIT,500022672,4.92,,
   290.035956109,22373999252,,cpu-cycles,500022672,4.92,,
   290.035956109,22373998499,,ref-cycles,500022672,4.92,,
   290.035956109,65946978759,,instructions,500022672,4.92,2.95,insn per cycle
   290.035956109,0,,OFFCORE_REQUESTS_OUTSTANDING.L3_MISS_DEMAND_DATA_RD_GE_6,500022382,4.92,,
   290.035956109,6076346,,OFFCORE_REQUESTS_OUTSTANDING.CYCLES_WITH_L3_MISS_DEMAND_DATA_RD,500022382,4.92,,
   290.035956109,22374113291,,cpu-cycles,500022382,4.92,,
   290.035956109,22374112112,,ref-cycles,500022382,4.92,,
   290.035956109,65960276378,,instructions,500022382,4.92,2.95,insn per cycle
   290.035956109,21072806858,,UOPS_EXECUTED.CORE_CYCLES_GE_1,500022690,4.92,,
   290.035956109,18224278952,,UOPS_EXECUTED.CORE_CYCLES_GE_2,500022690,4.92,,
   290.035956109,14634147372,,UOPS_EXECUTED.CORE_CYCLES_GE_3,500022690,4.92,,
   290.035956109,7239418083,,UOPS_RETIRED.MACRO_FUSED,500022690,4.92,,
   290.035956109,22374113909,,cpu-cycles,500022690,4.92,,
   290.035956109,22374113401,,ref-cycles,500022690,4.92,,
   290.035956109,65948287004,,instructions,500022690,4.92,2.95,insn per cycle
   290.035956109,65792229,,FP_ARITH_INST_RETIRED.SCALAR_SINGLE:u0x03,500023470,4.92,,
   290.035956109,32775493,,FP_ARITH_INST_RETIRED.128B_PACKED_DOUBLE:u0xfc,500023470,4.92,,
   290.035956109,8881060,,ICACHE_16B.IFDATA_STALL,500023470,4.92,,
   290.035956109,1153849,,ICACHE_16B.IFDATA_STALL:c1:e1,500023470,4.92,,
   290.035956109,22373977811,,cpu-cycles,500023470,4.92,,
   290.035956109,22373978726,,ref-cycles,500023470,4.92,,
   290.035956109,65375717541,,instructions,500023470,4.92,2.92,insn per cycle
   290.035956109,25681510,,L2_RQSTS.ALL_CODE_RD,669230087,6.58,,
   290.035956109,75,,ITLB_MISSES.WALK_COMPLETED_2M_4M,669230087,6.58,,
   290.035956109,251210062,,L2_LINES_IN.ALL,669230087,6.58,,
   290.035956109,33226331,,MEM_LOAD_RETIRED.L2_MISS,669230087,6.58,,
   290.035956109,22294728587,,cpu-cycles,669230087,6.58,,
   290.035956109,22294728785,,ref-cycles,669230087,6.58,,
   290.035956109,48456104309,,instructions,669230087,6.58,2.17,insn per cycle
   290.035956109,1388909,,L2_RQSTS.CODE_RD_MISS,500022832,4.92,,
   290.035956109,0,,DTLB_LOAD_MISSES.WALK_COMPLETED_2M_4M,500022832,4.92,,
   290.035956109,0,,DTLB_LOAD_MISSES.WALK_COMPLETED_4K,500022832,4.92,,
   290.035956109,0,,DTLB_LOAD_MISSES.WALK_COMPLETED_1G,500022832,4.92,,
   290.035956109,22373193342,,cpu-cycles,500022832,4.92,,
   290.035956109,22373190657,,ref-cycles,500022832,4.92,,
   290.035956109,54657706503,,instructions,500022832,4.92,2.44,insn per cycle
   290.035956109,358435865,,MEM_LOAD_RETIRED.FB_HIT,500022334,4.92,,
   290.035956109,0,,CYCLE_ACTIVITY.CYCLES_MEM_ANY,500022334,4.92,,
   290.035956109,2613869981,,CYCLE_ACTIVITY.CYCLES_L1D_MISS,500022334,4.92,,
   290.035956109,22373175208,,cpu-cycles,500022334,4.92,,
   290.035956109,22373175737,,ref-cycles,500022334,4.92,,
   290.035956109,53631925348,,instructions,500022334,4.92,2.40,insn per cycle
   290.035956109,3092411423,,IDQ.MS_UOPS,500022611,4.92,,
   290.035956109,2202868,,ICACHE_64B.IFTAG_STALL,500022611,4.92,,
   290.035956109,117967457,,DTLB_LOAD_MISSES.STLB_HIT:c1,500022611,4.92,,
   290.035956109,22373052496,,cpu-cycles,500022611,4.92,,
   290.035956109,22373051092,,ref-cycles,500022611,4.92,,
   290.035956109,53634047819,,instructions,500022611,4.92,2.40,insn per cycle
   290.035956109,15758882,,ICACHE_16B.IFDATA_STALL,314595766,3.09,,
   290.035956109,1635281,,ICACHE_16B.IFDATA_STALL:c1:e1,314595766,3.09,,
   290.035956109,10174173,,ARITH.DIVIDER_ACTIVE,314595766,3.09,,
   290.035956109,2207883825,,UOPS_EXECUTED.CORE_CYCLES_NONE,314595766,3.09,,
   290.035956109,22371640150,,cpu-cycles,314595766,3.09,,
   290.035956109,22371647392,,ref-cycles,314595766,3.09,,
   290.035956109,60908028325,,instructions,314595766,3.09,2.72,insn per cycle
   290.035956109,254249875,,CPU_CLK_THREAD_UNHALTED.ONE_THREAD_ACTIVE,250010597,2.46,,
   290.035956109,254249875,,CPU_CLK_THREAD_UNHALTED.REF_XCLK_ANY,250010597,2.46,,
   290.035956109,18993429,,cpu-cycles:k,250010597,2.46,,
   290.035956109,18945343,,ref-cycles:k,250010597,2.46,,
   290.035956109,15130124,,instructions:k,250010597,2.46,0.36,insn per cycle
   290.035956109,34689094522,,IDQ.DSB_UOPS,250011287,2.46,,
   290.035956109,27341966260,,IDQ.MITE_UOPS,250011287,2.46,,
   290.035956109,0,,LSD.UOPS,250011287,2.46,,
   290.035956109,22374075484,,cpu-cycles,250011287,2.46,,
   290.035956109,22374072839,,ref-cycles,250011287,2.46,,
   290.035956109,65959304749,,instructions,250011287,2.46,2.95,insn per cycle
   290.035956109,11056306219,,IDQ.ALL_MITE_CYCLES_ANY_UOPS,250011243,2.46,,
   290.035956109,4002291144,,IDQ.ALL_MITE_CYCLES_4_UOPS,250011243,2.46,,
   290.035956109,22374056259,,cpu-cycles,250011243,2.46,,
   290.035956109,22374053411,,ref-cycles,250011243,2.46,,
   290.035956109,65999241876,,instructions,250011243,2.46,2.95,insn per cycle
   290.035956109,7493107707,,IDQ.ALL_DSB_CYCLES_ANY_UOPS,250011465,2.46,,
   290.035956109,5849987699,,IDQ.ALL_DSB_CYCLES_4_UOPS,250011465,2.46,,
   290.035956109,22374176699,,cpu-cycles,250011465,2.46,,
   290.035956109,22374176374,,ref-cycles,250011465,2.46,,
   290.035956109,65963960707,,instructions,250011465,2.46,2.95,insn per cycle
   290.035956109,0,,MEM_LOAD_L3_HIT_RETIRED.XSNP_HIT,250011180,2.46,,
   290.035956109,215816,,MEM_LOAD_L3_HIT_RETIRED.XSNP_HITM,250011180,2.46,,
   290.035956109,22374139492,,cpu-cycles,250011180,2.46,,
   290.035956109,22374141486,,ref-cycles,250011180,2.46,,
   290.035956109,65908574507,,instructions,250011180,2.46,2.95,insn per cycle
   290.035956109,55571,,UOPS_EXECUTED.X87,250011162,2.46,,
   290.035956109,70206038482,,UOPS_EXECUTED.THREAD,250011162,2.46,,
   290.035956109,22374072550,,cpu-cycles,250011162,2.46,,
   290.035956109,22374071167,,ref-cycles,250011162,2.46,,
   290.035956109,66000568005,,instructions,250011162,2.46,2.95,insn per cycle
   290.035956109,<not supported>,,cstate_core/c6-residency/,0,100.00,,
   290.035956109,<not supported>,,cstate_pkg/c6-residency/,0,100.00,,
   295.036562426,22375646519,,CORE_POWER.LVL0_TURBO_LICENSE,500022237,4.92,,
   295.036562426,0,,CORE_POWER.LVL1_TURBO_LICENSE,500022237,4.92,,
   295.036562426,0,,CORE_POWER.LVL2_TURBO_LICENSE,500022237,4.92,,
   295.036562426,1430008987,,L1D.REPLACEMENT,500022237,4.92,,
   295.036562426,22375646519,,cpu-cycles,500022237,4.92,,
   295.036562426,22375645278,,ref-cycles,500022237,4.92,,
   295.036562426,41239158030,,instructions,500022237,4.92,1.84,insn per cycle
   295.036562426,6517350,,MACHINE_CLEARS.COUNT,500022530,4.92,,
   295.036562426,28465466,,BR_MISP_RETIRED.ALL_BRANCHES,500022530,4.92,,
   295.036562426,148732833,,INT_MISC.CLEAR_RESTEER_CYCLES,500022530,4.92,,
   295.036562426,13034364693,,MEM_LOAD_RETIRED.L1_HIT,500022530,4.92,,
   295.036562426,22375347512,,cpu-cycles,500022530,4.92,,
   295.036562426,22375344521,,ref-cycles,500022530,4.92,,
   295.036562426,41272557041,,instructions,500022530,4.92,1.85,insn per cycle
   295.036562426,47664497041,,UOPS_ISSUED.ANY,500022077,4.92,,
   295.036562426,45370624659,,UOPS_RETIRED.RETIRE_SLOTS,500022077,4.92,,
   295.036562426,178734622,,INT_MISC.RECOVERY_CYCLES_ANY,500022077,4.92,,
   295.036562426,178734622,,INT_MISC.RECOVERY_CYCLES,500022077,4.92,,
   295.036562426,22375384290,,cpu-cycles,500022077,4.92,,
   295.036562426,22375383171,,ref-cycles,500022077,4.92,,
   295.036562426,41279197382,,instructions,500022077,4.92,1.85,insn per cycle
   295.036562426,22375396103,,CPU_CLK_UNHALTED.THREAD_ANY,500023331,4.92,,
   295.036562426,8249264185,,IDQ_UOPS_NOT_DELIVERED.CORE,500023331,4.92,,
   295.036562426,3925393021,,CYCLE_ACTIVITY.STALLS_MEM_ANY,500023331,4.92,,
   295.036562426,5675082355,,CYCLE_ACTIVITY.STALLS_TOTAL,500023331,4.92,,
   295.036562426,22375396103,,cpu-cycles,500023331,4.92,,
   295.036562426,22375395350,,ref-cycles,500023331,4.92,,
   295.036562426,41275497547,,instructions,500023331,4.92,1.85,insn per cycle
   295.036562426,2458715539,,EXE_ACTIVITY.1_PORTS_UTIL,500021894,4.92,,
   295.036562426,3494717428,,EXE_ACTIVITY.2_PORTS_UTIL,500021894,4.92,,
   295.036562426,1352432304,,EXE_ACTIVITY.BOUND_ON_STORES,500021894,4.92,,
   295.036562426,90257450,,EXE_ACTIVITY.EXE_BOUND_0_PORTS,500021894,4.92,,
   295.036562426,22375311565,,cpu-cycles,500021894,4.92,,
   295.036562426,22375309063,,ref-cycles,500021894,4.92,,
   295.036562426,41261766358,,instructions,500021894,4.92,1.84,insn per cycle
   295.036562426,339164063,,MEM_LOAD_RETIRED.L2_HIT,500022684,4.92,,
   295.036562426,643044196,,MEM_LOAD_RETIRED.FB_HIT,500022684,4.92,,
   295.036562426,412187176,,MEM_LOAD_RETIRED.L1_MISS,500022684,4.92,,
   295.036562426,532368566,,L1D_PEND_MISS.FB_FULL:c1,500022684,4.92,,
   295.036562426,22375379464,,cpu-cycles,500022684,4.92,,
   295.036562426,22375380481,,ref-cycles,500022684,4.92,,
   295.036562426,41307276205,,instructions,500022684,4.92,1.85,insn per cycle
   295.036562426,1575145381,,CYCLE_ACTIVITY.STALLS_L1D_MISS,500022543,4.92,,
   295.036562426,1089399488,,CYCLE_ACTIVITY.STALLS_L2_MISS,500022543,4.92,,
   295.036562426,468140890,,CYCLE_ACTIVITY.STALLS_L3_MISS,500022543,4.92,,
   295.036562426,6174714543,,OFFCORE_REQUESTS_OUTSTANDING.CYCLES_WITH_DEMAND_RFO,500022543,4.92,,
   295.036562426,22375363946,,cpu-cycles,500022543,4.92,,
   295.036562426,22375365207,,ref-cycles,500022543,4.92,,
   295.036562426,41248316666,,instructions,500022543,4.92,1.84,insn per cycle
   295.036562426,7690,,ITLB_MISSES.WALK_COMPLETED,500022684,4.92,,
   295.036562426,381287,,ITLB_MISSES.WALK_ACTIVE,500022684,4.92,,
   295.036562426,0,,DTLB_LOAD_MISSES.WALK_COMPLETED,500022684,4.92,,
   295.036562426,77347,,DTLB_LOAD_MISSES.WALK_ACTIVE,500022684,4.92,,
   295.036562426,22375470496,,cpu-cycles,500022684,4.92,,
   295.036562426,22375471106,,ref-cycles,500022684,4.92,,
   295.036562426,41236557917,,instructions,500022684,4.92,1.84,insn per cycle
   295.036562426,4231,,DTLB_STORE_MISSES.WALK_COMPLETED,500002082,4.92,,
   295.036562426,278073,,DTLB_STORE_MISSES.WALK_ACTIVE,500002082,4.92,,
   295.036562426,753226944,,IDQ_UOPS_NOT_DELIVERED.CYCLES_0_UOPS_DELIV.CORE,500002082,4.92,,
   295.036562426,1104278,,BACLEARS.ANY,500002082,4.92,,
   295.036562426,22374236794,,cpu-cycles,500002082,4.92,,
   295.036562426,22374240762,,ref-cycles,500002082,4.92,,
   295.036562426,41226467753,,instructions,500002082,4.92,1.84,insn per cycle
   295.036562426,9429495,,MEM_INST_RETIRED.LOCK_LOADS,315654278,3.10,,
   295.036562426,503233082,,L2_RQSTS.ALL_RFO,315654278,3.10,,
   295.036562426,6476949350,,MEM_INST_RETIRED.ALL_STORES,315654278,3.10,,
   295.036562426,207612035,,L2_RQSTS.RFO_HIT,315654278,3.10,,
   295.036562426,22373478718,,cpu-cycles,315654278,3.10,,
   295.036562426,22373487516,,ref-cycles,315654278,3.10,,
   295.036562426,41287226771,,instructions,315654278,3.10,1.85,insn per cycle
   295.036562426,7042109,,OFFCORE_REQUESTS_OUTSTANDING.L3_MISS_DEMAND_DATA_RD_GE_6,250011639,2.46,,
   295.036562426,709522932,,OFFCORE_REQUESTS_OUTSTANDING.CYCLES_WITH_L3_MISS_DEMAND_DATA_RD,250011639,2.46,,
   295.036562426,22375501036,,cpu-cycles,250011639,2.46,,
   295.036562426,22375500588,,ref-cycles,250011639,2.46,,
   295.036562426,41317330145,,instructions,250011639,2.46,1.85,insn per cycle
   295.036562426,16730511249,,UOPS_EXECUTED.CORE_CYCLES_GE_1,250011858,2.46,,
   295.036562426,14252480931,,UOPS_EXECUTED.CORE_CYCLES_GE_2,250011858,2.46,,
   295.036562426,10750969356,,UOPS_EXECUTED.CORE_CYCLES_GE_3,250011858,2.46,,
   295.036562426,2753251356,,UOPS_RETIRED.MACRO_FUSED,250011858,2.46,,
   295.036562426,22375623296,,cpu-cycles,250011858,2.46,,
   295.036562426,22375623662,,ref-cycles,250011858,2.46,,
   295.036562426,41349360831,,instructions,250011858,2.46,1.85,insn per cycle
   295.036562426,572973,,FP_ARITH_INST_RETIRED.SCALAR_SINGLE:u0x03,250011228,2.46,,
   295.036562426,203685,,FP_ARITH_INST_RETIRED.128B_PACKED_DOUBLE:u0xfc,250011228,2.46,,
   295.036562426,47317146,,ICACHE_16B.IFDATA_STALL,250011228,2.46,,
   295.036562426,3903475,,ICACHE_16B.IFDATA_STALL:c1:e1,250011228,2.46,,
   295.036562426,22375539074,,cpu-cycles,250011228,2.46,,
   295.036562426,22375539766,,ref-cycles,250011228,2.46,,
   295.036562426,41267590312,,instructions,250011228,2.46,1.84,insn per cycle
   295.036562426,28514127,,L2_RQSTS.ALL_CODE_RD,420899089,4.14,,
   295.036562426,0,,ITLB_MISSES.WALK_COMPLETED_2M_4M,420899089,4.14,,
   295.036562426,363351624,,L2_LINES_IN.ALL,420899089,4.14,,
   295.036562426,43349873,,MEM_LOAD_RETIRED.L2_MISS,420899089,4.14,,
   295.036562426,22242211054,,cpu-cycles,420899089,4.14,,
   295.036562426,22242222872,,ref-cycles,420899089,4.14,,
   295.036562426,36503163541,,instructions,420899089,4.14,1.63,insn per cycle
   295.036562426,2415143,,L2_RQSTS.CODE_RD_MISS,250011137,2.46,,
   295.036562426,0,,DTLB_LOAD_MISSES.WALK_COMPLETED_2M_4M,250011137,2.46,,
   295.036562426,81,,DTLB_LOAD_MISSES.WALK_COMPLETED_4K,250011137,2.46,,
   295.036562426,0,,DTLB_LOAD_MISSES.WALK_COMPLETED_1G,250011137,2.46,,
   295.036562426,22375548701,,cpu-cycles,250011137,2.46,,
   295.036562426,22375549677,,ref-cycles,250011137,2.46,,
   295.036562426,41270631426,,instructions,250011137,2.46,1.85,insn per cycle
   295.036562426,643029724,,MEM_LOAD_RETIRED.FB_HIT,250011344,2.46,,
   295.036562426,0,,CYCLE_ACTIVITY.CYCLES_MEM_ANY,250011344,2.46,,
   295.036562426,4396529761,,CYCLE_ACTIVITY.CYCLES_L1D_MISS,250011344,2.46,,
   295.036562426,22375546034,,cpu-cycles,250011344,2.46,,
   295.036562426,22375547011,,ref-cycles,250011344,2.46,,
   295.036562426,41383400077,,instructions,250011344,2.46,1.85,insn per cycle
   295.036562426,3375825433,,IDQ.MS_UOPS,250011650,2.46,,
   295.036562426,1228015,,ICACHE_64B.IFTAG_STALL,250011650,2.46,,
   295.036562426,224699900,,DTLB_LOAD_MISSES.STLB_HIT:c1,250011650,2.46,,
   295.036562426,22375487950,,cpu-cycles,250011650,2.46,,
   295.036562426,22375487503,,ref-cycles,250011650,2.46,,
   295.036562426,41302188364,,instructions,250011650,2.46,1.85,insn per cycle
   295.036562426,48687539,,ICACHE_16B.IFDATA_STALL,435438632,4.28,,
   295.036562426,3913118,,ICACHE_16B.IFDATA_STALL:c1:e1,435438632,4.28,,
   295.036562426,46433843,,ARITH.DIVIDER_ACTIVE,435438632,4.28,,
   295.036562426,5673142275,,UOPS_EXECUTED.CORE_CYCLES_NONE,435438632,4.28,,
   295.036562426,22377131323,,cpu-cycles,435438632,4.28,,
   295.036562426,22377126440,,ref-cycles,435438632,4.28,,
   295.036562426,41255966810,,instructions,435438632,4.28,1.84,insn per cycle
   295.036562426,254265800,,CPU_CLK_THREAD_UNHALTED.ONE_THREAD_ACTIVE,500022446,4.92,,
   295.036562426,254265800,,CPU_CLK_THREAD_UNHALTED.REF_XCLK_ANY,500022446,4.92,,
   295.036562426,13682698,,cpu-cycles:k,500022446,4.92,,
   295.036562426,13688536,,ref-cycles:k,500022446,4.92,,
   295.036562426,8617466,,instructions:k,500022446,4.92,0.21,insn per cycle
   295.036562426,30835456742,,IDQ.DSB_UOPS,500022606,4.92,,
   295.036562426,13747974620,,IDQ.MITE_UOPS,500022606,4.92,,
   295.036562426,0,,LSD.UOPS,500022606,4.92,,
   295.036562426,22375977437,,cpu-cycles,500022606,4.92,,
   295.036562426,22375979797,,ref-cycles,500022606,4.92,,
   295.036562426,41260667272,,instructions,500022606,4.92,1.84,insn per cycle
   295.036562426,4903173118,,IDQ.ALL_MITE_CYCLES_ANY_UOPS,500022516,4.92,,
   295.036562426,2097449052,,IDQ.ALL_MITE_CYCLES_4_UOPS,500022516,4.92,,
   295.036562426,22375942192,,cpu-cycles,500022516,4.92,,
   295.036562426,22375940585,,ref-cycles,500022516,4.92,,
   295.036562426,41229665327,,instructions,500022516,4.92,1.84,insn per cycle
   295.036562426,7178902718,,IDQ.ALL_DSB_CYCLES_ANY_UOPS,500022281,4.92,,
   295.036562426,5814517002,,IDQ.ALL_DSB_CYCLES_4_UOPS,500022281,4.92,,
   295.036562426,22376015651,,cpu-cycles,500022281,4.92,,
   295.036562426,22376013006,,ref-cycles,500022281,4.92,,
   295.036562426,41275115275,,instructions,500022281,4.92,1.85,insn per cycle
   295.036562426,256966,,MEM_LOAD_L3_HIT_RETIRED.XSNP_HIT,500023575,4.92,,
   295.036562426,5328593,,MEM_LOAD_L3_HIT_RETIRED.XSNP_HITM,500023575,4.92,,
   295.036562426,22376022770,,cpu-cycles,500023575,4.92,,
   295.036562426,22376024397,,ref-cycles,500023575,4.92,,
   295.036562426,41286610512,,instructions,500023575,4.92,1.85,insn per cycle
   295.036562426,5137430,,UOPS_EXECUTED.X87,500022505,4.92,,
   295.036562426,52893209182,,UOPS_EXECUTED.THREAD,500022505,4.92,,
   295.036562426,22376096368,,cpu-cycles,500022505,4.92,,
   295.036562426,22376097548,,ref-cycles,500022505,4.92,,
   295.036562426,41249865962,,instructions,500022505,4.92,1.84,insn per cycle
   295.036562426,<not supported>,,cstate_core/c6-residency/,0,100.00,,
   295.036562426,<not supported>,,cstate_pkg/c6-residency/,0,100.00,,
   300.037170763,22374510221,,CORE_POWER.LVL0_TURBO_LICENSE,500003852,4.92,,
   300.037170763,0,,CORE_POWER.LVL1_TURBO_LICENSE,500003852,4.92,,
   300.037170763,0,,CORE_POWER.LVL2_TURBO_LICENSE,500003852,4.92,,
   300.037170763,1430297414,,L1D.REPLACEMENT,500003852,4.92,,
   300.037170763,22374510221,,cpu-cycles,500003852,4.92,,
   300.037170763,22374509285,,ref-cycles,500003852,4.92,,
   300.037170763,41307573698,,instructions,500003852,4.92,1.85,insn per cycle
   300.037170763,6252527,,MACHINE_CLEARS.COUNT,316713577,3.11,,
   300.037170763,28506835,,BR_MISP_RETIRED.ALL_BRANCHES,316713577,3.11,,
   300.037170763,148591293,,INT_MISC.CLEAR_RESTEER_CYCLES,316713577,3.11,,
   300.037170763,13043746732,,MEM_LOAD_RETIRED.L1_HIT,316713577,3.11,,
   300.037170763,22373776693,,cpu-cycles,316713577,3.11,,
   300.037170763,22373800782,,ref-cycles,316713577,3.11,,
   300.037170763,41304015854,,instructions,316713577,3.11,1.85,insn per cycle
   300.037170763,47785334970,,UOPS_ISSUED.ANY,250011753,2.46,,
   300.037170763,45439918682,,UOPS_RETIRED.RETIRE_SLOTS,250011753,2.46,,
   300.037170763,182823073,,INT_MISC.RECOVERY_CYCLES_ANY,250011753,2.46,,
   300.037170763,182823073,,INT_MISC.RECOVERY_CYCLES,250011753,2.46,,
   300.037170763,22375619637,,cpu-cycles,250011753,2.46,,
   300.037170763,22375620532,,ref-cycles,250011753,2.46,,
   300.037170763,41326187271,,instructions,250011753,2.46,1.85,insn per cycle
   300.037170763,22375548868,,CPU_CLK_UNHALTED.THREAD_ANY,250011112,2.46,,
   300.037170763,8304277851,,IDQ_UOPS_NOT_DELIVERED.CORE,250011112,2.46,,
   300.037170763,3919781178,,CYCLE_ACTIVITY.STALLS_MEM_ANY,250011112,2.46,,
   300.037170763,5667241126,,CYCLE_ACTIVITY.STALLS_TOTAL,250011112,2.46,,
   300.037170763,22375548868,,cpu-cycles,250011112,2.46,,
   300.037170763,22375549926,,ref-cycles,250011112,2.46,,
   300.037170763,41275417824,,instructions,250011112,2.46,1.85,insn per cycle
   300.037170763,2463467594,,EXE_ACTIVITY.1_PORTS_UTIL,250011398,2.46,,
   300.037170763,3480675551,,EXE_ACTIVITY.2_PORTS_UTIL,250011398,2.46,,
   300.037170763,1359280312,,EXE_ACTIVITY.BOUND_ON_STORES,250011398,2.46,,
   300.037170763,87790038,,EXE_ACTIVITY.EXE_BOUND_0_PORTS,250011398,2.46,,
   300.037170763,22375554564,,cpu-cycles,250011398,2.46,,
   300.037170763,22375558429,,ref-cycles,250011398,2.46,,
   300.037170763,41279679978,,instructions,250011398,2.46,1.85,insn per cycle
   300.037170763,338349238,,MEM_LOAD_RETIRED.L2_HIT,250010780,2.46,,
   300.037170763,642252179,,MEM_LOAD_RETIRED.FB_HIT,250010780,2.46,,
   300.037170763,411866513,,MEM_LOAD_RETIRED.L1_MISS,250010780,2.46,,
   300.037170763,535107824,,L1D_PEND_MISS.FB_FULL:c1,250010780,2.46,,
   300.037170763,22375611596,,cpu-cycles,250010780,2.46,,
   300.037170763,22375613589,,ref-cycles,250010780,2.46,,
   300.037170763,41289883678,,instructions,250010780,2.46,1.85,insn per cycle
   300.037170763,1548307492,,CYCLE_ACTIVITY.STALLS_L1D_MISS,250011614,2.46,,
   300.037170763,1062920098,,CYCLE_ACTIVITY.STALLS_L2_MISS,250011614,2.46,,
   300.037170763,464653499,,CYCLE_ACTIVITY.STALLS_L3_MISS,250011614,2.46,,
   300.037170763,6131406238,,OFFCORE_REQUESTS_OUTSTANDING.CYCLES_WITH_DEMAND_RFO,250011614,2.46,,
   300.037170763,22375302053,,cpu-cycles,250011614,2.46,,
   300.037170763,22375303396,,ref-cycles,250011614,2.46,,
   300.037170763,41310110986,,instructions,250011614,2.46,1.85,insn per cycle
   300.037170763,7893,,ITLB_MISSES.WALK_COMPLETED,250011048,2.46,,
   300.037170763,398379,,ITLB_MISSES.WALK_ACTIVE,250011048,2.46,,
   300.037170763,122,,DTLB_LOAD_MISSES.WALK_COMPLETED,250011048,2.46,,
   300.037170763,93338,,DTLB_LOAD_MISSES.WALK_ACTIVE,250011048,2.46,,
   300.037170763,22375504562,,cpu-cycles,250011048,2.46,,
   300.037170763,22375508591,,ref-cycles,250011048,2.46,,
   300.037170763,41375993975,,instructions,250011048,2.46,1.85,insn per cycle
   300.037170763,3539,,DTLB_STORE_MISSES.WALK_COMPLETED,250012017,2.46,,
   300.037170763,245349,,DTLB_STORE_MISSES.WALK_ACTIVE,250012017,2.46,,
   300.037170763,753611197,,IDQ_UOPS_NOT_DELIVERED.CYCLES_0_UOPS_DELIV.CORE,250012017,2.46,,
   300.037170763,1094673,,BACLEARS.ANY,250012017,2.46,,
   300.037170763,22375280755,,cpu-cycles,250012017,2.46,,
   300.037170763,22375280633,,ref-cycles,250012017,2.46,,
   300.037170763,41327644534,,instructions,250012017,2.46,1.85,insn per cycle
   300.037170763,9482434,,MEM_INST_RETIRED.LOCK_LOADS,434379511,4.27,,
   300.037170763,503461487,,L2_RQSTS.ALL_RFO,434379511,4.27,,
   300.037170763,6475488054,,MEM_INST_RETIRED.ALL_STORES,434379511,4.27,,
   300.037170763,207762438,,L2_RQSTS.RFO_HIT,434379511,4.27,,
   300.037170763,22377003653,,cpu-cycles,434379511,4.27,,
   300.037170763,22376996557,,ref-cycles,434379511,4.27,,
   300.037170763,41270525121,,instructions,434379511,4.27,1.85,insn per cycle
   300.037170763,7038363,,OFFCORE_REQUESTS_OUTSTANDING.L3_MISS_DEMAND_DATA_RD_GE_6,500022247,4.92,,
   300.037170763,708156635,,OFFCORE_REQUESTS_OUTSTANDING.CYCLES_WITH_L3_MISS_DEMAND_DATA_RD,500022247,4.92,,
   300.037170763,22375434269,,cpu-cycles,500022247,4.92,,
   300.037170763,22375431747,,ref-cycles,500022247,4.92,,
   300.037170763,41225138240,,instructions,500022247,4.92,1.84,insn per cycle
   300.037170763,16708669066,,UOPS_EXECUTED.CORE_CYCLES_GE_1,500022633,4.92,,
   300.037170763,14228922567,,UOPS_EXECUTED.CORE_CYCLES_GE_2,500022633,4.92,,
   300.037170763,10742190029,,UOPS_EXECUTED.CORE_CYCLES_GE_3,500022633,4.92,,
   300.037170763,2739841957,,UOPS_RETIRED.MACRO_FUSED,500022633,4.92,,
   300.037170763,22375795517,,cpu-cycles,500022633,4.92,,
   300.037170763,22375795253,,ref-cycles,500022633,4.92,,
   300.037170763,41317228582,,instructions,500022633,4.92,1.85,insn per cycle
   300.037170763,572685,,FP_ARITH_INST_RETIRED.SCALAR_SINGLE:u0x03,500022807,4.92,,
   300.037170763,203725,,FP_ARITH_INST_RETIRED.128B_PACKED_DOUBLE:u0xfc,500022807,4.92,,
   300.037170763,48352934,,ICACHE_16B.IFDATA_STALL,500022807,4.92,,
   300.037170763,3898798,,ICACHE_16B.IFDATA_STALL:c1:e1,500022807,4.92,,
   300.037170763,22375481874,,cpu-cycles,500022807,4.92,,
   300.037170763,22375481406,,ref-cycles,500022807,4.92,,
   300.037170763,41269237534,,instructions,500022807,4.92,1.84,insn per cycle
   300.037170763,35704756,,L2_RQSTS.ALL_CODE_RD,559263777,5.50,,
   300.037170763,0,,ITLB_MISSES.WALK_COMPLETED_2M_4M,559263777,5.50,,
   300.037170763,547649110,,L2_LINES_IN.ALL,559263777,5.50,,
   300.037170763,65713403,,MEM_LOAD_RETIRED.L2_MISS,559263777,5.50,,
   300.037170763,22340556814,,cpu-cycles,559263777,5.50,,
   300.037170763,22340560979,,ref-cycles,559263777,5.50,,
   300.037170763,39993827582,,instructions,559263777,5.50,1.79,insn per cycle
   300.037170763,2022100,,L2_RQSTS.CODE_RD_MISS,611658440,6.01,,
   300.037170763,0,,DTLB_LOAD_MISSES.WALK_COMPLETED_2M_4M,611658440,6.01,,
   300.037170763,33,,DTLB_LOAD_MISSES.WALK_COMPLETED_4K,611658440,6.01,,
   300.037170763,0,,DTLB_LOAD_MISSES.WALK_COMPLETED_1G,611658440,6.01,,
   300.037170763,22314867024,,cpu-cycles,611658440,6.01,,
   300.037170763,22314879414,,ref-cycles,611658440,6.01,,
   300.037170763,39067575443,,instructions,611658440,6.01,1.75,insn per cycle
   300.037170763,641940651,,MEM_LOAD_RETIRED.FB_HIT,500022266,4.92,,
   300.037170763,0,,CYCLE_ACTIVITY.CYCLES_MEM_ANY,500022266,4.92,,
   300.037170763,4443434050,,CYCLE_ACTIVITY.CYCLES_L1D_MISS,500022266,4.92,,
   300.037170763,22375701306,,cpu-cycles,500022266,4.92,,
   300.037170763,22375701591,,ref-cycles,500022266,4.92,,
   300.037170763,41174578773,,instructions,500022266,4.92,1.84,insn per cycle
   300.037170763,3373691389,,IDQ.MS_UOPS,500004261,4.92,,
   300.037170763,1481491,,ICACHE_64B.IFTAG_STALL,500004261,4.92,,
   300.037170763,223478280,,DTLB_LOAD_MISSES.STLB_HIT:c1,500004261,4.92,,
   300.037170763,22374532071,,cpu-cycles,500004261,4.92,,
   300.037170763,22374530830,,ref-cycles,500004261,4.92,,
   300.037170763,41284840260,,instructions,500004261,4.92,1.85,insn per cycle
   300.037170763,47748949,,ICACHE_16B.IFDATA_STALL,500022707,4.92,,
   300.037170763,3892803,,ICACHE_16B.IFDATA_STALL:c1:e1,500022707,4.92,,
   300.037170763,46341828,,ARITH.DIVIDER_ACTIVE,500022707,4.92,,
   300.037170763,5679619150,,UOPS_EXECUTED.CORE_CYCLES_NONE,500022707,4.92,,
   300.037170763,22375720093,,cpu-cycles,500022707,4.92,,
   300.037170763,22375718852,,ref-cycles,500022707,4.92,,
   300.037170763,41233775056,,instructions,500022707,4.92,1.84,insn per cycle
   300.037170763,254269213,,CPU_CLK_THREAD_UNHALTED.ONE_THREAD_ACTIVE,500022034,4.92,,
   300.037170763,254269213,,CPU_CLK_THREAD_UNHALTED.REF_XCLK_ANY,500022034,4.92,,
   300.037170763,13749479,,cpu-cycles:k,500022034,4.92,,
   300.037170763,13738636,,ref-cycles:k,500022034,4.92,,
   300.037170763,8614274,,instructions:k,500022034,4.92,0.21,insn per cycle
   300.037170763,30766531103,,IDQ.DSB_UOPS,500022775,4.92,,
   300.037170763,13694060700,,IDQ.MITE_UOPS,500022775,4.92,,
   300.037170763,0,,LSD.UOPS,500022775,4.92,,
   300.037170763,22375856166,,cpu-cycles,500022775,4.92,,
   300.037170763,22375854213,,ref-cycles,500022775,4.92,,
   300.037170763,41143935104,,instructions,500022775,4.92,1.84,insn per cycle
   300.037170763,4914707091,,IDQ.ALL_MITE_CYCLES_ANY_UOPS,500022373,4.92,,
   300.037170763,2098805004,,IDQ.ALL_MITE_CYCLES_4_UOPS,500022373,4.92,,
   300.037170763,22375780046,,cpu-cycles,500022373,4.92,,
   300.037170763,22375779618,,ref-cycles,500022373,4.92,,
   300.037170763,41292880721,,instructions,500022373,4.92,1.85,insn per cycle
   300.037170763,7174225651,,IDQ.ALL_DSB_CYCLES_ANY_UOPS,500022897,4.92,,
   300.037170763,5812536049,,IDQ.ALL_DSB_CYCLES_4_UOPS,500022897,4.92,,
   300.037170763,22375926895,,cpu-cycles,500022897,4.92,,
   300.037170763,22375926488,,ref-cycles,500022897,4.92,,
   300.037170763,41310539540,,instructions,500022897,4.92,1.85,insn per cycle
   300.037170763,245044,,MEM_LOAD_L3_HIT_RETIRED.XSNP_HIT,500022503,4.92,,
   300.037170763,5332009,,MEM_LOAD_L3_HIT_RETIRED.XSNP_HITM,500022503,4.92,,
   300.037170763,22375961939,,cpu-cycles,500022503,4.92,,
   300.037170763,22375960047,,ref-cycles,500022503,4.92,,
   300.037170763,41307532889,,instructions,500022503,4.92,1.85,insn per cycle
   300.037170763,5130374,,UOPS_EXECUTED.X87,500023037,4.92,,
   300.037170763,52984700682,,UOPS_EXECUTED.THREAD,500023037,4.92,,
   300.037170763,22375831953,,cpu-cycles,500023037,4.92,,
   300.037170763,22375832726,,ref-cycles,500023037,4.92,,
   300.037170763,41302446364,,instructions,500023037,4.92,1.85,insn per cycle
   300.037170763,<not supported>,,cstate_core/c6-residency/,0,100.00,,
   300.037170763,<not supported>,,cstate_pkg/c6-residency/,0,100.00,,
   305.037793426,22365181969,,CORE_POWER.LVL0_TURBO_LICENSE,250083334,2.46,,
   305.037793426,0,,CORE_POWER.LVL1_TURBO_LICENSE,250083334,2.46,,
   305.037793426,0,,CORE_POWER.LVL2_TURBO_LICENSE,250083334,2.46,,
   305.037793426,1427851491,,L1D.REPLACEMENT,250083334,2.46,,
   305.037793426,22365181969,,cpu-cycles,250083334,2.46,,
   305.037793426,22365181074,,ref-cycles,250083334,2.46,,
   305.037793426,41229399883,,instructions,250083334,2.46,1.84,insn per cycle
   305.037793426,6493559,,MACHINE_CLEARS.COUNT,433319817,4.26,,
   305.037793426,28793602,,BR_MISP_RETIRED.ALL_BRANCHES,433319817,4.26,,
   305.037793426,149300410,,INT_MISC.CLEAR_RESTEER_CYCLES,433319817,4.26,,
   305.037793426,13044112941,,MEM_LOAD_RETIRED.L1_HIT,433319817,4.26,,
   305.037793426,22369806196,,cpu-cycles,433319817,4.26,,
   305.037793426,22369790355,,ref-cycles,433319817,4.26,,
   305.037793426,41305123635,,instructions,433319817,4.26,1.85,insn per cycle
   305.037793426,47699434031,,UOPS_ISSUED.ANY,500023033,4.92,,
   305.037793426,45386468830,,UOPS_RETIRED.RETIRE_SLOTS,500023033,4.92,,
   305.037793426,180706765,,INT_MISC.RECOVERY_CYCLES_ANY,500023033,4.92,,
   305.037793426,180706765,,INT_MISC.RECOVERY_CYCLES,500023033,4.92,,
   305.037793426,22368323911,,cpu-cycles,500023033,4.92,,
   305.037793426,22368324684,,ref-cycles,500023033,4.92,,
   305.037793426,41297074644,,instructions,500023033,4.92,1.85,insn per cycle
   305.037793426,22368410385,,CPU_CLK_UNHALTED.THREAD_ANY,500022243,4.92,,
   305.037793426,8289608177,,IDQ_UOPS_NOT_DELIVERED.CORE,500022243,4.92,,
   305.037793426,3913495699,,CYCLE_ACTIVITY.STALLS_MEM_ANY,500022243,4.92,,
   305.037793426,5664304159,,CYCLE_ACTIVITY.STALLS_TOTAL,500022243,4.92,,
   305.037793426,22368410385,,cpu-cycles,500022243,4.92,,
   305.037793426,22368412520,,ref-cycles,500022243,4.92,,
   305.037793426,41273074088,,instructions,500022243,4.92,1.85,insn per cycle
   305.037793426,2463745614,,EXE_ACTIVITY.1_PORTS_UTIL,500022881,4.92,,
   305.037793426,3471264787,,EXE_ACTIVITY.2_PORTS_UTIL,500022881,4.92,,
   305.037793426,1357357715,,EXE_ACTIVITY.BOUND_ON_STORES,500022881,4.92,,
   305.037793426,89175619,,EXE_ACTIVITY.EXE_BOUND_0_PORTS,500022881,4.92,,
   305.037793426,22368323447,,cpu-cycles,500022881,4.92,,
   305.037793426,22368322552,,ref-cycles,500022881,4.92,,
   305.037793426,41245682411,,instructions,500022881,4.92,1.84,insn per cycle
   305.037793426,338761619,,MEM_LOAD_RETIRED.L2_HIT,500022174,4.92,,
   305.037793426,642347031,,MEM_LOAD_RETIRED.FB_HIT,500022174,4.92,,
   305.037793426,412069141,,MEM_LOAD_RETIRED.L1_MISS,500022174,4.92,,
   305.037793426,533024804,,L1D_PEND_MISS.FB_FULL:c1,500022174,4.92,,
   305.037793426,22368343863,,cpu-cycles,500022174,4.92,,
   305.037793426,22368341605,,ref-cycles,500022174,4.92,,
   305.037793426,41287130836,,instructions,500022174,4.92,1.85,insn per cycle
   305.037793426,1548974080,,CYCLE_ACTIVITY.STALLS_L1D_MISS,500022597,4.92,,
   305.037793426,1061464323,,CYCLE_ACTIVITY.STALLS_L2_MISS,500022597,4.92,,
   305.037793426,463751922,,CYCLE_ACTIVITY.STALLS_L3_MISS,500022597,4.92,,
   305.037793426,6140588707,,OFFCORE_REQUESTS_OUTSTANDING.CYCLES_WITH_DEMAND_RFO,500022597,4.92,,
   305.037793426,22368268419,,cpu-cycles,500022597,4.92,,
   305.037793426,22368266914,,ref-cycles,500022597,4.92,,
   305.037793426,41300987310,,instructions,500022597,4.92,1.85,insn per cycle
   305.037793426,7951,,ITLB_MISSES.WALK_COMPLETED,500021988,4.92,,
   305.037793426,368169,,ITLB_MISSES.WALK_ACTIVE,500021988,4.92,,
   305.037793426,0,,DTLB_LOAD_MISSES.WALK_COMPLETED,500021988,4.92,,
   305.037793426,81431,,DTLB_LOAD_MISSES.WALK_ACTIVE,500021988,4.92,,
   305.037793426,22368299298,,cpu-cycles,500021988,4.92,,
   305.037793426,22368299440,,ref-cycles,500021988,4.92,,
   305.037793426,41260508243,,instructions,500021988,4.92,1.84,insn per cycle
   305.037793426,4189,,DTLB_STORE_MISSES.WALK_COMPLETED,500003622,4.92,,
   305.037793426,269542,,DTLB_STORE_MISSES.WALK_ACTIVE,500003622,4.92,,
   305.037793426,752268794,,IDQ_UOPS_NOT_DELIVERED.CYCLES_0_UOPS_DELIV.CORE,500003622,4.92,,
   305.037793426,1100908,,BACLEARS.ANY,500003622,4.92,,
   305.037793426,22366937019,,cpu-cycles,500003622,4.92,,
   305.037793426,22366936328,,ref-cycles,500003622,4.92,,
   305.037793426,41267939595,,instructions,500003622,4.92,1.84,insn per cycle
   305.037793426,9489495,,MEM_INST_RETIRED.LOCK_LOADS,500023240,4.92,,
   305.037793426,503112362,,L2_RQSTS.ALL_RFO,500023240,4.92,,
   305.037793426,6475069660,,MEM_INST_RETIRED.ALL_STORES,500023240,4.92,,
   305.037793426,207380391,,L2_RQSTS.RFO_HIT,500023240,4.92,,
   305.037793426,22368262346,,cpu-cycles,500023240,4.92,,
   305.037793426,22368264319,,ref-cycles,500023240,4.92,,
   305.037793426,41267197931,,instructions,500023240,4.92,1.84,insn per cycle
   305.037793426,7140715,,OFFCORE_REQUESTS_OUTSTANDING.L3_MISS_DEMAND_DATA_RD_GE_6,500022257,4.92,,
   305.037793426,706925198,,OFFCORE_REQUESTS_OUTSTANDING.CYCLES_WITH_L3_MISS_DEMAND_DATA_RD,500022257,4.92,,
   305.037793426,22368232920,,cpu-cycles,500022257,4.92,,
   305.037793426,22368234059,,ref-cycles,500022257,4.92,,
   305.037793426,41262854226,,instructions,500022257,4.92,1.84,insn per cycle
   305.037793426,16696077497,,UOPS_EXECUTED.CORE_CYCLES_GE_1,500022205,4.92,,
   305.037793426,14220765110,,UOPS_EXECUTED.CORE_CYCLES_GE_2,500022205,4.92,,
   305.037793426,10737193633,,UOPS_EXECUTED.CORE_CYCLES_GE_3,500022205,4.92,,
   305.037793426,2730541930,,UOPS_RETIRED.MACRO_FUSED,500022205,4.92,,
   305.037793426,22368350618,,cpu-cycles,500022205,4.92,,
   305.037793426,22368349256,,ref-cycles,500022205,4.92,,
   305.037793426,41243798852,,instructions,500022205,4.92,1.84,insn per cycle
   305.037793426,572700,,FP_ARITH_INST_RETIRED.SCALAR_SINGLE:u0x03,500022343,4.92,,
   305.037793426,203739,,FP_ARITH_INST_RETIRED.128B_PACKED_DOUBLE:u0xfc,500022343,4.92,,
   305.037793426,48120580,,ICACHE_16B.IFDATA_STALL,500022343,4.92,,
   305.037793426,3900934,,ICACHE_16B.IFDATA_STALL:c1:e1,500022343,4.92,,
   305.037793426,22368047772,,cpu-cycles,500022343,4.92,,
   305.037793426,22368047772,,ref-cycles,500022343,4.92,,
   305.037793426,41313646478,,instructions,500022343,4.92,1.85,insn per cycle
   305.037793426,38252666,,L2_RQSTS.ALL_CODE_RD,500022500,4.92,,
   305.037793426,0,,ITLB_MISSES.WALK_COMPLETED_2M_4M,500022500,4.92,,
   305.037793426,612432477,,L2_LINES_IN.ALL,500022500,4.92,,
   305.037793426,73177429,,MEM_LOAD_RETIRED.L2_MISS,500022500,4.92,,
   305.037793426,22368105756,,cpu-cycles,500022500,4.92,,
   305.037793426,22368106265,,ref-cycles,500022500,4.92,,
   305.037793426,41356889120,,instructions,500022500,4.92,1.85,insn per cycle
   305.037793426,2385119,,L2_RQSTS.CODE_RD_MISS,512476207,5.04,,
   305.037793426,0,,DTLB_LOAD_MISSES.WALK_COMPLETED_2M_4M,512476207,5.04,,
   305.037793426,59,,DTLB_LOAD_MISSES.WALK_COMPLETED_4K,512476207,5.04,,
   305.037793426,0,,DTLB_LOAD_MISSES.WALK_COMPLETED_1G,512476207,5.04,,
   305.037793426,22360074210,,cpu-cycles,512476207,5.04,,
   305.037793426,22360081116,,ref-cycles,512476207,5.04,,
   305.037793426,41011250510,,instructions,512476207,5.04,1.83,insn per cycle
   305.037793426,519497684,,MEM_LOAD_RETIRED.FB_HIT,619791813,6.09,,
   305.037793426,0,,CYCLE_ACTIVITY.CYCLES_MEM_ANY,619791813,6.09,,
   305.037793426,3566538495,,CYCLE_ACTIVITY.CYCLES_L1D_MISS,619791813,6.09,,
   305.037793426,22303182055,,cpu-cycles,619791813,6.09,,
   305.037793426,22303200381,,ref-cycles,619791813,6.09,,
   305.037793426,39033551194,,instructions,619791813,6.09,1.75,insn per cycle
   305.037793426,3732351383,,IDQ.MS_UOPS,535195266,5.26,,
   305.037793426,91095802,,ICACHE_64B.IFTAG_STALL,535195266,5.26,,
   305.037793426,214519727,,DTLB_LOAD_MISSES.STLB_HIT:c1,535195266,5.26,,
   305.037793426,22346875960,,cpu-cycles,535195266,5.26,,
   305.037793426,22346875257,,ref-cycles,535195266,5.26,,
   305.037793426,40558566496,,instructions,535195266,5.26,1.81,insn per cycle
   305.037793426,48407462,,ICACHE_16B.IFDATA_STALL,318274562,3.13,,
   305.037793426,3937008,,ICACHE_16B.IFDATA_STALL:c1:e1,318274562,3.13,,
   305.037793426,46513387,,ARITH.DIVIDER_ACTIVE,318274562,3.13,,
   305.037793426,5634847308,,UOPS_EXECUTED.CORE_CYCLES_NONE,318274562,3.13,,
   305.037793426,22366345470,,cpu-cycles,318274562,3.13,,
   305.037793426,22366351285,,ref-cycles,318274562,3.13,,
   305.037793426,41363275396,,instructions,318274562,3.13,1.85,insn per cycle
   305.037793426,254184132,,CPU_CLK_THREAD_UNHALTED.ONE_THREAD_ACTIVE,250011836,2.46,,
   305.037793426,254184132,,CPU_CLK_THREAD_UNHALTED.REF_XCLK_ANY,250011836,2.46,,
   305.037793426,13751027,,cpu-cycles:k,250011836,2.46,,
   305.037793426,13734025,,ref-cycles:k,250011836,2.46,,
   305.037793426,8609594,,instructions:k,250011836,2.46,0.21,insn per cycle
   305.037793426,30873715116,,IDQ.DSB_UOPS,250011421,2.46,,
   305.037793426,13733685167,,IDQ.MITE_UOPS,250011421,2.46,,
   305.037793426,0,,LSD.UOPS,250011421,2.46,,
   305.037793426,22368325898,,cpu-cycles,250011421,2.46,,
   305.037793426,22368325654,,ref-cycles,250011421,2.46,,
   305.037793426,41266942196,,instructions,250011421,2.46,1.84,insn per cycle
   305.037793426,4924358413,,IDQ.ALL_MITE_CYCLES_ANY_UOPS,250010755,2.46,,
   305.037793426,2103376830,,IDQ.ALL_MITE_CYCLES_4_UOPS,250010755,2.46,,
   305.037793426,22368448129,,cpu-cycles,250010755,2.46,,
   305.037793426,22368447152,,ref-cycles,250010755,2.46,,
   305.037793426,41335470685,,instructions,250010755,2.46,1.85,insn per cycle
   305.037793426,7165864905,,IDQ.ALL_DSB_CYCLES_ANY_UOPS,250011652,2.46,,
   305.037793426,5805636384,,IDQ.ALL_DSB_CYCLES_4_UOPS,250011652,2.46,,
   305.037793426,22368546944,,cpu-cycles,250011652,2.46,,
   305.037793426,22368550035,,ref-cycles,250011652,2.46,,
   305.037793426,41231938453,,instructions,250011652,2.46,1.84,insn per cycle
   305.037793426,242706,,MEM_LOAD_L3_HIT_RETIRED.XSNP_HIT,250011709,2.46,,
   305.037793426,5283867,,MEM_LOAD_L3_HIT_RETIRED.XSNP_HITM,250011709,2.46,,
   305.037793426,22368548746,,cpu-cycles,250011709,2.46,,
   305.037793426,22368546224,,ref-cycles,250011709,2.46,,
   305.037793426,41302684130,,instructions,250011709,2.46,1.85,insn per cycle
   305.037793426,5140636,,UOPS_EXECUTED.X87,250010666,2.46,,
   305.037793426,52900161028,,UOPS_EXECUTED.THREAD,250010666,2.46,,
   305.037793426,22368625668,,cpu-cycles,250010666,2.46,,
   305.037793426,22368624977,,ref-cycles,250010666,2.46,,
   305.037793426,41300441853,,instructions,250010666,2.46,1.85,insn per cycle
   305.037793426,<not supported>,,cstate_core/c6-residency/,0,100.00,,
   305.037793426,<not supported>,,cstate_pkg/c6-residency/,0,100.00,,
   310.038438902,22379552664,,CORE_POWER.LVL0_TURBO_LICENSE,500022317,4.91,,
   310.038438902,0,,CORE_POWER.LVL1_TURBO_LICENSE,500022317,4.91,,
   310.038438902,0,,CORE_POWER.LVL2_TURBO_LICENSE,500022317,4.91,,
   310.038438902,1428203718,,L1D.REPLACEMENT,500022317,4.91,,
   310.038438902,22379552664,,cpu-cycles,500022317,4.91,,
   310.038438902,22379551972,,ref-cycles,500022317,4.91,,
   310.038438902,41200230303,,instructions,500022317,4.91,1.84,insn per cycle
   310.038438902,6400060,,MACHINE_CLEARS.COUNT,500022509,4.91,,
   310.038438902,29331108,,BR_MISP_RETIRED.ALL_BRANCHES,500022509,4.91,,
   310.038438902,152404644,,INT_MISC.CLEAR_RESTEER_CYCLES,500022509,4.91,,
   310.038438902,13033839554,,MEM_LOAD_RETIRED.L1_HIT,500022509,4.91,,
   310.038438902,22379373630,,cpu-cycles,500022509,4.91,,
   310.038438902,22379371595,,ref-cycles,500022509,4.91,,
   310.038438902,41275201164,,instructions,500022509,4.91,1.85,insn per cycle
   310.038438902,47685202566,,UOPS_ISSUED.ANY,500022665,4.91,,
   310.038438902,45379396053,,UOPS_RETIRED.RETIRE_SLOTS,500022665,4.91,,
   310.038438902,180143422,,INT_MISC.RECOVERY_CYCLES_ANY,500022665,4.91,,
   310.038438902,180143422,,INT_MISC.RECOVERY_CYCLES,500022665,4.91,,
   310.038438902,22379074411,,cpu-cycles,500022665,4.91,,
   310.038438902,22379076832,,ref-cycles,500022665,4.91,,
   310.038438902,41301274616,,instructions,500022665,4.91,1.85,insn per cycle
   310.038438902,22379323523,,CPU_CLK_UNHALTED.THREAD_ANY,500021888,4.91,,
   310.038438902,8304046219,,IDQ_UOPS_NOT_DELIVERED.CORE,500021888,4.91,,
   310.038438902,3913896353,,CYCLE_ACTIVITY.STALLS_MEM_ANY,500021888,4.91,,
   310.038438902,5677252802,,CYCLE_ACTIVITY.STALLS_TOTAL,500021888,4.91,,
   310.038438902,22379323523,,cpu-cycles,500021888,4.91,,
   310.038438902,22379323564,,ref-cycles,500021888,4.91,,
   310.038438902,41253251929,,instructions,500021888,4.91,1.84,insn per cycle
   310.038438902,2467382743,,EXE_ACTIVITY.1_PORTS_UTIL,500022971,4.91,,
   310.038438902,3483620000,,EXE_ACTIVITY.2_PORTS_UTIL,500022971,4.91,,
   310.038438902,1319054565,,EXE_ACTIVITY.BOUND_ON_STORES,500022971,4.91,,
   310.038438902,87122625,,EXE_ACTIVITY.EXE_BOUND_0_PORTS,500022971,4.91,,
   310.038438902,22379349872,,cpu-cycles,500022971,4.91,,
   310.038438902,22379353962,,ref-cycles,500022971,4.91,,
   310.038438902,41792371472,,instructions,500022971,4.91,1.87,insn per cycle
   310.038438902,195641392,,MEM_LOAD_RETIRED.L2_HIT,500021279,4.91,,
   310.038438902,346859314,,MEM_LOAD_RETIRED.FB_HIT,500021279,4.91,,
   310.038438902,239158907,,MEM_LOAD_RETIRED.L1_MISS,500021279,4.91,,
   310.038438902,270715852,,L1D_PEND_MISS.FB_FULL:c1,500021279,4.91,,
   310.038438902,22379319081,,cpu-cycles,500021279,4.91,,
   310.038438902,22379323130,,ref-cycles,500021279,4.91,,
   310.038438902,53619925208,,instructions,500021279,4.91,2.40,insn per cycle
   310.038438902,865778950,,CYCLE_ACTIVITY.STALLS_L1D_MISS,500022510,4.91,,
   310.038438902,563854726,,CYCLE_ACTIVITY.STALLS_L2_MISS,500022510,4.91,,
   310.038438902,236446770,,CYCLE_ACTIVITY.STALLS_L3_MISS,500022510,4.91,,
   310.038438902,3179221550,,OFFCORE_REQUESTS_OUTSTANDING.CYCLES_WITH_DEMAND_RFO,500022510,4.91,,
   310.038438902,22380154432,,cpu-cycles,500022510,4.91,,
   310.038438902,22380157036,,ref-cycles,500022510,4.91,,
   310.038438902,53669140259,,instructions,500022510,4.91,2.40,insn per cycle
   310.038438902,17641,,ITLB_MISSES.WALK_COMPLETED,500022633,4.91,,
   310.038438902,652424,,ITLB_MISSES.WALK_ACTIVE,500022633,4.91,,
   310.038438902,40,,DTLB_LOAD_MISSES.WALK_COMPLETED,500022633,4.91,,
   310.038438902,61429,,DTLB_LOAD_MISSES.WALK_ACTIVE,500022633,4.91,,
   310.038438902,22380248414,,cpu-cycles,500022633,4.91,,
   310.038438902,22380249716,,ref-cycles,500022633,4.91,,
   310.038438902,53622425563,,instructions,500022633,4.91,2.40,insn per cycle
   310.038438902,1892,,DTLB_STORE_MISSES.WALK_COMPLETED,500022773,4.91,,
   310.038438902,132055,,DTLB_STORE_MISSES.WALK_ACTIVE,500022773,4.91,,
   310.038438902,767554045,,IDQ_UOPS_NOT_DELIVERED.CYCLES_0_UOPS_DELIV.CORE,500022773,4.91,,
   310.038438902,583283,,BACLEARS.ANY,500022773,4.91,,
   310.038438902,22380335915,,cpu-cycles,500022773,4.91,,
   310.038438902,22380334715,,ref-cycles,500022773,4.91,,
   310.038438902,53599765741,,instructions,500022773,4.91,2.40,insn per cycle
   310.038438902,7458101,,MEM_INST_RETIRED.LOCK_LOADS,319414955,3.14,,
   310.038438902,399204270,,L2_RQSTS.ALL_RFO,319414955,3.14,,
   310.038438902,6831198309,,MEM_INST_RETIRED.ALL_STORES,319414955,3.14,,
   310.038438902,165205563,,L2_RQSTS.RFO_HIT,319414955,3.14,,
   310.038438902,22378727102,,cpu-cycles,319414955,3.14,,
   310.038438902,22378742136,,ref-cycles,319414955,3.14,,
   310.038438902,46702540411,,instructions,319414955,3.14,2.09,insn per cycle
   310.038438902,6982646,,OFFCORE_REQUESTS_OUTSTANDING.L3_MISS_DEMAND_DATA_RD_GE_6,250011201,2.46,,
   310.038438902,707353214,,OFFCORE_REQUESTS_OUTSTANDING.CYCLES_WITH_L3_MISS_DEMAND_DATA_RD,250011201,2.46,,
   310.038438902,22379424732,,cpu-cycles,250011201,2.46,,
   310.038438902,22379428313,,ref-cycles,250011201,2.46,,
   310.038438902,41293964194,,instructions,250011201,2.46,1.85,insn per cycle
   310.038438902,16706022548,,UOPS_EXECUTED.CORE_CYCLES_GE_1,250011645,2.46,,
   310.038438902,14222051022,,UOPS_EXECUTED.CORE_CYCLES_GE_2,250011645,2.46,,
   310.038438902,10750152240,,UOPS_EXECUTED.CORE_CYCLES_GE_3,250011645,2.46,,
   310.038438902,2742712639,,UOPS_RETIRED.MACRO_FUSED,250011645,2.46,,
   310.038438902,22379539157,,cpu-cycles,250011645,2.46,,
   310.038438902,22379539849,,ref-cycles,250011645,2.46,,
   310.038438902,41261075347,,instructions,250011645,2.46,1.84,insn per cycle
   310.038438902,573111,,FP_ARITH_INST_RETIRED.SCALAR_SINGLE:u0x03,250010658,2.46,,
   310.038438902,203883,,FP_ARITH_INST_RETIRED.128B_PACKED_DOUBLE:u0xfc,250010658,2.46,,
   310.038438902,48945136,,ICACHE_16B.IFDATA_STALL,250010658,2.46,,
   310.038438902,3951717,,ICACHE_16B.IFDATA_STALL:c1:e1,250010658,2.46,,
   310.038438902,22379228174,,cpu-cycles,250010658,2.46,,
   310.038438902,22379229557,,ref-cycles,250010658,2.46,,
   310.038438902,41304209622,,instructions,250010658,2.46,1.85,insn per cycle
   310.038438902,38291408,,L2_RQSTS.ALL_CODE_RD,250011334,2.46,,
   310.038438902,0,,ITLB_MISSES.WALK_COMPLETED_2M_4M,250011334,2.46,,
   310.038438902,610973358,,L2_LINES_IN.ALL,250011334,2.46,,
   310.038438902,73223957,,MEM_LOAD_RETIRED.L2_MISS,250011334,2.46,,
   310.038438902,22379064965,,cpu-cycles,250011334,2.46,,
   310.038438902,22379064517,,ref-cycles,250011334,2.46,,
   310.038438902,41244561785,,instructions,250011334,2.46,1.84,insn per cycle
   310.038438902,2419368,,L2_RQSTS.CODE_RD_MISS,250011432,2.46,,
   310.038438902,0,,DTLB_LOAD_MISSES.WALK_COMPLETED_2M_4M,250011432,2.46,,
   310.038438902,81,,DTLB_LOAD_MISSES.WALK_COMPLETED_4K,250011432,2.46,,
   310.038438902,0,,DTLB_LOAD_MISSES.WALK_COMPLETED_1G,250011432,2.46,,
   310.038438902,22379382029,,cpu-cycles,250011432,2.46,,
   310.038438902,22379385244,,ref-cycles,250011432,2.46,,
   310.038438902,41287638936,,instructions,250011432,2.46,1.85,insn per cycle
   310.038438902,642265855,,MEM_LOAD_RETIRED.FB_HIT,250011889,2.46,,
   310.038438902,0,,CYCLE_ACTIVITY.CYCLES_MEM_ANY,250011889,2.46,,
   310.038438902,4431342888,,CYCLE_ACTIVITY.CYCLES_L1D_MISS,250011889,2.46,,
   310.038438902,22379399387,,cpu-cycles,250011889,2.46,,
   310.038438902,22379401991,,ref-cycles,250011889,2.46,,
   310.038438902,41250957861,,instructions,250011889,2.46,1.84,insn per cycle
   310.038438902,4830373626,,IDQ.MS_UOPS,341922333,3.36,,
   310.038438902,371042259,,ICACHE_64B.IFTAG_STALL,341922333,3.36,,
   310.038438902,179719650,,DTLB_LOAD_MISSES.STLB_HIT:c1,341922333,3.36,,
   310.038438902,22293538817,,cpu-cycles,341922333,3.36,,
   310.038438902,22293540661,,ref-cycles,341922333,3.36,,
   310.038438902,38040121389,,instructions,341922333,3.36,1.70,insn per cycle
   310.038438902,44208624,,ICACHE_16B.IFDATA_STALL,512342289,5.04,,
   310.038438902,3621958,,ICACHE_16B.IFDATA_STALL:c1:e1,512342289,5.04,,
   310.038438902,39999713,,ARITH.DIVIDER_ACTIVE,512342289,5.04,,
   310.038438902,5845487210,,UOPS_EXECUTED.CORE_CYCLES_NONE,512342289,5.04,,
   310.038438902,22327888303,,cpu-cycles,512342289,5.04,,
   310.038438902,22327873767,,ref-cycles,512342289,5.04,,
   310.038438902,39445436383,,instructions,512342289,5.04,1.76,insn per cycle
   310.038438902,254312624,,CPU_CLK_THREAD_UNHALTED.ONE_THREAD_ACTIVE,500022572,4.91,,
   310.038438902,254312624,,CPU_CLK_THREAD_UNHALTED.REF_XCLK_ANY,500022572,4.91,,
   310.038438902,13615048,,cpu-cycles:k,500022572,4.91,,
   310.038438902,13640686,,ref-cycles:k,500022572,4.91,,
   310.038438902,8619801,,instructions:k,500022572,4.91,0.21,insn per cycle
   310.038438902,30772101364,,IDQ.DSB_UOPS,500022227,4.91,,
   310.038438902,13720645469,,IDQ.MITE_UOPS,500022227,4.91,,
   310.038438902,0,,LSD.UOPS,500022227,4.91,,
   310.038438902,22379772319,,cpu-cycles,500022227,4.91,,
   310.038438902,22379771362,,ref-cycles,500022227,4.91,,
   310.038438902,41221816379,,instructions,500022227,4.91,1.84,insn per cycle
   310.038438902,4905116526,,IDQ.ALL_MITE_CYCLES_ANY_UOPS,500023218,4.91,,
   310.038438902,2097540244,,IDQ.ALL_MITE_CYCLES_4_UOPS,500023218,4.91,,
   310.038438902,22379568881,,cpu-cycles,500023218,4.91,,
   310.038438902,22379568576,,ref-cycles,500023218,4.91,,
   310.038438902,41216093022,,instructions,500023218,4.91,1.84,insn per cycle
   310.038438902,7180740373,,IDQ.ALL_DSB_CYCLES_ANY_UOPS,500021755,4.91,,
   310.038438902,5815566772,,IDQ.ALL_DSB_CYCLES_4_UOPS,500021755,4.91,,
   310.038438902,22379725432,,cpu-cycles,500021755,4.91,,
   310.038438902,22379726287,,ref-cycles,500021755,4.91,,
   310.038438902,41268340943,,instructions,500021755,4.91,1.84,insn per cycle
   310.038438902,251087,,MEM_LOAD_L3_HIT_RETIRED.XSNP_HIT,500022754,4.91,,
   310.038438902,5308549,,MEM_LOAD_L3_HIT_RETIRED.XSNP_HITM,500022754,4.91,,
   310.038438902,22379530930,,cpu-cycles,500022754,4.91,,
   310.038438902,22379530137,,ref-cycles,500022754,4.91,,
   310.038438902,41240163018,,instructions,500022754,4.91,1.84,insn per cycle
   310.038438902,5125697,,UOPS_EXECUTED.X87,500023332,4.91,,
   310.038438902,52838127311,,UOPS_EXECUTED.THREAD,500023332,4.91,,
   310.038438902,22379589842,,cpu-cycles,500023332,4.91,,
   310.038438902,22379591368,,ref-cycles,500023332,4.91,,
   310.038438902,41224253637,,instructions,500023332,4.91,1.84,insn per cycle
   310.038438902,<not supported>,,cstate_core/c6-residency/,0,100.00,,
   310.038438902,<not supported>,,cstate_pkg/c6-residency/,0,100.00,,
   315.039067699,22372929632,,CORE_POWER.LVL0_TURBO_LICENSE,500067575,4.92,,
   315.039067699,0,,CORE_POWER.LVL1_TURBO_LICENSE,500067575,4.92,,
   315.039067699,0,,CORE_POWER.LVL2_TURBO_LICENSE,500067575,4.92,,
   315.039067699,109375193,,L1D.REPLACEMENT,500067575,4.92,,
   315.039067699,22372929632,,cpu-cycles,500067575,4.92,,
   315.039067699,22372930710,,ref-cycles,500067575,4.92,,
   315.039067699,65947149267,,instructions,500067575,4.92,2.95,insn per cycle
   315.039067699,512712,,MACHINE_CLEARS.COUNT,320557705,3.15,,
   315.039067699,2492166,,BR_MISP_RETIRED.ALL_BRANCHES,320557705,3.15,,
   315.039067699,22403287,,INT_MISC.CLEAR_RESTEER_CYCLES,320557705,3.15,,
   315.039067699,19465248296,,MEM_LOAD_RETIRED.L1_HIT,320557705,3.15,,
   315.039067699,22374865131,,cpu-cycles,320557705,3.15,,
   315.039067699,22374870970,,ref-cycles,320557705,3.15,,
   315.039067699,65932532012,,instructions,320557705,3.15,2.95,insn per cycle
   315.039067699,65398682017,,UOPS_ISSUED.ANY,250011270,2.46,,
   315.039067699,65015885435,,UOPS_RETIRED.RETIRE_SLOTS,250011270,2.46,,
   315.039067699,18306845,,INT_MISC.RECOVERY_CYCLES_ANY,250011270,2.46,,
   315.039067699,18306845,,INT_MISC.RECOVERY_CYCLES,250011270,2.46,,
   315.039067699,22375505175,,cpu-cycles,250011270,2.46,,
   315.039067699,22375503059,,ref-cycles,250011270,2.46,,
   315.039067699,65922161795,,instructions,250011270,2.46,2.95,insn per cycle
   315.039067699,22375534806,,CPU_CLK_UNHALTED.THREAD_ANY,250011279,2.46,,
   315.039067699,16326345001,,IDQ_UOPS_NOT_DELIVERED.CORE,250011279,2.46,,
   315.039067699,1123545096,,CYCLE_ACTIVITY.STALLS_MEM_ANY,250011279,2.46,,
   315.039067699,1302070104,,CYCLE_ACTIVITY.STALLS_TOTAL,250011279,2.46,,
   315.039067699,22375534806,,cpu-cycles,250011279,2.46,,
   315.039067699,22375537898,,ref-cycles,250011279,2.46,,
   315.039067699,65919479456,,instructions,250011279,2.46,2.95,insn per cycle
   315.039067699,2863998632,,EXE_ACTIVITY.1_PORTS_UTIL,250011276,2.46,,
   315.039067699,3615406004,,EXE_ACTIVITY.2_PORTS_UTIL,250011276,2.46,,
   315.039067699,128704313,,EXE_ACTIVITY.BOUND_ON_STORES,250011276,2.46,,
   315.039067699,7011501,,EXE_ACTIVITY.EXE_BOUND_0_PORTS,250011276,2.46,,
   315.039067699,22375710640,,cpu-cycles,250011276,2.46,,
   315.039067699,22375711413,,ref-cycles,250011276,2.46,,
   315.039067699,65909843498,,instructions,250011276,2.46,2.95,insn per cycle
   315.039067699,52896613,,MEM_LOAD_RETIRED.L2_HIT,250011375,2.46,,
   315.039067699,51439029,,MEM_LOAD_RETIRED.FB_HIT,250011375,2.46,,
   315.039067699,66454313,,MEM_LOAD_RETIRED.L1_MISS,250011375,2.46,,
   315.039067699,5739284,,L1D_PEND_MISS.FB_FULL:c1,250011375,2.46,,
   315.039067699,22375777281,,cpu-cycles,250011375,2.46,,
   315.039067699,22375778746,,ref-cycles,250011375,2.46,,
   315.039067699,65978841448,,instructions,250011375,2.46,2.95,insn per cycle
   315.039067699,182923071,,CYCLE_ACTIVITY.STALLS_L1D_MISS,250011273,2.46,,
   315.039067699,67502605,,CYCLE_ACTIVITY.STALLS_L2_MISS,250011273,2.46,,
   315.039067699,4233821,,CYCLE_ACTIVITY.STALLS_L3_MISS,250011273,2.46,,
   315.039067699,207938473,,OFFCORE_REQUESTS_OUTSTANDING.CYCLES_WITH_DEMAND_RFO,250011273,2.46,,
   315.039067699,22375831577,,cpu-cycles,250011273,2.46,,
   315.039067699,22375829705,,ref-cycles,250011273,2.46,,
   315.039067699,65944869768,,instructions,250011273,2.46,2.95,insn per cycle
   315.039067699,29659,,ITLB_MISSES.WALK_COMPLETED,250011193,2.46,,
   315.039067699,990034,,ITLB_MISSES.WALK_ACTIVE,250011193,2.46,,
   315.039067699,0,,DTLB_LOAD_MISSES.WALK_COMPLETED,250011193,2.46,,
   315.039067699,45608,,DTLB_LOAD_MISSES.WALK_ACTIVE,250011193,2.46,,
   315.039067699,22375722603,,cpu-cycles,250011193,2.46,,
   315.039067699,22375722562,,ref-cycles,250011193,2.46,,
   315.039067699,65920403230,,instructions,250011193,2.46,2.95,insn per cycle
   315.039067699,0,,DTLB_STORE_MISSES.WALK_COMPLETED,250011231,2.46,,
   315.039067699,0,,DTLB_STORE_MISSES.WALK_ACTIVE,250011231,2.46,,
   315.039067699,781924378,,IDQ_UOPS_NOT_DELIVERED.CYCLES_0_UOPS_DELIV.CORE,250011231,2.46,,
   315.039067699,55291,,BACLEARS.ANY,250011231,2.46,,
   315.039067699,22375852521,,cpu-cycles,250011231,2.46,,
   315.039067699,22375851503,,ref-cycles,250011231,2.46,,
   315.039067699,65931755865,,instructions,250011231,2.46,2.95,insn per cycle
   315.039067699,14079,,MEM_INST_RETIRED.LOCK_LOADS,430592086,4.23,,
   315.039067699,22217383,,L2_RQSTS.ALL_RFO,430592086,4.23,,
   315.039067699,8050632554,,MEM_INST_RETIRED.ALL_STORES,430592086,4.23,,
   315.039067699,12167287,,L2_RQSTS.RFO_HIT,430592086,4.23,,
   315.039067699,22376000993,,cpu-cycles,430592086,4.23,,
   315.039067699,22375992891,,ref-cycles,430592086,4.23,,
   315.039067699,65976249242,,instructions,430592086,4.23,2.95,insn per cycle
   315.039067699,45365,,OFFCORE_REQUESTS_OUTSTANDING.L3_MISS_DEMAND_DATA_RD_GE_6,500006365,4.92,,
   315.039067699,8573765,,OFFCORE_REQUESTS_OUTSTANDING.CYCLES_WITH_L3_MISS_DEMAND_DATA_RD,500006365,4.92,,
   315.039067699,22374865106,,cpu-cycles,500006365,4.92,,
   315.039067699,22374864109,,ref-cycles,500006365,4.92,,
   315.039067699,65970652446,,instructions,500006365,4.92,2.95,insn per cycle
   315.039067699,21087830526,,UOPS_EXECUTED.CORE_CYCLES_GE_1,500022593,4.92,,
   315.039067699,18229978424,,UOPS_EXECUTED.CORE_CYCLES_GE_2,500022593,4.92,,
   315.039067699,14628117579,,UOPS_EXECUTED.CORE_CYCLES_GE_3,500022593,4.92,,
   315.039067699,7243438734,,UOPS_RETIRED.MACRO_FUSED,500022593,4.92,,
   315.039067699,22376004691,,cpu-cycles,500022593,4.92,,
   315.039067699,22376005139,,ref-cycles,500022593,4.92,,
   315.039067699,65978072907,,instructions,500022593,4.92,2.95,insn per cycle
   315.039067699,67393809,,FP_ARITH_INST_RETIRED.SCALAR_SINGLE:u0x03,500022474,4.92,,
   315.039067699,33575031,,FP_ARITH_INST_RETIRED.128B_PACKED_DOUBLE:u0xfc,500022474,4.92,,
   315.039067699,7839908,,ICACHE_16B.IFDATA_STALL,500022474,4.92,,
   315.039067699,1060464,,ICACHE_16B.IFDATA_STALL:c1:e1,500022474,4.92,,
   315.039067699,22375964345,,cpu-cycles,500022474,4.92,,
   315.039067699,22375965240,,ref-cycles,500022474,4.92,,
   315.039067699,65929202686,,instructions,500022474,4.92,2.95,insn per cycle
   315.039067699,19155181,,L2_RQSTS.ALL_CODE_RD,500022875,4.92,,
   315.039067699,0,,ITLB_MISSES.WALK_COMPLETED_2M_4M,500022875,4.92,,
   315.039067699,29058915,,L2_LINES_IN.ALL,500022875,4.92,,
   315.039067699,13576993,,MEM_LOAD_RETIRED.L2_MISS,500022875,4.92,,
   315.039067699,22376000657,,cpu-cycles,500022875,4.92,,
   315.039067699,22376005295,,ref-cycles,500022875,4.92,,
   315.039067699,65917246361,,instructions,500022875,4.92,2.95,insn per cycle
   315.039067699,459318,,L2_RQSTS.CODE_RD_MISS,500022540,4.92,,
   315.039067699,20,,DTLB_LOAD_MISSES.WALK_COMPLETED_2M_4M,500022540,4.92,,
   315.039067699,0,,DTLB_LOAD_MISSES.WALK_COMPLETED_4K,500022540,4.92,,
   315.039067699,0,,DTLB_LOAD_MISSES.WALK_COMPLETED_1G,500022540,4.92,,
   315.039067699,22376041906,,cpu-cycles,500022540,4.92,,
   315.039067699,22376040929,,ref-cycles,500022540,4.92,,
   315.039067699,65924517723,,instructions,500022540,4.92,2.95,insn per cycle
   315.039067699,51440546,,MEM_LOAD_RETIRED.FB_HIT,500022348,4.92,,
   315.039067699,0,,CYCLE_ACTIVITY.CYCLES_MEM_ANY,500022348,4.92,,
   315.039067699,721143699,,CYCLE_ACTIVITY.CYCLES_L1D_MISS,500022348,4.92,,
   315.039067699,22375931235,,cpu-cycles,500022348,4.92,,
   315.039067699,22375932049,,ref-cycles,500022348,4.92,,
   315.039067699,65905821263,,instructions,500022348,4.92,2.95,insn per cycle
   315.039067699,2821263468,,IDQ.MS_UOPS,500022401,4.92,,
   315.039067699,3958333,,ICACHE_64B.IFTAG_STALL,500022401,4.92,,
   315.039067699,10424134,,DTLB_LOAD_MISSES.STLB_HIT:c1,500022401,4.92,,
   315.039067699,22376201903,,cpu-cycles,500022401,4.92,,
   315.039067699,22376201455,,ref-cycles,500022401,4.92,,
   315.039067699,65965060738,,instructions,500022401,4.92,2.95,insn per cycle
   315.039067699,8405241,,ICACHE_16B.IFDATA_STALL,542497397,5.33,,
   315.039067699,1170113,,ICACHE_16B.IFDATA_STALL:c1:e1,542497397,5.33,,
   315.039067699,1183745,,ARITH.DIVIDER_ACTIVE,542497397,5.33,,
   315.039067699,1731393235,,UOPS_EXECUTED.CORE_CYCLES_NONE,542497397,5.33,,
   315.039067699,22352249530,,cpu-cycles,542497397,5.33,,
   315.039067699,22352256468,,ref-cycles,542497397,5.33,,
   315.039067699,63114080802,,instructions,542497397,5.33,2.82,insn per cycle
   315.039067699,253626821,,CPU_CLK_THREAD_UNHALTED.ONE_THREAD_ACTIVE,627454624,6.17,,
   315.039067699,253626821,,CPU_CLK_THREAD_UNHALTED.REF_XCLK_ANY,627454624,6.17,,
   315.039067699,2491840039,,cpu-cycles:k,627454624,6.17,,
   315.039067699,2491295194,,ref-cycles:k,627454624,6.17,,
   315.039067699,2672832392,,instructions:k,627454624,6.17,33.67,insn per cycle
   315.039067699,34624853456,,IDQ.DSB_UOPS,500022605,4.92,,
   315.039067699,27422114726,,IDQ.MITE_UOPS,500022605,4.92,,
   315.039067699,0,,LSD.UOPS,500022605,4.92,,
   315.039067699,22376290352,,cpu-cycles,500022605,4.92,,
   315.039067699,22376292854,,ref-cycles,500022605,4.92,,
   315.039067699,65982007021,,instructions,500022605,4.92,2.95,insn per cycle
   315.039067699,11136945288,,IDQ.ALL_MITE_CYCLES_ANY_UOPS,500022540,4.92,,
   315.039067699,4066764217,,IDQ.ALL_MITE_CYCLES_4_UOPS,500022540,4.92,,
   315.039067699,22376293643,,cpu-cycles,500022540,4.92,,
   315.039067699,22376292097,,ref-cycles,500022540,4.92,,
   315.039067699,65946999998,,instructions,500022540,4.92,2.95,insn per cycle
   315.039067699,7449478142,,IDQ.ALL_DSB_CYCLES_ANY_UOPS,500023305,4.92,,
   315.039067699,5816874080,,IDQ.ALL_DSB_CYCLES_4_UOPS,500023305,4.92,,
   315.039067699,22376415075,,cpu-cycles,500023305,4.92,,
   315.039067699,22376412105,,ref-cycles,500023305,4.92,,
   315.039067699,65967059262,,instructions,500023305,4.92,2.95,insn per cycle
   315.039067699,0,,MEM_LOAD_L3_HIT_RETIRED.XSNP_HIT,500021913,4.92,,
   315.039067699,225744,,MEM_LOAD_L3_HIT_RETIRED.XSNP_HITM,500021913,4.92,,
   315.039067699,22376380678,,cpu-cycles,500021913,4.92,,
   315.039067699,22376378643,,ref-cycles,500021913,4.92,,
   315.039067699,65931766898,,instructions,500021913,4.92,2.95,insn per cycle
   315.039067699,55597,,UOPS_EXECUTED.X87,500022414,4.92,,
   315.039067699,70155255449,,UOPS_EXECUTED.THREAD,500022414,4.92,,
   315.039067699,22376457227,,cpu-cycles,500022414,4.92,,
   315.039067699,22376456902,,ref-cycles,500022414,4.92,,
   315.039067699,65949519745,,instructions,500022414,4.92,2.95,insn per cycle
   315.039067699,<not supported>,,cstate_core/c6-residency/,0,100.00,,
   315.039067699,<not supported>,,cstate_pkg/c6-residency/,0,100.00,,
   320.039863765,22375285582,,CORE_POWER.LVL0_TURBO_LICENSE,250011136,2.46,,
   320.039863765,0,,CORE_POWER.LVL1_TURBO_LICENSE,250011136,2.46,,
   320.039863765,0,,CORE_POWER.LVL2_TURBO_LICENSE,250011136,2.46,,
   320.039863765,109915971,,L1D.REPLACEMENT,250011136,2.46,,
   320.039863765,22375285582,,cpu-cycles,250011136,2.46,,
   320.039863765,22375286070,,ref-cycles,250011136,2.46,,
   320.039863765,65967676117,,instructions,250011136,2.46,2.95,insn per cycle
   320.039863765,515158,,MACHINE_CLEARS.COUNT,429476464,4.22,,
   320.039863765,2492331,,BR_MISP_RETIRED.ALL_BRANCHES,429476464,4.22,,
   320.039863765,22247411,,INT_MISC.CLEAR_RESTEER_CYCLES,429476464,4.22,,
   320.039863765,19467520434,,MEM_LOAD_RETIRED.L1_HIT,429476464,4.22,,
   320.039863765,22375903469,,cpu-cycles,429476464,4.22,,
   320.039863765,22375901622,,ref-cycles,429476464,4.22,,
   320.039863765,65939702763,,instructions,429476464,4.22,2.95,insn per cycle
   320.039863765,65449542413,,UOPS_ISSUED.ANY,500022359,4.92,,
   320.039863765,65067958729,,UOPS_RETIRED.RETIRE_SLOTS,500022359,4.92,,
   320.039863765,18214780,,INT_MISC.RECOVERY_CYCLES_ANY,500022359,4.92,,
   320.039863765,18214780,,INT_MISC.RECOVERY_CYCLES,500022359,4.92,,
   320.039863765,22374334852,,cpu-cycles,500022359,4.92,,
   320.039863765,22374335747,,ref-cycles,500022359,4.92,,
   320.039863765,65963775425,,instructions,500022359,4.92,2.95,insn per cycle
   320.039863765,22375162508,,CPU_CLK_UNHALTED.THREAD_ANY,500022547,4.92,,
   320.039863765,16325195069,,IDQ_UOPS_NOT_DELIVERED.CORE,500022547,4.92,,
   320.039863765,1104272551,,CYCLE_ACTIVITY.STALLS_MEM_ANY,500022547,4.92,,
   320.039863765,1282561396,,CYCLE_ACTIVITY.STALLS_TOTAL,500022547,4.92,,
   320.039863765,22375162508,,cpu-cycles,500022547,4.92,,
   320.039863765,22375162142,,ref-cycles,500022547,4.92,,
   320.039863765,65927980974,,instructions,500022547,4.92,2.95,insn per cycle
   320.039863765,2853557844,,EXE_ACTIVITY.1_PORTS_UTIL,500022682,4.92,,
   320.039863765,3608408330,,EXE_ACTIVITY.2_PORTS_UTIL,500022682,4.92,,
   320.039863765,129103291,,EXE_ACTIVITY.BOUND_ON_STORES,500022682,4.92,,
   320.039863765,7022296,,EXE_ACTIVITY.EXE_BOUND_0_PORTS,500022682,4.92,,
   320.039863765,22375204536,,cpu-cycles,500022682,4.92,,
   320.039863765,22375201891,,ref-cycles,500022682,4.92,,
   320.039863765,65925597280,,instructions,500022682,4.92,2.95,insn per cycle
   320.039863765,52889223,,MEM_LOAD_RETIRED.L2_HIT,500022587,4.92,,
   320.039863765,51443730,,MEM_LOAD_RETIRED.FB_HIT,500022587,4.92,,
   320.039863765,66440589,,MEM_LOAD_RETIRED.L1_MISS,500022587,4.92,,
   320.039863765,5691980,,L1D_PEND_MISS.FB_FULL:c1,500022587,4.92,,
   320.039863765,22375245196,,cpu-cycles,500022587,4.92,,
   320.039863765,22375245847,,ref-cycles,500022587,4.92,,
   320.039863765,65963611578,,instructions,500022587,4.92,2.95,insn per cycle
   320.039863765,182784655,,CYCLE_ACTIVITY.STALLS_L1D_MISS,500022526,4.92,,
   320.039863765,68089653,,CYCLE_ACTIVITY.STALLS_L2_MISS,500022526,4.92,,
   320.039863765,3979906,,CYCLE_ACTIVITY.STALLS_L3_MISS,500022526,4.92,,
   320.039863765,208386072,,OFFCORE_REQUESTS_OUTSTANDING.CYCLES_WITH_DEMAND_RFO,500022526,4.92,,
   320.039863765,22375275388,,cpu-cycles,500022526,4.92,,
   320.039863765,22375276446,,ref-cycles,500022526,4.92,,
   320.039863765,65930002432,,instructions,500022526,4.92,2.95,insn per cycle
   320.039863765,29129,,ITLB_MISSES.WALK_COMPLETED,500022675,4.92,,
   320.039863765,955985,,ITLB_MISSES.WALK_ACTIVE,500022675,4.92,,
   320.039863765,0,,DTLB_LOAD_MISSES.WALK_COMPLETED,500022675,4.92,,
   320.039863765,44609,,DTLB_LOAD_MISSES.WALK_ACTIVE,500022675,4.92,,
   320.039863765,22375233997,,cpu-cycles,500022675,4.92,,
   320.039863765,22375232146,,ref-cycles,500022675,4.92,,
   320.039863765,65907898512,,instructions,500022675,4.92,2.95,insn per cycle
   320.039863765,0,,DTLB_STORE_MISSES.WALK_COMPLETED,500007162,4.92,,
   320.039863765,0,,DTLB_STORE_MISSES.WALK_ACTIVE,500007162,4.92,,
   320.039863765,782472647,,IDQ_UOPS_NOT_DELIVERED.CYCLES_0_UOPS_DELIV.CORE,500007162,4.92,,
   320.039863765,55799,,BACLEARS.ANY,500007162,4.92,,
   320.039863765,22374576042,,cpu-cycles,500007162,4.92,,
   320.039863765,22374574618,,ref-cycles,500007162,4.92,,
   320.039863765,65959373018,,instructions,500007162,4.92,2.95,insn per cycle
   320.039863765,13629,,MEM_INST_RETIRED.LOCK_LOADS,500022705,4.92,,
   320.039863765,22218897,,L2_RQSTS.ALL_RFO,500022705,4.92,,
   320.039863765,8047046609,,MEM_INST_RETIRED.ALL_STORES,500022705,4.92,,
   320.039863765,12173602,,L2_RQSTS.RFO_HIT,500022705,4.92,,
   320.039863765,22375226509,,cpu-cycles,500022705,4.92,,
   320.039863765,22375224048,,ref-cycles,500022705,4.92,,
   320.039863765,65946254057,,instructions,500022705,4.92,2.95,insn per cycle
   320.039863765,0,,OFFCORE_REQUESTS_OUTSTANDING.L3_MISS_DEMAND_DATA_RD_GE_6,500022590,4.92,,
   320.039863765,6550017,,OFFCORE_REQUESTS_OUTSTANDING.CYCLES_WITH_L3_MISS_DEMAND_DATA_RD,500022590,4.92,,
   320.039863765,22375332114,,cpu-cycles,500022590,4.92,,
   320.039863765,22375331178,,ref-cycles,500022590,4.92,,
   320.039863765,65917761921,,instructions,500022590,4.92,2.95,insn per cycle
   320.039863765,21085800432,,UOPS_EXECUTED.CORE_CYCLES_GE_1,500022482,4.92,,
   320.039863765,18248991218,,UOPS_EXECUTED.CORE_CYCLES_GE_2,500022482,4.92,,
   320.039863765,14634066676,,UOPS_EXECUTED.CORE_CYCLES_GE_3,500022482,4.92,,
   320.039863765,7243163138,,UOPS_RETIRED.MACRO_FUSED,500022482,4.92,,
   320.039863765,22375377700,,cpu-cycles,500022482,4.92,,
   320.039863765,22375378412,,ref-cycles,500022482,4.92,,
   320.039863765,65975522950,,instructions,500022482,4.92,2.95,insn per cycle
   320.039863765,67401683,,FP_ARITH_INST_RETIRED.SCALAR_SINGLE:u0x03,500022718,4.92,,
   320.039863765,33579126,,FP_ARITH_INST_RETIRED.128B_PACKED_DOUBLE:u0xfc,500022718,4.92,,
   320.039863765,7679801,,ICACHE_16B.IFDATA_STALL,500022718,4.92,,
   320.039863765,1040424,,ICACHE_16B.IFDATA_STALL:c1:e1,500022718,4.92,,
   320.039863765,22375163142,,cpu-cycles,500022718,4.92,,
   320.039863765,22375163590,,ref-cycles,500022718,4.92,,
   320.039863765,65955491189,,instructions,500022718,4.92,2.95,insn per cycle
   320.039863765,19134626,,L2_RQSTS.ALL_CODE_RD,500022606,4.92,,
   320.039863765,0,,ITLB_MISSES.WALK_COMPLETED_2M_4M,500022606,4.92,,
   320.039863765,28994607,,L2_LINES_IN.ALL,500022606,4.92,,
   320.039863765,13559615,,MEM_LOAD_RETIRED.L2_MISS,500022606,4.92,,
   320.039863765,22375190856,,cpu-cycles,500022606,4.92,,
   320.039863765,22375187520,,ref-cycles,500022606,4.92,,
   320.039863765,65963879160,,instructions,500022606,4.92,2.95,insn per cycle
   320.039863765,434400,,L2_RQSTS.CODE_RD_MISS,500022538,4.92,,
   320.039863765,0,,DTLB_LOAD_MISSES.WALK_COMPLETED_2M_4M,500022538,4.92,,
   320.039863765,20,,DTLB_LOAD_MISSES.WALK_COMPLETED_4K,500022538,4.92,,
   320.039863765,0,,DTLB_LOAD_MISSES.WALK_COMPLETED_1G,500022538,4.92,,
   320.039863765,22375192537,,cpu-cycles,500022538,4.92,,
   320.039863765,22375193554,,ref-cycles,500022538,4.92,,
   320.039863765,65949561768,,instructions,500022538,4.92,2.95,insn per cycle
   320.039863765,51368048,,MEM_LOAD_RETIRED.FB_HIT,500022409,4.92,,
   320.039863765,0,,CYCLE_ACTIVITY.CYCLES_MEM_ANY,500022409,4.92,,
   320.039863765,720268020,,CYCLE_ACTIVITY.CYCLES_L1D_MISS,500022409,4.92,,
   320.039863765,22375223533,,cpu-cycles,500022409,4.92,,
   320.039863765,22375225303,,ref-cycles,500022409,4.92,,
   320.039863765,65923217183,,instructions,500022409,4.92,2.95,insn per cycle
   320.039863765,2820614363,,IDQ.MS_UOPS,500013273,4.92,,
   320.039863765,3151175,,ICACHE_64B.IFTAG_STALL,500013273,4.92,,
   320.039863765,10432312,,DTLB_LOAD_MISSES.STLB_HIT:c1,500013273,4.92,,
   320.039863765,22374776063,,cpu-cycles,500013273,4.92,,
   320.039863765,22374775697,,ref-cycles,500013273,4.92,,
   320.039863765,65943934641,,instructions,500013273,4.92,2.95,insn per cycle
   320.039863765,7724678,,ICACHE_16B.IFDATA_STALL,322644818,3.17,,
   320.039863765,1049248,,ICACHE_16B.IFDATA_STALL:c1:e1,322644818,3.17,,
   320.039863765,819273,,ARITH.DIVIDER_ACTIVE,322644818,3.17,,
   320.039863765,1299830059,,UOPS_EXECUTED.CORE_CYCLES_NONE,322644818,3.17,,
   320.039863765,22374465317,,cpu-cycles,322644818,3.17,,
   320.039863765,22374474081,,ref-cycles,322644818,3.17,,
   320.039863765,65981293773,,instructions,322644818,3.17,2.95,insn per cycle
   320.039863765,253004477,,CPU_CLK_THREAD_UNHALTED.ONE_THREAD_ACTIVE,419398897,4.12,,
   320.039863765,253004477,,CPU_CLK_THREAD_UNHALTED.REF_XCLK_ANY,419398897,4.12,,
   320.039863765,5002921269,,cpu-cycles:k,419398897,4.12,,
   320.039863765,5003118950,,ref-cycles:k,419398897,4.12,,
   320.039863765,5280694590,,instructions:k,419398897,4.12,33.78,insn per cycle
   320.039863765,34482678159,,IDQ.DSB_UOPS,250011296,2.46,,
   320.039863765,27503582249,,IDQ.MITE_UOPS,250011296,2.46,,
   320.039863765,0,,LSD.UOPS,250011296,2.46,,
   320.039863765,22375305051,,cpu-cycles,250011296,2.46,,
   320.039863765,22375304196,,ref-cycles,250011296,2.46,,
   320.039863765,65924722327,,instructions,250011296,2.46,2.95,insn per cycle
   320.039863765,11114664685,,IDQ.ALL_MITE_CYCLES_ANY_UOPS,250011216,2.46,,
   320.039863765,4038650667,,IDQ.ALL_MITE_CYCLES_4_UOPS,250011216,2.46,,
   320.039863765,22375213818,,cpu-cycles,250011216,2.46,,
   320.039863765,22375214795,,ref-cycles,250011216,2.46,,
   320.039863765,65962213219,,instructions,250011216,2.46,2.95,insn per cycle
   320.039863765,7412866544,,IDQ.ALL_DSB_CYCLES_ANY_UOPS,250011413,2.46,,
   320.039863765,5772805686,,IDQ.ALL_DSB_CYCLES_4_UOPS,250011413,2.46,,
   320.039863765,22375395595,,cpu-cycles,250011413,2.46,,
   320.039863765,22375396856,,ref-cycles,250011413,2.46,,
   320.039863765,65899857086,,instructions,250011413,2.46,2.95,insn per cycle
   320.039863765,0,,MEM_LOAD_L3_HIT_RETIRED.XSNP_HIT,250011216,2.46,,
   320.039863765,218146,,MEM_LOAD_L3_HIT_RETIRED.XSNP_HITM,250011216,2.46,,
   320.039863765,22375356505,,cpu-cycles,250011216,2.46,,
   320.039863765,22375354878,,ref-cycles,250011216,2.46,,
   320.039863765,65970848540,,instructions,250011216,2.46,2.95,insn per cycle
   320.039863765,55574,,UOPS_EXECUTED.X87,250011380,2.46,,
   320.039863765,70150637556,,UOPS_EXECUTED.THREAD,250011380,2.46,,
   320.039863765,22375411663,,cpu-cycles,250011380,2.46,,
   320.039863765,22375411419,,ref-cycles,250011380,2.46,,
   320.039863765,65945256996,,instructions,250011380,2.46,2.95,insn per cycle
   320.039863765,<not supported>,,cstate_core/c6-residency/,0,100.00,,
   320.039863765,<not supported>,,cstate_pkg/c6-residency/,0,100.00,,
   322.351673158,10347129846,,CORE_POWER.LVL0_TURBO_LICENSE,250011170,5.32,,
   322.351673158,0,,CORE_POWER.LVL1_TURBO_LICENSE,250011170,5.32,,
   322.351673158,0,,CORE_POWER.LVL2_TURBO_LICENSE,250011170,5.32,,
   322.351673158,50760545,,L1D.REPLACEMENT,250011170,5.32,,
   322.351673158,10347129846,,cpu-cycles,250011170,5.32,,
   322.351673158,10347129677,,ref-cycles,250011170,5.32,,
   322.351673158,30468587569,,instructions,250011170,5.32,1.38,insn per cycle
   322.351673158,237954,,MACHINE_CLEARS.COUNT,250011381,5.32,,
   322.351673158,1145861,,BR_MISP_RETIRED.ALL_BRANCHES,250011381,5.32,,
   322.351673158,10286342,,INT_MISC.CLEAR_RESTEER_CYCLES,250011381,5.32,,
   322.351673158,9003207874,,MEM_LOAD_RETIRED.L1_HIT,250011381,5.32,,
   322.351673158,10347060257,,cpu-cycles,250011381,5.32,,
   322.351673158,10347061329,,ref-cycles,250011381,5.32,,
   322.351673158,30495574573,,instructions,250011381,5.32,1.38,insn per cycle
   322.351673158,30270694627,,UOPS_ISSUED.ANY,250011274,5.32,,
   322.351673158,30094111939,,UOPS_RETIRED.RETIRE_SLOTS,250011274,5.32,,
   322.351673158,8414026,,INT_MISC.RECOVERY_CYCLES_ANY,250011274,5.32,,
   322.351673158,8414026,,INT_MISC.RECOVERY_CYCLES,250011274,5.32,,
   322.351673158,10347087148,,cpu-cycles,250011274,5.32,,
   322.351673158,10347087430,,ref-cycles,250011274,5.32,,
   322.351673158,30512308616,,instructions,250011274,5.32,1.38,insn per cycle
   322.351673158,10347093093,,CPU_CLK_UNHALTED.THREAD_ANY,250011266,5.32,,
   322.351673158,7516010130,,IDQ_UOPS_NOT_DELIVERED.CORE,250011266,5.32,,
   322.351673158,508742592,,CYCLE_ACTIVITY.STALLS_MEM_ANY,250011266,5.32,,
   322.351673158,591007572,,CYCLE_ACTIVITY.STALLS_TOTAL,250011266,5.32,,
   322.351673158,10347093093,,cpu-cycles,250011266,5.32,,
   322.351673158,10347093451,,ref-cycles,250011266,5.32,,
   322.351673158,30514702168,,instructions,250011266,5.32,1.38,insn per cycle
   322.351673158,1328717030,,EXE_ACTIVITY.1_PORTS_UTIL,250011248,5.32,,
   322.351673158,1672084899,,EXE_ACTIVITY.2_PORTS_UTIL,250011248,5.32,,
   322.351673158,59854353,,EXE_ACTIVITY.BOUND_ON_STORES,250011248,5.32,,
   322.351673158,3249380,,EXE_ACTIVITY.EXE_BOUND_0_PORTS,250011248,5.32,,
   322.351673158,10347102978,,cpu-cycles,250011248,5.32,,
   322.351673158,10347102903,,ref-cycles,250011248,5.32,,
   322.351673158,30482785108,,instructions,250011248,5.32,1.38,insn per cycle
   322.351673158,24486514,,MEM_LOAD_RETIRED.L2_HIT,250011389,5.32,,
   322.351673158,23781793,,MEM_LOAD_RETIRED.FB_HIT,250011389,5.32,,
   322.351673158,30757231,,MEM_LOAD_RETIRED.L1_MISS,250011389,5.32,,
   322.351673158,2646232,,L1D_PEND_MISS.FB_FULL:c1,250011389,5.32,,
   322.351673158,10347072638,,cpu-cycles,250011389,5.32,,
   322.351673158,10347072206,,ref-cycles,250011389,5.32,,
   322.351673158,30523120460,,instructions,250011389,5.32,1.38,insn per cycle
   322.351673158,84562574,,CYCLE_ACTIVITY.STALLS_L1D_MISS,250011252,5.32,,
   322.351673158,31265432,,CYCLE_ACTIVITY.STALLS_L2_MISS,250011252,5.32,,
   322.351673158,1774786,,CYCLE_ACTIVITY.STALLS_L3_MISS,250011252,5.32,,
   322.351673158,96361200,,OFFCORE_REQUESTS_OUTSTANDING.CYCLES_WITH_DEMAND_RFO,250011252,5.32,,
   322.351673158,10347084751,,cpu-cycles,250011252,5.32,,
   322.351673158,10347085579,,ref-cycles,250011252,5.32,,
   322.351673158,30509481824,,instructions,250011252,5.32,1.38,insn per cycle
   322.351673158,14373,,ITLB_MISSES.WALK_COMPLETED,250011171,5.32,,
   322.351673158,480331,,ITLB_MISSES.WALK_ACTIVE,250011171,5.32,,
   322.351673158,56,,DTLB_LOAD_MISSES.WALK_COMPLETED,250011171,5.32,,
   322.351673158,21673,,DTLB_LOAD_MISSES.WALK_ACTIVE,250011171,5.32,,
   322.351673158,10347078622,,cpu-cycles,250011171,5.32,,
   322.351673158,10347080259,,ref-cycles,250011171,5.32,,
   322.351673158,30442265139,,instructions,250011171,5.32,1.37,insn per cycle
   322.351673158,0,,DTLB_STORE_MISSES.WALK_COMPLETED,250011347,5.32,,
   322.351673158,0,,DTLB_STORE_MISSES.WALK_ACTIVE,250011347,5.32,,
   322.351673158,360482316,,IDQ_UOPS_NOT_DELIVERED.CYCLES_0_UOPS_DELIV.CORE,250011347,5.32,,
   322.351673158,24928,,BACLEARS.ANY,250011347,5.32,,
   322.351673158,10347119068,,cpu-cycles,250011347,5.32,,
   322.351673158,10347119125,,ref-cycles,250011347,5.32,,
   322.351673158,30498893581,,instructions,250011347,5.32,1.38,insn per cycle
   322.351673158,6998,,MEM_INST_RETIRED.LOCK_LOADS,250011392,5.32,,
   322.351673158,10280533,,L2_RQSTS.ALL_RFO,250011392,5.32,,
   322.351673158,3720403548,,MEM_INST_RETIRED.ALL_STORES,250011392,5.32,,
   322.351673158,5629045,,L2_RQSTS.RFO_HIT,250011392,5.32,,
   322.351673158,10347083968,,cpu-cycles,250011392,5.32,,
   322.351673158,10347084232,,ref-cycles,250011392,5.32,,
   322.351673158,30488056069,,instructions,250011392,5.32,1.38,insn per cycle
   322.351673158,0,,OFFCORE_REQUESTS_OUTSTANDING.L3_MISS_DEMAND_DATA_RD_GE_6,250011231,5.32,,
   322.351673158,3183631,,OFFCORE_REQUESTS_OUTSTANDING.CYCLES_WITH_L3_MISS_DEMAND_DATA_RD,250011231,5.32,,
   322.351673158,10347140216,,cpu-cycles,250011231,5.32,,
   322.351673158,10347141326,,ref-cycles,250011231,5.32,,
   322.351673158,30495187629,,instructions,250011231,5.32,1.38,insn per cycle
   322.351673158,9743779103,,UOPS_EXECUTED.CORE_CYCLES_GE_1,196099538,4.17,,
   322.351673158,8423170148,,UOPS_EXECUTED.CORE_CYCLES_GE_2,196099538,4.17,,
   322.351673158,6752578275,,UOPS_EXECUTED.CORE_CYCLES_GE_3,196099538,4.17,,
   322.351673158,3341288013,,UOPS_RETIRED.MACRO_FUSED,196099538,4.17,,
   322.351673158,10347029583,,cpu-cycles,196099538,4.17,,
   322.351673158,10347036779,,ref-cycles,196099538,4.17,,
   322.351673158,30447653979,,instructions,196099538,4.17,1.37,insn per cycle
   322.351673158,<not counted>,,FP_ARITH_INST_RETIRED.SCALAR_SINGLE:u0x03,0,0.00,,
   322.351673158,<not counted>,,FP_ARITH_INST_RETIRED.128B_PACKED_DOUBLE:u0xfc,0,0.00,,
   322.351673158,<not counted>,,ICACHE_16B.IFDATA_STALL,0,0.00,,
   322.351673158,<not counted>,,ICACHE_16B.IFDATA_STALL:c1:e1,0,0.00,,
   322.351673158,<not counted>,,cpu-cycles,0,0.00,,
   322.351673158,<not counted>,,ref-cycles,0,0.00,,
   322.351673158,<not counted>,,instructions,0,0.00,,
   322.351673158,<not counted>,,L2_RQSTS.ALL_CODE_RD,0,0.00,,
   322.351673158,<not counted>,,ITLB_MISSES.WALK_COMPLETED_2M_4M,0,0.00,,
   322.351673158,<not counted>,,L2_LINES_IN.ALL,0,0.00,,
   322.351673158,<not counted>,,MEM_LOAD_RETIRED.L2_MISS,0,0.00,,
   322.351673158,<not counted>,,cpu-cycles,0,0.00,,
   322.351673158,<not counted>,,ref-cycles,0,0.00,,
   322.351673158,<not counted>,,instructions,0,0.00,,
   322.351673158,<not counted>,,L2_RQSTS.CODE_RD_MISS,0,0.00,,
   322.351673158,<not counted>,,DTLB_LOAD_MISSES.WALK_COMPLETED_2M_4M,0,0.00,,
   322.351673158,<not counted>,,DTLB_LOAD_MISSES.WALK_COMPLETED_4K,0,0.00,,
   322.351673158,<not counted>,,DTLB_LOAD_MISSES.WALK_COMPLETED_1G,0,0.00,,
   322.351673158,<not counted>,,cpu-cycles,0,0.00,,
   322.351673158,<not counted>,,ref-cycles,0,0.00,,
   322.351673158,<not counted>,,instructions,0,0.00,,
   322.351673158,<not counted>,,MEM_LOAD_RETIRED.FB_HIT,0,0.00,,
   322.351673158,<not counted>,,CYCLE_ACTIVITY.CYCLES_MEM_ANY,0,0.00,,
   322.351673158,<not counted>,,CYCLE_ACTIVITY.CYCLES_L1D_MISS,0,0.00,,
   322.351673158,<not counted>,,cpu-cycles,0,0.00,,
   322.351673158,<not counted>,,ref-cycles,0,0.00,,
   322.351673158,<not counted>,,instructions,0,0.00,,
   322.351673158,<not counted>,,IDQ.MS_UOPS,0,0.00,,
   322.351673158,<not counted>,,ICACHE_64B.IFTAG_STALL,0,0.00,,
   322.351673158,<not counted>,,DTLB_LOAD_MISSES.STLB_HIT:c1,0,0.00,,
   322.351673158,<not counted>,,cpu-cycles,0,0.00,,
   322.351673158,<not counted>,,ref-cycles,0,0.00,,
   322.351673158,<not counted>,,instructions,0,0.00,,
   322.351673158,3712126,,ICACHE_16B.IFDATA_STALL,177378006,3.77,,
   322.351673158,500308,,ICACHE_16B.IFDATA_STALL:c1:e1,177378006,3.77,,
   322.351673158,385009,,ARITH.DIVIDER_ACTIVE,177378006,3.77,,
   322.351673158,614358599,,UOPS_EXECUTED.CORE_CYCLES_NONE,177378006,3.77,,
   322.351673158,10347859862,,cpu-cycles,177378006,3.77,,
   322.351673158,10347851615,,ref-cycles,177378006,3.77,,
   322.351673158,30483853426,,instructions,177378006,3.77,1.38,insn per cycle
   322.351673158,117228601,,CPU_CLK_THREAD_UNHALTED.ONE_THREAD_ACTIVE,329799223,7.01,,
   322.351673158,117228601,,CPU_CLK_THREAD_UNHALTED.REF_XCLK_ANY,329799223,7.01,,
   322.351673158,1396191926,,cpu-cycles:k,329799223,7.01,,
   322.351673158,1396622700,,ref-cycles:k,329799223,7.01,,
   322.351673158,1472098147,,instructions:k,329799223,7.01,8.39,insn per cycle
   322.351673158,16020667016,,IDQ.DSB_UOPS,250011357,5.32,,
   322.351673158,12675426220,,IDQ.MITE_UOPS,250011357,5.32,,
   322.351673158,0,,LSD.UOPS,250011357,5.32,,
   322.351673158,10347214376,,cpu-cycles,250011357,5.32,,
   322.351673158,10347213510,,ref-cycles,250011357,5.32,,
   322.351673158,30512884839,,instructions,250011357,5.32,1.38,insn per cycle
   322.351673158,5251781635,,IDQ.ALL_MITE_CYCLES_ANY_UOPS,250011247,5.32,,
   322.351673158,1948381888,,IDQ.ALL_MITE_CYCLES_4_UOPS,250011247,5.32,,
   322.351673158,10347155683,,cpu-cycles,250011247,5.32,,
   322.351673158,10347154950,,ref-cycles,250011247,5.32,,
   322.351673158,30440570840,,instructions,250011247,5.32,1.37,insn per cycle
   322.351673158,3423187104,,IDQ.ALL_DSB_CYCLES_ANY_UOPS,250011289,5.32,,
   322.351673158,2668123316,,IDQ.ALL_DSB_CYCLES_4_UOPS,250011289,5.32,,
   322.351673158,10347120451,,cpu-cycles,250011289,5.32,,
   322.351673158,10347122521,,ref-cycles,250011289,5.32,,
   322.351673158,30470423086,,instructions,250011289,5.32,1.38,insn per cycle
   322.351673158,0,,MEM_LOAD_L3_HIT_RETIRED.XSNP_HIT,250011299,5.32,,
   322.351673158,103813,,MEM_LOAD_L3_HIT_RETIRED.XSNP_HITM,250011299,5.32,,
   322.351673158,10347211273,,cpu-cycles,250011299,5.32,,
   322.351673158,10347212307,,ref-cycles,250011299,5.32,,
   322.351673158,30449252728,,instructions,250011299,5.32,1.37,insn per cycle
   322.351673158,26960,,UOPS_EXECUTED.X87,250011292,5.32,,
   322.351673158,32419607797,,UOPS_EXECUTED.THREAD,250011292,5.32,,
   322.351673158,10347189862,,cpu-cycles,250011292,5.32,,
   322.351673158,10347188996,,ref-cycles,250011292,5.32,,
   322.351673158,30474466623,,instructions,250011292,5.32,1.38,insn per cycle
   322.351673158,<not supported>,,cstate_core/c6-residency/,0,100.00,,
   322.351673158,<not supported>,,cstate_pkg/c6-residency/,0,100.00,,
