### META DATA ###,
SYSTEM_TSC_FREQ (MHz),2200,
CORES_PER_SOCKET,28,
SOCKET_COUNT,2,
HYPERTHREADING_ON,False,
IMC count,6,
CHAS_PER_SOCKET,28,
UPI count,3,
Architecture,cascadelake,
Model,Intel(R) Xeon(R) Gold 6238R CPU @ 2.20GHz,
kernel version,Linux version 5.4.0-170-generic (buildd@lcy02-amd64-059) (gcc version 9.4.0 (Ubuntu 9.4.0-1ubuntu1~20.04.2)) 
Socket:0,0;1;2;3;4;5;6;7;8;9;10;11;12;13;14;15;16;17;18;19;20;21;22;23;24;25;26;27;
Socket:1,28;29;30;31;32;33;34;35;36;37;38;39;40;41;42;43;44;45;46;47;48;49;50;51;52;53;54;55;
Perf event mux Interval ms,125,
cgroups=disabled
cpusets,disabled,
Percpu mode,disabled,
Persocket mode,disabled,
PSI,[]
PerfSpect version,1.3.11,
### PERF EVENTS ###,
cpu/event=0x28,umask=0x07,period=200003,name='CORE_POWER.LVL0_TURBO_LICENSE'/,:c
cpu/event=0x28,umask=0x18,period=200003,name='CORE_POWER.LVL1_TURBO_LICENSE'/,:c
cpu/event=0x28,umask=0x20,period=200003,name='CORE_POWER.LVL2_TURBO_LICENSE'/,:c
cpu/event=0x51,umask=0x01,period=2000003,name='L1D.REPLACEMENT'/,:c
cpu-cycles,:c
ref-cycles,:c
instructions;:c
cpu/event=0xc3,umask=0x01,edge,period=100003,name='MACHINE_CLEARS.COUNT'/,:c
cpu/event=0xc5,umask=0x00,period=400009,name='BR_MISP_RETIRED.ALL_BRANCHES'/,:c
cpu/event=0x0d,umask=0x80,period=2000003,name='INT_MISC.CLEAR_RESTEER_CYCLES'/,:c
cpu/event=0xd1,umask=0x01,period=2000003,name='MEM_LOAD_RETIRED.L1_HIT'/,:c
cpu-cycles,:c
ref-cycles,:c
instructions;:c
cpu/event=0x0e,umask=0x01,period=2000003,name='UOPS_ISSUED.ANY'/,:c
cpu/event=0xc2,umask=0x02,period=2000003,name='UOPS_RETIRED.RETIRE_SLOTS'/,:c
cpu/event=0x0d,umask=0x01,period=2000003,name='INT_MISC.RECOVERY_CYCLES_ANY'/,:c
cpu/event=0x0d,umask=0x01,period=2000003,name='INT_MISC.RECOVERY_CYCLES'/,:c
cpu-cycles,:c
ref-cycles,:c
instructions;:c
cpu/event=0x3c,umask=0x0,period=2000003,name='CPU_CLK_UNHALTED.THREAD_ANY'/,:c
cpu/event=0x9c,umask=0x01,period=2000003,name='IDQ_UOPS_NOT_DELIVERED.CORE'/,:c
cpu/event=0xa3,umask=0x14,cmask=0x14,period=2000003,name='CYCLE_ACTIVITY.STALLS_MEM_ANY'/,:c
cpu/event=0xa3,umask=0x04,cmask=0x04,period=2000003,name='CYCLE_ACTIVITY.STALLS_TOTAL'/,:c
cpu-cycles,:c
ref-cycles,:c
instructions;:c
cpu/event=0xa6,umask=0x02,period=2000003,name='EXE_ACTIVITY.1_PORTS_UTIL'/,:c
cpu/event=0xa6,umask=0x04,period=2000003,name='EXE_ACTIVITY.2_PORTS_UTIL'/,:c
cpu/event=0xa6,umask=0x40,period=2000003,name='EXE_ACTIVITY.BOUND_ON_STORES'/,:c
cpu/event=0xa6,umask=0x01,period=2000003,name='EXE_ACTIVITY.EXE_BOUND_0_PORTS'/,:c
cpu-cycles,:c
ref-cycles,:c
instructions;:c
cpu/event=0xd1,umask=0x02,period=100003,name='MEM_LOAD_RETIRED.L2_HIT'/,:c
cpu/event=0xd1,umask=0x40,period=100007,name='MEM_LOAD_RETIRED.FB_HIT'/,:c
cpu/event=0xd1,umask=0x08,period=100003,name='MEM_LOAD_RETIRED.L1_MISS'/,:c
cpu/event=0x48,umask=0x02,cmask=0x01,period=2000003,name='L1D_PEND_MISS.FB_FULL:c1'/,:c
cpu-cycles,:c
ref-cycles,:c
instructions;:c
cpu/event=0xa3,umask=0x0c,cmask=0x0c,period=2000003,name='CYCLE_ACTIVITY.STALLS_L1D_MISS'/,:c
cpu/event=0xa3,umask=0x05,cmask=0x05,period=2000003,name='CYCLE_ACTIVITY.STALLS_L2_MISS'/,:c
cpu/event=0xa3,umask=0x06,cmask=0x06,period=2000003,name='CYCLE_ACTIVITY.STALLS_L3_MISS'/,:c
cpu/event=0x60,umask=0x04,cmask=0x01,period=200003,name='OFFCORE_REQUESTS_OUTSTANDING.CYCLES_WITH_DEMAND_RFO'/,:c
cpu-cycles,:c
ref-cycles,:c
instructions;:c
cpu/event=0x85,umask=0x0e,period=100003,name='ITLB_MISSES.WALK_COMPLETED'/,:c
cpu/event=0x85,umask=0x10,period=100003,name='ITLB_MISSES.WALK_ACTIVE'/,:c
cpu/event=0x08,umask=0x0e,period=100003,name='DTLB_LOAD_MISSES.WALK_COMPLETED'/,:c
cpu/event=0x08,umask=0x10,cmask=0x01,period=100003,name='DTLB_LOAD_MISSES.WALK_ACTIVE'/,:c
cpu-cycles,:c
ref-cycles,:c
instructions;:c
cpu/event=0x49,umask=0x0e,period=100003,name='DTLB_STORE_MISSES.WALK_COMPLETED'/,:c
cpu/event=0x49,umask=0x10,period=100003,name='DTLB_STORE_MISSES.WALK_ACTIVE'/,:c
cpu/event=0x9c,umask=0x01,cmask=0x4,period=2000003,name='IDQ_UOPS_NOT_DELIVERED.CYCLES_0_UOPS_DELIV.CORE'/,:c
cpu/event=0xe6,umask=0x01,period=100003,name='BACLEARS.ANY'/,:c
cpu-cycles,:c
ref-cycles,:c
instructions;:c
cpu/event=0xd0,umask=0x21,cmask=0x01,period=100007,name='MEM_INST_RETIRED.LOCK_LOADS'/,:c
cpu/event=0x24,umask=0xe2,cmask=0x00,period=200003,name='L2_RQSTS.ALL_RFO'/,:c
cpu/event=0xd0,umask=0x82,cmask=0x00,period=200003,name='MEM_INST_RETIRED.ALL_STORES'/,:c
cpu/event=0x24,umask=0xc2,cmask=0x00,period=200003,name='L2_RQSTS.RFO_HIT'/,:c
cpu-cycles,:c
ref-cycles,:c
instructions;:c
cpu/event=0x60,umask=0x10,cmask=0x06,period=2000003,name='OFFCORE_REQUESTS_OUTSTANDING.L3_MISS_DEMAND_DATA_RD_GE_6'/,:c
cpu/event=0x60,umask=0x10,cmask=0x01,period=2000003,name='OFFCORE_REQUESTS_OUTSTANDING.CYCLES_WITH_L3_MISS_DEMAND_DATA_RD'/,:c
cpu-cycles,:c
ref-cycles,:c
instructions;:c
cpu/event=0xb1,umask=0x02,cmask=0x1,period=2000003,name='UOPS_EXECUTED.CORE_CYCLES_GE_1'/,:c
cpu/event=0xb1,umask=0x02,cmask=0x2,period=2000003,name='UOPS_EXECUTED.CORE_CYCLES_GE_2'/,:c
cpu/event=0xb1,umask=0x02,cmask=0x3,period=2000003,name='UOPS_EXECUTED.CORE_CYCLES_GE_3'/,:c
cpu/event=0xc2,umask=0x04,cmask=0x00,period=2000003,name='UOPS_RETIRED.MACRO_FUSED'/,:c
cpu-cycles,:c
ref-cycles,:c
instructions;:c
cpu/event=0xc7,umask=0x03,cmask=0x00,period=2000003,name='FP_ARITH_INST_RETIRED.SCALAR_SINGLE:u0x03'/,:c
cpu/event=0xc7,umask=0xfc,cmask=0x00,period=2000003,name='FP_ARITH_INST_RETIRED.128B_PACKED_DOUBLE:u0xfc'/,:c
cpu/event=0x80,umask=0x4,name='ICACHE_16B.IFDATA_STALL'/,:c
cpu/event=0x80,umask=0x4,cmask=0x1,edge=0x1,name='ICACHE_16B.IFDATA_STALL:c1:e1'/,:c
cpu-cycles,:c
ref-cycles,:c
instructions;:c
cpu/event=0x24,umask=0xe4,period=200003,name='L2_RQSTS.ALL_CODE_RD'/,:c
cpu/event=0x85,umask=0x04,period=100003,name='ITLB_MISSES.WALK_COMPLETED_2M_4M'/,:c
cpu/event=0xf1,umask=0x1f,period=100003,name='L2_LINES_IN.ALL'/,:c
cpu/event=0xd1,umask=0x10,period=50021,name='MEM_LOAD_RETIRED.L2_MISS'/,:c
cpu-cycles,:c
ref-cycles,:c
instructions;:c
cpu/event=0x24,umask=0x24,period=200003,name='L2_RQSTS.CODE_RD_MISS'/,:c
cpu/event=0x08,umask=0x04,period=2000003,name='DTLB_LOAD_MISSES.WALK_COMPLETED_2M_4M'/,:c
cpu/event=0x08,umask=0x02,period=2000003,name='DTLB_LOAD_MISSES.WALK_COMPLETED_4K'/,:c
cpu/event=0x08,umask=0x08,period=2000003,name='DTLB_LOAD_MISSES.WALK_COMPLETED_1G'/,:c
cpu-cycles,:c
ref-cycles,:c
instructions;:c
cpu/event=0xd1,umask=0x40,period=100007,name='MEM_LOAD_RETIRED.FB_HIT'/,:c
cpu/event=0xa3,umask=0x10,cmask=0x16,period=2000003,name='CYCLE_ACTIVITY.CYCLES_MEM_ANY'/,:c
cpu/event=0xa3,umask=0x08,cmask=0x08,period=2000003,name='CYCLE_ACTIVITY.CYCLES_L1D_MISS'/,:c
cpu-cycles,:c
ref-cycles,:c
instructions;:c
cpu/event=0x79,umask=0x30,period=2000003,name='IDQ.MS_UOPS'/,:c
cpu/event=0x83,umask=0x04,period=200003,name='ICACHE_64B.IFTAG_STALL'/,:c
cpu/event=0x08,umask=0x20,cmask=0x01,period=2000003,name='DTLB_LOAD_MISSES.STLB_HIT:c1'/,:c
cpu-cycles,:c
ref-cycles,:c
instructions;:c
cpu/event=0x80,umask=0x4,name='ICACHE_16B.IFDATA_STALL'/,:c
cpu/event=0x80,umask=0x4,cmask=0x1,edge=0x1,name='ICACHE_16B.IFDATA_STALL:c1:e1'/,:c
cpu/event=0x14,umask=0x01,period=2000003,name='ARITH.DIVIDER_ACTIVE'/,:c
cpu/event=0xb1,umask=0x02,inv=0x1,cmask=0x1,period=2000003,name='UOPS_EXECUTED.CORE_CYCLES_NONE'/,:c
cpu-cycles,:c
ref-cycles,:c
instructions;:c
cpu/event=0x3c,umask=0x2,name='CPU_CLK_THREAD_UNHALTED.ONE_THREAD_ACTIVE'/,:c
cpu/event=0x3c,umask=0x1,name='CPU_CLK_THREAD_UNHALTED.REF_XCLK_ANY'/,:c
cpu-cycles:k,:c
ref-cycles:k,:c
instructions:k;:c
cpu/event=0x79,umask=0x08,cmask=0x00,period=2000003,name='IDQ.DSB_UOPS'/,:c
cpu/event=0x79,umask=0x04,cmask=0x00,period=2000003,name='IDQ.MITE_UOPS'/,:c
cpu/event=0xa8,umask=0x01,cmask=0x00,period=2000003,name='LSD.UOPS'/,:c
cpu-cycles,:c
ref-cycles,:c
instructions;:c
cpu/event=0x79,umask=0x24,cmask=0x01,period=2000003,name='IDQ.ALL_MITE_CYCLES_ANY_UOPS'/,:c
cpu/event=0x79,umask=0x24,cmask=0x04,period=2000003,name='IDQ.ALL_MITE_CYCLES_4_UOPS'/,:c
cpu-cycles,:c
ref-cycles,:c
instructions;:c
cpu/event=0x79,umask=0x18,cmask=0x01,period=2000003,name='IDQ.ALL_DSB_CYCLES_ANY_UOPS'/,:c
cpu/event=0x79,umask=0x18,cmask=0x04,period=2000003,name='IDQ.ALL_DSB_CYCLES_4_UOPS'/,:c
cpu-cycles,:c
ref-cycles,:c
instructions;:c
cpu/event=0xd2,umask=0x02,cmask=0x00,period=20011,name='MEM_LOAD_L3_HIT_RETIRED.XSNP_HIT'/,:c
cpu/event=0xd2,umask=0x04,cmask=0x00,period=20011,name='MEM_LOAD_L3_HIT_RETIRED.XSNP_HITM'/,:c
cpu-cycles,:c
ref-cycles,:c
instructions;:c
cpu/event=0xb1,umask=0x10,cmask=0x00,period=2000003,name='UOPS_EXECUTED.X87'/,:c
cpu/event=0xb1,umask=0x01,cmask=0x00,period=2000003,name='UOPS_EXECUTED.THREAD'/,:c
cpu-cycles,:c
ref-cycles,:c
instructions;:c
cstate_core/c6-residency/;:c
cstate_pkg/c6-residency/;:c

### PERF DATA ###,
# started on Fri Feb  2 13:12:45 2024 UTC EPOCH 1706879565

     5.001621535,66316476147,,CORE_POWER.LVL0_TURBO_LICENSE,937563464,3.11,,
     5.001621535,0,,CORE_POWER.LVL1_TURBO_LICENSE,937563464,3.11,,
     5.001621535,0,,CORE_POWER.LVL2_TURBO_LICENSE,937563464,3.11,,
     5.001621535,2889407,,L1D.REPLACEMENT,937563464,3.11,,
     5.001621535,66316476147,,cpu-cycles,937563464,3.11,,
     5.001621535,66316456319,,ref-cycles,937563464,3.11,,
     5.001621535,201210156598,,instructions,937563464,3.11,3.03,insn per cycle
     5.001621535,759054,,MACHINE_CLEARS.COUNT,1600604998,5.30,,
     5.001621535,6411680,,BR_MISP_RETIRED.ALL_BRANCHES,1600604998,5.30,,
     5.001621535,44959839,,INT_MISC.CLEAR_RESTEER_CYCLES,1600604998,5.30,,
     5.001621535,58116612415,,MEM_LOAD_RETIRED.L1_HIT,1600604998,5.30,,
     5.001621535,66326076152,,cpu-cycles,1600604998,5.30,,
     5.001621535,66326071815,,ref-cycles,1600604998,5.30,,
     5.001621535,198078902199,,instructions,1600604998,5.30,2.98,insn per cycle
     5.001621535,201396443418,,UOPS_ISSUED.ANY,1536565118,5.09,,
     5.001621535,201155587597,,UOPS_RETIRED.RETIRE_SLOTS,1536565118,5.09,,
     5.001621535,32041219,,INT_MISC.RECOVERY_CYCLES_ANY,1536565118,5.09,,
     5.001621535,32041219,,INT_MISC.RECOVERY_CYCLES,1536565118,5.09,,
     5.001621535,66364971335,,cpu-cycles,1536565118,5.09,,
     5.001621535,66364962497,,ref-cycles,1536565118,5.09,,
     5.001621535,202782360966,,instructions,1536565118,5.09,3.06,insn per cycle
     5.001621535,66386978399,,CPU_CLK_UNHALTED.THREAD_ANY,1500056153,4.97,,
     5.001621535,44899945876,,IDQ_UOPS_NOT_DELIVERED.CORE,1500056153,4.97,,
     5.001621535,2231748347,,CYCLE_ACTIVITY.STALLS_MEM_ANY,1500056153,4.97,,
     5.001621535,2537915619,,CYCLE_ACTIVITY.STALLS_TOTAL,1500056153,4.97,,
     5.001621535,66386978399,,cpu-cycles,1500056153,4.97,,
     5.001621535,66386978781,,ref-cycles,1500056153,4.97,,
     5.001621535,205341118683,,instructions,1500056153,4.97,3.09,insn per cycle
     5.001621535,7185786554,,EXE_ACTIVITY.1_PORTS_UTIL,1500057915,4.97,,
     5.001621535,11172113790,,EXE_ACTIVITY.2_PORTS_UTIL,1500057915,4.97,,
     5.001621535,0,,EXE_ACTIVITY.BOUND_ON_STORES,1500057915,4.97,,
     5.001621535,251088181,,EXE_ACTIVITY.EXE_BOUND_0_PORTS,1500057915,4.97,,
     5.001621535,66386647570,,cpu-cycles,1500057915,4.97,,
     5.001621535,66386651332,,ref-cycles,1500057915,4.97,,
     5.001621535,205321733311,,instructions,1500057915,4.97,3.09,insn per cycle
     5.001621535,47175,,MEM_LOAD_RETIRED.L2_HIT,1500056110,4.97,,
     5.001621535,46390,,MEM_LOAD_RETIRED.FB_HIT,1500056110,4.97,,
     5.001621535,91494,,MEM_LOAD_RETIRED.L1_MISS,1500056110,4.97,,
     5.001621535,0,,L1D_PEND_MISS.FB_FULL:c1,1500056110,4.97,,
     5.001621535,66386018339,,cpu-cycles,1500056110,4.97,,
     5.001621535,66386024475,,ref-cycles,1500056110,4.97,,
     5.001621535,205442187704,,instructions,1500056110,4.97,3.10,insn per cycle
     5.001621535,2042936,,CYCLE_ACTIVITY.STALLS_L1D_MISS,1500056212,4.97,,
     5.001621535,1877632,,CYCLE_ACTIVITY.STALLS_L2_MISS,1500056212,4.97,,
     5.001621535,323547,,CYCLE_ACTIVITY.STALLS_L3_MISS,1500056212,4.97,,
     5.001621535,251869,,OFFCORE_REQUESTS_OUTSTANDING.CYCLES_WITH_DEMAND_RFO,1500056212,4.97,,
     5.001621535,66385604416,,cpu-cycles,1500056212,4.97,,
     5.001621535,66385605844,,ref-cycles,1500056212,4.97,,
     5.001621535,205349777471,,instructions,1500056212,4.97,3.09,insn per cycle
     5.001621535,160434,,ITLB_MISSES.WALK_COMPLETED,1500055888,4.97,,
     5.001621535,3218490,,ITLB_MISSES.WALK_ACTIVE,1500055888,4.97,,
     5.001621535,0,,DTLB_LOAD_MISSES.WALK_COMPLETED,1500055888,4.97,,
     5.001621535,134704,,DTLB_LOAD_MISSES.WALK_ACTIVE,1500055888,4.97,,
     5.001621535,66385233527,,cpu-cycles,1500055888,4.97,,
     5.001621535,66385235157,,ref-cycles,1500055888,4.97,,
     5.001621535,205425594352,,instructions,1500055888,4.97,3.09,insn per cycle
     5.001621535,0,,DTLB_STORE_MISSES.WALK_COMPLETED,1500058056,4.97,,
     5.001621535,563,,DTLB_STORE_MISSES.WALK_ACTIVE,1500058056,4.97,,
     5.001621535,1980919607,,IDQ_UOPS_NOT_DELIVERED.CYCLES_0_UOPS_DELIV.CORE,1500058056,4.97,,
     5.001621535,984989,,BACLEARS.ANY,1500058056,4.97,,
     5.001621535,66384774375,,cpu-cycles,1500058056,4.97,,
     5.001621535,66384777432,,ref-cycles,1500058056,4.97,,
     5.001621535,205378330350,,instructions,1500058056,4.97,3.09,insn per cycle
     5.001621535,38624,,MEM_INST_RETIRED.LOCK_LOADS,1500056231,4.97,,
     5.001621535,3600,,L2_RQSTS.ALL_RFO,1500056231,4.97,,
     5.001621535,23986399174,,MEM_INST_RETIRED.ALL_STORES,1500056231,4.97,,
     5.001621535,2192,,L2_RQSTS.RFO_HIT,1500056231,4.97,,
     5.001621535,66384174671,,cpu-cycles,1500056231,4.97,,
     5.001621535,66384176662,,ref-cycles,1500056231,4.97,,
     5.001621535,205352612254,,instructions,1500056231,4.97,3.09,insn per cycle
     5.001621535,0,,OFFCORE_REQUESTS_OUTSTANDING.L3_MISS_DEMAND_DATA_RD_GE_6,1500055992,4.97,,
     5.001621535,340596,,OFFCORE_REQUESTS_OUTSTANDING.CYCLES_WITH_L3_MISS_DEMAND_DATA_RD,1500055992,4.97,,
     5.001621535,66383832312,,cpu-cycles,1500055992,4.97,,
     5.001621535,66383833741,,ref-cycles,1500055992,4.97,,
     5.001621535,205385056832,,instructions,1500055992,4.97,3.09,insn per cycle
     5.001621535,63844841168,,UOPS_EXECUTED.CORE_CYCLES_GE_1,1500056139,4.97,,
     5.001621535,56624437354,,UOPS_EXECUTED.CORE_CYCLES_GE_2,1500056139,4.97,,
     5.001621535,45508313877,,UOPS_EXECUTED.CORE_CYCLES_GE_3,1500056139,4.97,,
     5.001621535,22500288840,,UOPS_RETIRED.MACRO_FUSED,1500056139,4.97,,
     5.001621535,66383530295,,cpu-cycles,1500056139,4.97,,
     5.001621535,66383536451,,ref-cycles,1500056139,4.97,,
     5.001621535,205293339158,,instructions,1500056139,4.97,3.09,insn per cycle
     5.001621535,263048376,,FP_ARITH_INST_RETIRED.SCALAR_SINGLE:u0x03,1500029976,4.97,,
     5.001621535,131132534,,FP_ARITH_INST_RETIRED.128B_PACKED_DOUBLE:u0xfc,1500029976,4.97,,
     5.001621535,1065967,,ICACHE_16B.IFDATA_STALL,1500029976,4.97,,
     5.001621535,181111,,ICACHE_16B.IFDATA_STALL:c1:e1,1500029976,4.97,,
     5.001621535,66381561259,,cpu-cycles,1500029976,4.97,,
     5.001621535,66381559227,,ref-cycles,1500029976,4.97,,
     5.001621535,205412024933,,instructions,1500029976,4.97,3.09,insn per cycle
     5.001621535,750014,,L2_RQSTS.ALL_CODE_RD,1500056266,4.97,,
     5.001621535,0,,ITLB_MISSES.WALK_COMPLETED_2M_4M,1500056266,4.97,,
     5.001621535,115205,,L2_LINES_IN.ALL,1500056266,4.97,,
     5.001621535,44537,,MEM_LOAD_RETIRED.L2_MISS,1500056266,4.97,,
     5.001621535,66382274016,,cpu-cycles,1500056266,4.97,,
     5.001621535,66382277094,,ref-cycles,1500056266,4.97,,
     5.001621535,205367029314,,instructions,1500056266,4.97,3.09,insn per cycle
     5.001621535,60,,L2_RQSTS.CODE_RD_MISS,1500056112,4.97,,
     5.001621535,0,,DTLB_LOAD_MISSES.WALK_COMPLETED_2M_4M,1500056112,4.97,,
     5.001621535,0,,DTLB_LOAD_MISSES.WALK_COMPLETED_4K,1500056112,4.97,,
     5.001621535,0,,DTLB_LOAD_MISSES.WALK_COMPLETED_1G,1500056112,4.97,,
     5.001621535,66381615764,,cpu-cycles,1500056112,4.97,,
     5.001621535,66381622141,,ref-cycles,1500056112,4.97,,
     5.001621535,205486672230,,instructions,1500056112,4.97,3.10,insn per cycle
     5.001621535,45441,,MEM_LOAD_RETIRED.FB_HIT,1500055993,4.97,,
     5.001621535,0,,CYCLE_ACTIVITY.CYCLES_MEM_ANY,1500055993,4.97,,
     5.001621535,3309456,,CYCLE_ACTIVITY.CYCLES_L1D_MISS,1500055993,4.97,,
     5.001621535,66381155640,,cpu-cycles,1500055993,4.97,,
     5.001621535,66381158779,,ref-cycles,1500055993,4.97,,
     5.001621535,205388402677,,instructions,1500055993,4.97,3.09,insn per cycle
     5.001621535,9734306753,,IDQ.MS_UOPS,1355234473,4.49,,
     5.001621535,7783613,,ICACHE_64B.IFTAG_STALL,1355234473,4.49,,
     5.001621535,123061,,DTLB_LOAD_MISSES.STLB_HIT:c1,1355234473,4.49,,
     5.001621535,66380718825,,cpu-cycles,1355234473,4.49,,
     5.001621535,66380732852,,ref-cycles,1355234473,4.49,,
     5.001621535,205420462467,,instructions,1355234473,4.49,3.09,insn per cycle
     5.001621535,996532,,ICACHE_16B.IFDATA_STALL,750027738,2.49,,
     5.001621535,164184,,ICACHE_16B.IFDATA_STALL:c1:e1,750027738,2.49,,
     5.001621535,2394534,,ARITH.DIVIDER_ACTIVE,750027738,2.49,,
     5.001621535,2534329801,,UOPS_EXECUTED.CORE_CYCLES_NONE,750027738,2.49,,
     5.001621535,66379967335,,cpu-cycles,750027738,2.49,,
     5.001621535,66379968260,,ref-cycles,750027738,2.49,,
     5.001621535,205569267783,,instructions,750027738,2.49,3.10,insn per cycle
     5.001621535,754312232,,CPU_CLK_THREAD_UNHALTED.ONE_THREAD_ACTIVE,750028188,2.49,,
     5.001621535,754312232,,CPU_CLK_THREAD_UNHALTED.REF_XCLK_ANY,750028188,2.49,,
     5.001621535,58227447,,cpu-cycles:k,750028188,2.49,,
     5.001621535,58525278,,ref-cycles:k,750028188,2.49,,
     5.001621535,51040044,,instructions:k,750028188,2.49,0.88,insn per cycle
     5.001621535,123851776307,,IDQ.DSB_UOPS,750027914,2.49,,
     5.001621535,67675048059,,IDQ.MITE_UOPS,750027914,2.49,,
     5.001621535,0,,LSD.UOPS,750027914,2.49,,
     5.001621535,66379239585,,cpu-cycles,750027914,2.49,,
     5.001621535,66379249361,,ref-cycles,750027914,2.49,,
     5.001621535,205464493115,,instructions,750027914,2.49,3.10,insn per cycle
     5.001621535,28742879858,,IDQ.ALL_MITE_CYCLES_ANY_UOPS,750029022,2.49,,
     5.001621535,10076794159,,IDQ.ALL_MITE_CYCLES_4_UOPS,750029022,2.49,,
     5.001621535,66378675803,,cpu-cycles,750029022,2.49,,
     5.001621535,66378680309,,ref-cycles,750029022,2.49,,
     5.001621535,205397287373,,instructions,750029022,2.49,3.09,insn per cycle
     5.001621535,26270283277,,IDQ.ALL_DSB_CYCLES_ANY_UOPS,750028181,2.49,,
     5.001621535,21051673723,,IDQ.ALL_DSB_CYCLES_4_UOPS,750028181,2.49,,
     5.001621535,66378247842,,cpu-cycles,750028181,2.49,,
     5.001621535,66378250738,,ref-cycles,750028181,2.49,,
     5.001621535,205459245835,,instructions,750028181,2.49,3.10,insn per cycle
     5.001621535,1005,,MEM_LOAD_L3_HIT_RETIRED.XSNP_HIT,750027900,2.49,,
     5.001621535,38298,,MEM_LOAD_L3_HIT_RETIRED.XSNP_HITM,750027900,2.49,,
     5.001621535,66377782571,,cpu-cycles,750027900,2.49,,
     5.001621535,66377784905,,ref-cycles,750027900,2.49,,
     5.001621535,205310520662,,instructions,750027900,2.49,3.09,insn per cycle
     5.001621535,165020,,UOPS_EXECUTED.X87,750028124,2.49,,
     5.001621535,216292977467,,UOPS_EXECUTED.THREAD,750028124,2.49,,
     5.001621535,66377179833,,cpu-cycles,750028124,2.49,,
     5.001621535,66377179189,,ref-cycles,750028124,2.49,,
     5.001621535,205372071489,,instructions,750028124,2.49,3.09,insn per cycle
     5.001621535,<not supported>,,cstate_core/c6-residency/,0,100.00,,
     5.001621535,<not supported>,,cstate_pkg/c6-residency/,0,100.00,,
    10.002602373,66378892466,,CORE_POWER.LVL0_TURBO_LICENSE,1500058022,4.97,,
    10.002602373,0,,CORE_POWER.LVL1_TURBO_LICENSE,1500058022,4.97,,
    10.002602373,0,,CORE_POWER.LVL2_TURBO_LICENSE,1500058022,4.97,,
    10.002602373,131090,,L1D.REPLACEMENT,1500058022,4.97,,
    10.002602373,66378892466,,cpu-cycles,1500058022,4.97,,
    10.002602373,66378893974,,ref-cycles,1500058022,4.97,,
    10.002602373,205272384863,,instructions,1500058022,4.97,3.09,insn per cycle
    10.002602373,742449,,MACHINE_CLEARS.COUNT,1500056161,4.97,,
    10.002602373,1589056,,BR_MISP_RETIRED.ALL_BRANCHES,1500056161,4.97,,
    10.002602373,15214027,,INT_MISC.CLEAR_RESTEER_CYCLES,1500056161,4.97,,
    10.002602373,60232819017,,MEM_LOAD_RETIRED.L1_HIT,1500056161,4.97,,
    10.002602373,66378476046,,cpu-cycles,1500056161,4.97,,
    10.002602373,66378479144,,ref-cycles,1500056161,4.97,,
    10.002602373,205338772503,,instructions,1500056161,4.97,3.09,insn per cycle
    10.002602373,202612564881,,UOPS_ISSUED.ANY,1513806633,5.02,,
    10.002602373,202394659820,,UOPS_RETIRED.RETIRE_SLOTS,1513806633,5.02,,
    10.002602373,21210211,,INT_MISC.RECOVERY_CYCLES_ANY,1513806633,5.02,,
    10.002602373,21210211,,INT_MISC.RECOVERY_CYCLES,1513806633,5.02,,
    10.002602373,66370083940,,cpu-cycles,1513806633,5.02,,
    10.002602373,66370090358,,ref-cycles,1513806633,5.02,,
    10.002602373,204389479065,,instructions,1513806633,5.02,3.08,insn per cycle
    10.002602373,66362732036,,CPU_CLK_UNHALTED.THREAD_ANY,1524761979,5.05,,
    10.002602373,45139307513,,IDQ_UOPS_NOT_DELIVERED.CORE,1524761979,5.05,,
    10.002602373,2295778548,,CYCLE_ACTIVITY.STALLS_MEM_ANY,1524761979,5.05,,
    10.002602373,2828471079,,CYCLE_ACTIVITY.STALLS_TOTAL,1524761979,5.05,,
    10.002602373,66362732036,,cpu-cycles,1524761979,5.05,,
    10.002602373,66362731482,,ref-cycles,1524761979,5.05,,
    10.002602373,203457439330,,instructions,1524761979,5.05,3.07,insn per cycle
    10.002602373,7241805502,,EXE_ACTIVITY.1_PORTS_UTIL,1507499261,5.00,,
    10.002602373,11113132752,,EXE_ACTIVITY.2_PORTS_UTIL,1507499261,5.00,,
    10.002602373,0,,EXE_ACTIVITY.BOUND_ON_STORES,1507499261,5.00,,
    10.002602373,284383161,,EXE_ACTIVITY.EXE_BOUND_0_PORTS,1507499261,5.00,,
    10.002602373,66371643747,,cpu-cycles,1507499261,5.00,,
    10.002602373,66371644027,,ref-cycles,1507499261,5.00,,
    10.002602373,204873325582,,instructions,1507499261,5.00,3.09,insn per cycle
    10.002602373,304811,,MEM_LOAD_RETIRED.L2_HIT,1509624942,5.00,,
    10.002602373,306550,,MEM_LOAD_RETIRED.FB_HIT,1509624942,5.00,,
    10.002602373,445943,,MEM_LOAD_RETIRED.L1_MISS,1509624942,5.00,,
    10.002602373,719,,L1D_PEND_MISS.FB_FULL:c1,1509624942,5.00,,
    10.002602373,66372585154,,cpu-cycles,1509624942,5.00,,
    10.002602373,66372585354,,ref-cycles,1509624942,5.00,,
    10.002602373,204683646098,,instructions,1509624942,5.00,3.08,insn per cycle
    10.002602373,3616770,,CYCLE_ACTIVITY.STALLS_L1D_MISS,1528992256,5.07,,
    10.002602373,2614181,,CYCLE_ACTIVITY.STALLS_L2_MISS,1528992256,5.07,,
    10.002602373,814085,,CYCLE_ACTIVITY.STALLS_L3_MISS,1528992256,5.07,,
    10.002602373,2102447,,OFFCORE_REQUESTS_OUTSTANDING.CYCLES_WITH_DEMAND_RFO,1528992256,5.07,,
    10.002602373,66360152837,,cpu-cycles,1528992256,5.07,,
    10.002602373,66360160297,,ref-cycles,1528992256,5.07,,
    10.002602373,203229709583,,instructions,1528992256,5.07,3.06,insn per cycle
    10.002602373,733903,,ITLB_MISSES.WALK_COMPLETED,1511767207,5.01,,
    10.002602373,14473001,,ITLB_MISSES.WALK_ACTIVE,1511767207,5.01,,
    10.002602373,5329,,DTLB_LOAD_MISSES.WALK_COMPLETED,1511767207,5.01,,
    10.002602373,346233,,DTLB_LOAD_MISSES.WALK_ACTIVE,1511767207,5.01,,
    10.002602373,66369894988,,cpu-cycles,1511767207,5.01,,
    10.002602373,66369892094,,ref-cycles,1511767207,5.01,,
    10.002602373,204571497801,,instructions,1511767207,5.01,3.08,insn per cycle
    10.002602373,0,,DTLB_STORE_MISSES.WALK_COMPLETED,1367443190,4.53,,
    10.002602373,684,,DTLB_STORE_MISSES.WALK_ACTIVE,1367443190,4.53,,
    10.002602373,2005674520,,IDQ_UOPS_NOT_DELIVERED.CYCLES_0_UOPS_DELIV.CORE,1367443190,4.53,,
    10.002602373,1290898,,BACLEARS.ANY,1367443190,4.53,,
    10.002602373,66371817475,,cpu-cycles,1367443190,4.53,,
    10.002602373,66371821491,,ref-cycles,1367443190,4.53,,
    10.002602373,204666405455,,instructions,1367443190,4.53,3.08,insn per cycle
    10.002602373,26533201,,MEM_INST_RETIRED.LOCK_LOADS,813292347,2.70,,
    10.002602373,315394,,L2_RQSTS.ALL_RFO,813292347,2.70,,
    10.002602373,23112679626,,MEM_INST_RETIRED.ALL_STORES,813292347,2.70,,
    10.002602373,245422,,L2_RQSTS.RFO_HIT,813292347,2.70,,
    10.002602373,66308054520,,cpu-cycles,813292347,2.70,,
    10.002602373,66308054371,,ref-cycles,813292347,2.70,,
    10.002602373,196363970053,,instructions,813292347,2.70,2.96,insn per cycle
    10.002602373,0,,OFFCORE_REQUESTS_OUTSTANDING.L3_MISS_DEMAND_DATA_RD_GE_6,750028102,2.49,,
    10.002602373,307560,,OFFCORE_REQUESTS_OUTSTANDING.CYCLES_WITH_L3_MISS_DEMAND_DATA_RD,750028102,2.49,,
    10.002602373,66378343087,,cpu-cycles,750028102,2.49,,
    10.002602373,66378346386,,ref-cycles,750028102,2.49,,
    10.002602373,205268794338,,instructions,750028102,2.49,3.09,insn per cycle
    10.002602373,63864431725,,UOPS_EXECUTED.CORE_CYCLES_GE_1,750027946,2.49,,
    10.002602373,56654959876,,UOPS_EXECUTED.CORE_CYCLES_GE_2,750027946,2.49,,
    10.002602373,45525218344,,UOPS_EXECUTED.CORE_CYCLES_GE_3,750027946,2.49,,
    10.002602373,22518979077,,UOPS_RETIRED.MACRO_FUSED,750027946,2.49,,
    10.002602373,66378540282,,cpu-cycles,750027946,2.49,,
    10.002602373,66378544909,,ref-cycles,750027946,2.49,,
    10.002602373,205448032854,,instructions,750027946,2.49,3.10,insn per cycle
    10.002602373,262824872,,FP_ARITH_INST_RETIRED.SCALAR_SINGLE:u0x03,750028874,2.49,,
    10.002602373,131021096,,FP_ARITH_INST_RETIRED.128B_PACKED_DOUBLE:u0xfc,750028874,2.49,,
    10.002602373,1002578,,ICACHE_16B.IFDATA_STALL,750028874,2.49,,
    10.002602373,169087,,ICACHE_16B.IFDATA_STALL:c1:e1,750028874,2.49,,
    10.002602373,66378039444,,cpu-cycles,750028874,2.49,,
    10.002602373,66378038720,,ref-cycles,750028874,2.49,,
    10.002602373,205277392965,,instructions,750028874,2.49,3.09,insn per cycle
    10.002602373,751260,,L2_RQSTS.ALL_CODE_RD,750028268,2.49,,
    10.002602373,0,,ITLB_MISSES.WALK_COMPLETED_2M_4M,750028268,2.49,,
    10.002602373,112403,,L2_LINES_IN.ALL,750028268,2.49,,
    10.002602373,43730,,MEM_LOAD_RETIRED.L2_MISS,750028268,2.49,,
    10.002602373,66377859050,,cpu-cycles,750028268,2.49,,
    10.002602373,66377856113,,ref-cycles,750028268,2.49,,
    10.002602373,205437690978,,instructions,750028268,2.49,3.10,insn per cycle
    10.002602373,0,,L2_RQSTS.CODE_RD_MISS,750027891,2.49,,
    10.002602373,0,,DTLB_LOAD_MISSES.WALK_COMPLETED_2M_4M,750027891,2.49,,
    10.002602373,0,,DTLB_LOAD_MISSES.WALK_COMPLETED_4K,750027891,2.49,,
    10.002602373,0,,DTLB_LOAD_MISSES.WALK_COMPLETED_1G,750027891,2.49,,
    10.002602373,66377990782,,cpu-cycles,750027891,2.49,,
    10.002602373,66377993196,,ref-cycles,750027891,2.49,,
    10.002602373,205517413257,,instructions,750027891,2.49,3.10,insn per cycle
    10.002602373,45782,,MEM_LOAD_RETIRED.FB_HIT,750028236,2.49,,
    10.002602373,0,,CYCLE_ACTIVITY.CYCLES_MEM_ANY,750028236,2.49,,
    10.002602373,3236366,,CYCLE_ACTIVITY.CYCLES_L1D_MISS,750028236,2.49,,
    10.002602373,66378181954,,cpu-cycles,750028236,2.49,,
    10.002602373,66378188069,,ref-cycles,750028236,2.49,,
    10.002602373,205364856974,,instructions,750028236,2.49,3.09,insn per cycle
    10.002602373,9733842092,,IDQ.MS_UOPS,894852313,2.97,,
    10.002602373,7963956,,ICACHE_64B.IFTAG_STALL,894852313,2.97,,
    10.002602373,130021,,DTLB_LOAD_MISSES.STLB_HIT:c1,894852313,2.97,,
    10.002602373,66379068829,,cpu-cycles,894852313,2.97,,
    10.002602373,66379048327,,ref-cycles,894852313,2.97,,
    10.002602373,205241519521,,instructions,894852313,2.97,3.09,insn per cycle
    10.002602373,1014000,,ICACHE_16B.IFDATA_STALL,1500056079,4.97,,
    10.002602373,171500,,ICACHE_16B.IFDATA_STALL:c1:e1,1500056079,4.97,,
    10.002602373,2392726,,ARITH.DIVIDER_ACTIVE,1500056079,4.97,,
    10.002602373,2520657644,,UOPS_EXECUTED.CORE_CYCLES_NONE,1500056079,4.97,,
    10.002602373,66375031905,,cpu-cycles,1500056079,4.97,,
    10.002602373,66375031522,,ref-cycles,1500056079,4.97,,
    10.002602373,205170420149,,instructions,1500056079,4.97,3.09,insn per cycle
    10.002602373,754299804,,CPU_CLK_THREAD_UNHALTED.ONE_THREAD_ACTIVE,1500056075,4.97,,
    10.002602373,754299804,,CPU_CLK_THREAD_UNHALTED.REF_XCLK_ANY,1500056075,4.97,,
    10.002602373,58257945,,cpu-cycles:k,1500056075,4.97,,
    10.002602373,58353934,,ref-cycles:k,1500056075,4.97,,
    10.002602373,51042393,,instructions:k,1500056075,4.97,0.88,insn per cycle
    10.002602373,123502636151,,IDQ.DSB_UOPS,1500056471,4.97,,
    10.002602373,67862651714,,IDQ.MITE_UOPS,1500056471,4.97,,
    10.002602373,0,,LSD.UOPS,1500056471,4.97,,
    10.002602373,66378545973,,cpu-cycles,1500056471,4.97,,
    10.002602373,66378543982,,ref-cycles,1500056471,4.97,,
    10.002602373,205281421724,,instructions,1500056471,4.97,3.09,insn per cycle
    10.002602373,28669457633,,IDQ.ALL_MITE_CYCLES_ANY_UOPS,1500036113,4.97,,
    10.002602373,10014646093,,IDQ.ALL_MITE_CYCLES_4_UOPS,1500036113,4.97,,
    10.002602373,66377320937,,cpu-cycles,1500036113,4.97,,
    10.002602373,66377321339,,ref-cycles,1500036113,4.97,,
    10.002602373,205429957928,,instructions,1500036113,4.97,3.10,insn per cycle
    10.002602373,26297706909,,IDQ.ALL_DSB_CYCLES_ANY_UOPS,1500056047,4.97,,
    10.002602373,21074624028,,IDQ.ALL_DSB_CYCLES_4_UOPS,1500056047,4.97,,
    10.002602373,66378649992,,cpu-cycles,1500056047,4.97,,
    10.002602373,66378658058,,ref-cycles,1500056047,4.97,,
    10.002602373,205434366978,,instructions,1500056047,4.97,3.10,insn per cycle
    10.002602373,0,,MEM_LOAD_L3_HIT_RETIRED.XSNP_HIT,1500055968,4.97,,
    10.002602373,11646,,MEM_LOAD_L3_HIT_RETIRED.XSNP_HITM,1500055968,4.97,,
    10.002602373,66378793150,,cpu-cycles,1500055968,4.97,,
    10.002602373,66378796007,,ref-cycles,1500055968,4.97,,
    10.002602373,205453455865,,instructions,1500055968,4.97,3.10,insn per cycle
    10.002602373,164963,,UOPS_EXECUTED.X87,1500056096,4.97,,
    10.002602373,216403640135,,UOPS_EXECUTED.THREAD,1500056096,4.97,,
    10.002602373,66378765068,,cpu-cycles,1500056096,4.97,,
    10.002602373,66378766617,,ref-cycles,1500056096,4.97,,
    10.002602373,205484269929,,instructions,1500056096,4.97,3.10,insn per cycle
    10.002602373,<not supported>,,cstate_core/c6-residency/,0,100.00,,
    10.002602373,<not supported>,,cstate_pkg/c6-residency/,0,100.00,,
    15.003527382,66380092416,,CORE_POWER.LVL0_TURBO_LICENSE,1364503131,4.52,,
    15.003527382,0,,CORE_POWER.LVL1_TURBO_LICENSE,1364503131,4.52,,
    15.003527382,0,,CORE_POWER.LVL2_TURBO_LICENSE,1364503131,4.52,,
    15.003527382,206756,,L1D.REPLACEMENT,1364503131,4.52,,
    15.003527382,66380143724,,cpu-cycles,1364503131,4.52,,
    15.003527382,66380149961,,ref-cycles,1364503131,4.52,,
    15.003527382,205467944957,,instructions,1364503131,4.52,3.10,insn per cycle
    15.003527382,742917,,MACHINE_CLEARS.COUNT,750027968,2.49,,
    15.003527382,1577084,,BR_MISP_RETIRED.ALL_BRANCHES,750027968,2.49,,
    15.003527382,15094473,,INT_MISC.CLEAR_RESTEER_CYCLES,750027968,2.49,,
    15.003527382,60290318137,,MEM_LOAD_RETIRED.L1_HIT,750027968,2.49,,
    15.003527382,66383634936,,cpu-cycles,750027968,2.49,,
    15.003527382,66383636907,,ref-cycles,750027968,2.49,,
    15.003527382,205534711230,,instructions,750027968,2.49,3.10,insn per cycle
    15.003527382,203382967488,,UOPS_ISSUED.ANY,750028112,2.49,,
    15.003527382,203179655677,,UOPS_RETIRED.RETIRE_SLOTS,750028112,2.49,,
    15.003527382,14427708,,INT_MISC.RECOVERY_CYCLES_ANY,750028112,2.49,,
    15.003527382,14427708,,INT_MISC.RECOVERY_CYCLES,750028112,2.49,,
    15.003527382,66383679745,,cpu-cycles,750028112,2.49,,
    15.003527382,66383681354,,ref-cycles,750028112,2.49,,
    15.003527382,205410194974,,instructions,750028112,2.49,3.09,insn per cycle
    15.003527382,66383469193,,CPU_CLK_UNHALTED.THREAD_ANY,750027988,2.49,,
    15.003527382,44793668495,,IDQ_UOPS_NOT_DELIVERED.CORE,750027988,2.49,,
    15.003527382,2231623745,,CYCLE_ACTIVITY.STALLS_MEM_ANY,750027988,2.49,,
    15.003527382,2493330865,,CYCLE_ACTIVITY.STALLS_TOTAL,750027988,2.49,,
    15.003527382,66383469193,,cpu-cycles,750027988,2.49,,
    15.003527382,66383467181,,ref-cycles,750027988,2.49,,
    15.003527382,205518727393,,instructions,750027988,2.49,3.10,insn per cycle
    15.003527382,7121933821,,EXE_ACTIVITY.1_PORTS_UTIL,750028916,2.49,,
    15.003527382,11238216146,,EXE_ACTIVITY.2_PORTS_UTIL,750028916,2.49,,
    15.003527382,0,,EXE_ACTIVITY.BOUND_ON_STORES,750028916,2.49,,
    15.003527382,264516105,,EXE_ACTIVITY.EXE_BOUND_0_PORTS,750028916,2.49,,
    15.003527382,66383321074,,cpu-cycles,750028916,2.49,,
    15.003527382,66383323488,,ref-cycles,750028916,2.49,,
    15.003527382,205369813066,,instructions,750028916,2.49,3.09,insn per cycle
    15.003527382,48199,,MEM_LOAD_RETIRED.L2_HIT,750028148,2.49,,
    15.003527382,47033,,MEM_LOAD_RETIRED.FB_HIT,750028148,2.49,,
    15.003527382,91451,,MEM_LOAD_RETIRED.L1_MISS,750028148,2.49,,
    15.003527382,0,,L1D_PEND_MISS.FB_FULL:c1,750028148,2.49,,
    15.003527382,66383411368,,cpu-cycles,750028148,2.49,,
    15.003527382,66383416397,,ref-cycles,750028148,2.49,,
    15.003527382,205393351819,,instructions,750028148,2.49,3.09,insn per cycle
    15.003527382,1852721,,CYCLE_ACTIVITY.STALLS_L1D_MISS,750028075,2.49,,
    15.003527382,1686798,,CYCLE_ACTIVITY.STALLS_L2_MISS,750028075,2.49,,
    15.003527382,255363,,CYCLE_ACTIVITY.STALLS_L3_MISS,750028075,2.49,,
    15.003527382,144237,,OFFCORE_REQUESTS_OUTSTANDING.CYCLES_WITH_DEMAND_RFO,750028075,2.49,,
    15.003527382,66383413038,,cpu-cycles,750028075,2.49,,
    15.003527382,66383415653,,ref-cycles,750028075,2.49,,
    15.003527382,205479179653,,instructions,750028075,2.49,3.10,insn per cycle
    15.003527382,192075,,ITLB_MISSES.WALK_COMPLETED,750028009,2.49,,
    15.003527382,3807032,,ITLB_MISSES.WALK_ACTIVE,750028009,2.49,,
    15.003527382,0,,DTLB_LOAD_MISSES.WALK_COMPLETED,750028009,2.49,,
    15.003527382,135104,,DTLB_LOAD_MISSES.WALK_ACTIVE,750028009,2.49,,
    15.003527382,66383399477,,cpu-cycles,750028009,2.49,,
    15.003527382,66383408771,,ref-cycles,750028009,2.49,,
    15.003527382,205489605039,,instructions,750028009,2.49,3.10,insn per cycle
    15.003527382,4339,,DTLB_STORE_MISSES.WALK_COMPLETED,890159484,2.95,,
    15.003527382,172686,,DTLB_STORE_MISSES.WALK_ACTIVE,890159484,2.95,,
    15.003527382,1974252037,,IDQ_UOPS_NOT_DELIVERED.CYCLES_0_UOPS_DELIV.CORE,890159484,2.95,,
    15.003527382,1005369,,BACLEARS.ANY,890159484,2.95,,
    15.003527382,66384565461,,cpu-cycles,890159484,2.95,,
    15.003527382,66384555257,,ref-cycles,890159484,2.95,,
    15.003527382,205355305178,,instructions,890159484,2.95,3.09,insn per cycle
    15.003527382,29202950,,MEM_INST_RETIRED.LOCK_LOADS,1640705463,5.44,,
    15.003527382,353646,,L2_RQSTS.ALL_RFO,1640705463,5.44,,
    15.003527382,23004038376,,MEM_INST_RETIRED.ALL_STORES,1640705463,5.44,,
    15.003527382,274541,,L2_RQSTS.RFO_HIT,1640705463,5.44,,
    15.003527382,66299439443,,cpu-cycles,1640705463,5.44,,
    15.003527382,66299401114,,ref-cycles,1640705463,5.44,,
    15.003527382,195284713174,,instructions,1640705463,5.44,2.94,insn per cycle
    15.003527382,0,,OFFCORE_REQUESTS_OUTSTANDING.L3_MISS_DEMAND_DATA_RD_GE_6,1528955983,5.07,,
    15.003527382,507860,,OFFCORE_REQUESTS_OUTSTANDING.CYCLES_WITH_L3_MISS_DEMAND_DATA_RD,1528955983,5.07,,
    15.003527382,66368072341,,cpu-cycles,1528955983,5.07,,
    15.003527382,66368070091,,ref-cycles,1528955983,5.07,,
    15.003527382,203099187568,,instructions,1528955983,5.07,3.06,insn per cycle
    15.003527382,63868883885,,UOPS_EXECUTED.CORE_CYCLES_GE_1,1500056011,4.97,,
    15.003527382,56635409858,,UOPS_EXECUTED.CORE_CYCLES_GE_2,1500056011,4.97,,
    15.003527382,45528855643,,UOPS_EXECUTED.CORE_CYCLES_GE_3,1500056011,4.97,,
    15.003527382,22513016785,,UOPS_RETIRED.MACRO_FUSED,1500056011,4.97,,
    15.003527382,66384020831,,cpu-cycles,1500056011,4.97,,
    15.003527382,66384025800,,ref-cycles,1500056011,4.97,,
    15.003527382,205404729731,,instructions,1500056011,4.97,3.09,insn per cycle
    15.003527382,263117994,,FP_ARITH_INST_RETIRED.SCALAR_SINGLE:u0x03,1500034370,4.97,,
    15.003527382,131167338,,FP_ARITH_INST_RETIRED.128B_PACKED_DOUBLE:u0xfc,1500034370,4.97,,
    15.003527382,1027517,,ICACHE_16B.IFDATA_STALL,1500034370,4.97,,
    15.003527382,176064,,ICACHE_16B.IFDATA_STALL:c1:e1,1500034370,4.97,,
    15.003527382,66382524296,,cpu-cycles,1500034370,4.97,,
    15.003527382,66382521862,,ref-cycles,1500034370,4.97,,
    15.003527382,205426267286,,instructions,1500034370,4.97,3.09,insn per cycle
    15.003527382,741583,,L2_RQSTS.ALL_CODE_RD,1500056141,4.97,,
    15.003527382,0,,ITLB_MISSES.WALK_COMPLETED_2M_4M,1500056141,4.97,,
    15.003527382,108529,,L2_LINES_IN.ALL,1500056141,4.97,,
    15.003527382,43673,,MEM_LOAD_RETIRED.L2_MISS,1500056141,4.97,,
    15.003527382,66383421110,,cpu-cycles,1500056141,4.97,,
    15.003527382,66383422598,,ref-cycles,1500056141,4.97,,
    15.003527382,205501506314,,instructions,1500056141,4.97,3.10,insn per cycle
    15.003527382,0,,L2_RQSTS.CODE_RD_MISS,1500056144,4.97,,
    15.003527382,0,,DTLB_LOAD_MISSES.WALK_COMPLETED_2M_4M,1500056144,4.97,,
    15.003527382,20,,DTLB_LOAD_MISSES.WALK_COMPLETED_4K,1500056144,4.97,,
    15.003527382,0,,DTLB_LOAD_MISSES.WALK_COMPLETED_1G,1500056144,4.97,,
    15.003527382,66383683669,,cpu-cycles,1500056144,4.97,,
    15.003527382,66383685298,,ref-cycles,1500056144,4.97,,
    15.003527382,205517609036,,instructions,1500056144,4.97,3.10,insn per cycle
    15.003527382,48380,,MEM_LOAD_RETIRED.FB_HIT,1500056115,4.97,,
    15.003527382,0,,CYCLE_ACTIVITY.CYCLES_MEM_ANY,1500056115,4.97,,
    15.003527382,3325276,,CYCLE_ACTIVITY.CYCLES_L1D_MISS,1500056115,4.97,,
    15.003527382,66383778642,,cpu-cycles,1500056115,4.97,,
    15.003527382,66383780553,,ref-cycles,1500056115,4.97,,
    15.003527382,205369442751,,instructions,1500056115,4.97,3.09,insn per cycle
    15.003527382,9738677473,,IDQ.MS_UOPS,1500057721,4.97,,
    15.003527382,8979781,,ICACHE_64B.IFTAG_STALL,1500057721,4.97,,
    15.003527382,124421,,DTLB_LOAD_MISSES.STLB_HIT:c1,1500057721,4.97,,
    15.003527382,66383983299,,cpu-cycles,1500057721,4.97,,
    15.003527382,66383985391,,ref-cycles,1500057721,4.97,,
    15.003527382,205432950703,,instructions,1500057721,4.97,3.09,insn per cycle
    15.003527382,952809,,ICACHE_16B.IFDATA_STALL,1500056235,4.97,,
    15.003527382,159706,,ICACHE_16B.IFDATA_STALL:c1:e1,1500056235,4.97,,
    15.003527382,2390593,,ARITH.DIVIDER_ACTIVE,1500056235,4.97,,
    15.003527382,2540570505,,UOPS_EXECUTED.CORE_CYCLES_NONE,1500056235,4.97,,
    15.003527382,66383823467,,cpu-cycles,1500056235,4.97,,
    15.003527382,66383822582,,ref-cycles,1500056235,4.97,,
    15.003527382,205325010261,,instructions,1500056235,4.97,3.09,insn per cycle
    15.003527382,754362457,,CPU_CLK_THREAD_UNHALTED.ONE_THREAD_ACTIVE,1500056038,4.97,,
    15.003527382,754362457,,CPU_CLK_THREAD_UNHALTED.REF_XCLK_ANY,1500056038,4.97,,
    15.003527382,59382292,,cpu-cycles:k,1500056038,4.97,,
    15.003527382,59525442,,ref-cycles:k,1500056038,4.97,,
    15.003527382,51227266,,instructions:k,1500056038,4.97,0.87,insn per cycle
    15.003527382,124028455431,,IDQ.DSB_UOPS,1500056190,4.97,,
    15.003527382,67585799820,,IDQ.MITE_UOPS,1500056190,4.97,,
    15.003527382,0,,LSD.UOPS,1500056190,4.97,,
    15.003527382,66384088204,,cpu-cycles,1500056190,4.97,,
    15.003527382,66384090558,,ref-cycles,1500056190,4.97,,
    15.003527382,205549741462,,instructions,1500056190,4.97,3.10,insn per cycle
    15.003527382,28671051908,,IDQ.ALL_MITE_CYCLES_ANY_UOPS,1500057730,4.97,,
    15.003527382,10011030420,,IDQ.ALL_MITE_CYCLES_4_UOPS,1500057730,4.97,,
    15.003527382,66384141195,,cpu-cycles,1500057730,4.97,,
    15.003527382,66384139807,,ref-cycles,1500057730,4.97,,
    15.003527382,205556071717,,instructions,1500057730,4.97,3.10,insn per cycle
    15.003527382,26260999348,,IDQ.ALL_DSB_CYCLES_ANY_UOPS,1500056410,4.97,,
    15.003527382,21038903171,,IDQ.ALL_DSB_CYCLES_4_UOPS,1500056410,4.97,,
    15.003527382,66384157835,,cpu-cycles,1500056410,4.97,,
    15.003527382,66384156467,,ref-cycles,1500056410,4.97,,
    15.003527382,205432392929,,instructions,1500056410,4.97,3.09,insn per cycle
    15.003527382,0,,MEM_LOAD_L3_HIT_RETIRED.XSNP_HIT,1500055958,4.97,,
    15.003527382,11345,,MEM_LOAD_L3_HIT_RETIRED.XSNP_HITM,1500055958,4.97,,
    15.003527382,66384260536,,cpu-cycles,1500055958,4.97,,
    15.003527382,66384263896,,ref-cycles,1500055958,4.97,,
    15.003527382,205350343462,,instructions,1500055958,4.97,3.09,insn per cycle
    15.003527382,164876,,UOPS_EXECUTED.X87,1500056046,4.97,,
    15.003527382,216267301571,,UOPS_EXECUTED.THREAD,1500056046,4.97,,
    15.003527382,66384217126,,cpu-cycles,1500056046,4.97,,
    15.003527382,66384222416,,ref-cycles,1500056046,4.97,,
    15.003527382,205351141256,,instructions,1500056046,4.97,3.09,insn per cycle
    15.003527382,<not supported>,,cstate_core/c6-residency/,0,100.00,,
    15.003527382,<not supported>,,cstate_pkg/c6-residency/,0,100.00,,
    20.004425922,66382341647,,CORE_POWER.LVL0_TURBO_LICENSE,885772777,2.94,,
    20.004425922,0,,CORE_POWER.LVL1_TURBO_LICENSE,885772777,2.94,,
    20.004425922,0,,CORE_POWER.LVL2_TURBO_LICENSE,885772777,2.94,,
    20.004425922,122435,,L1D.REPLACEMENT,885772777,2.94,,
    20.004425922,66382262613,,cpu-cycles,885772777,2.94,,
    20.004425922,66382257742,,ref-cycles,885772777,2.94,,
    20.004425922,205280044959,,instructions,885772777,2.94,3.09,insn per cycle
    20.004425922,738921,,MACHINE_CLEARS.COUNT,1500056103,4.97,,
    20.004425922,1579750,,BR_MISP_RETIRED.ALL_BRANCHES,1500056103,4.97,,
    20.004425922,15179054,,INT_MISC.CLEAR_RESTEER_CYCLES,1500056103,4.97,,
    20.004425922,60254357786,,MEM_LOAD_RETIRED.L1_HIT,1500056103,4.97,,
    20.004425922,66377897597,,cpu-cycles,1500056103,4.97,,
    20.004425922,66377898583,,ref-cycles,1500056103,4.97,,
    20.004425922,205412534779,,instructions,1500056103,4.97,3.09,insn per cycle
    20.004425922,203416176084,,UOPS_ISSUED.ANY,1500056150,4.97,,
    20.004425922,203212669862,,UOPS_RETIRED.RETIRE_SLOTS,1500056150,4.97,,
    20.004425922,14420014,,INT_MISC.RECOVERY_CYCLES_ANY,1500056150,4.97,,
    20.004425922,14420014,,INT_MISC.RECOVERY_CYCLES,1500056150,4.97,,
    20.004425922,66381368794,,cpu-cycles,1500056150,4.97,,
    20.004425922,66381370202,,ref-cycles,1500056150,4.97,,
    20.004425922,205468650614,,instructions,1500056150,4.97,3.10,insn per cycle
    20.004425922,66381137993,,CPU_CLK_UNHALTED.THREAD_ANY,1500056088,4.97,,
    20.004425922,45131465934,,IDQ_UOPS_NOT_DELIVERED.CORE,1500056088,4.97,,
    20.004425922,2225905920,,CYCLE_ACTIVITY.STALLS_MEM_ANY,1500056088,4.97,,
    20.004425922,2516325677,,CYCLE_ACTIVITY.STALLS_TOTAL,1500056088,4.97,,
    20.004425922,66381137993,,cpu-cycles,1500056088,4.97,,
    20.004425922,66381131837,,ref-cycles,1500056088,4.97,,
    20.004425922,205382269666,,instructions,1500056088,4.97,3.09,insn per cycle
    20.004425922,7185045235,,EXE_ACTIVITY.1_PORTS_UTIL,1500058014,4.97,,
    20.004425922,11182236078,,EXE_ACTIVITY.2_PORTS_UTIL,1500058014,4.97,,
    20.004425922,0,,EXE_ACTIVITY.BOUND_ON_STORES,1500058014,4.97,,
    20.004425922,264515197,,EXE_ACTIVITY.EXE_BOUND_0_PORTS,1500058014,4.97,,
    20.004425922,66381099689,,cpu-cycles,1500058014,4.97,,
    20.004425922,66381100292,,ref-cycles,1500058014,4.97,,
    20.004425922,205493931135,,instructions,1500058014,4.97,3.10,insn per cycle
    20.004425922,52623,,MEM_LOAD_RETIRED.L2_HIT,1500055872,4.97,,
    20.004425922,51416,,MEM_LOAD_RETIRED.FB_HIT,1500055872,4.97,,
    20.004425922,94424,,MEM_LOAD_RETIRED.L1_MISS,1500055872,4.97,,
    20.004425922,0,,L1D_PEND_MISS.FB_FULL:c1,1500055872,4.97,,
    20.004425922,66380732978,,cpu-cycles,1500055872,4.97,,
    20.004425922,66380735291,,ref-cycles,1500055872,4.97,,
    20.004425922,205551789119,,instructions,1500055872,4.97,3.10,insn per cycle
    20.004425922,2127508,,CYCLE_ACTIVITY.STALLS_L1D_MISS,1500056202,4.97,,
    20.004425922,1954410,,CYCLE_ACTIVITY.STALLS_L2_MISS,1500056202,4.97,,
    20.004425922,304133,,CYCLE_ACTIVITY.STALLS_L3_MISS,1500056202,4.97,,
    20.004425922,142300,,OFFCORE_REQUESTS_OUTSTANDING.CYCLES_WITH_DEMAND_RFO,1500056202,4.97,,
    20.004425922,66381119736,,cpu-cycles,1500056202,4.97,,
    20.004425922,66381121948,,ref-cycles,1500056202,4.97,,
    20.004425922,205451125930,,instructions,1500056202,4.97,3.10,insn per cycle
    20.004425922,191564,,ITLB_MISSES.WALK_COMPLETED,1500056134,4.97,,
    20.004425922,3815462,,ITLB_MISSES.WALK_ACTIVE,1500056134,4.97,,
    20.004425922,0,,DTLB_LOAD_MISSES.WALK_COMPLETED,1500056134,4.97,,
    20.004425922,138498,,DTLB_LOAD_MISSES.WALK_ACTIVE,1500056134,4.97,,
    20.004425922,66381226926,,cpu-cycles,1500056134,4.97,,
    20.004425922,66381225941,,ref-cycles,1500056134,4.97,,
    20.004425922,205451961982,,instructions,1500056134,4.97,3.10,insn per cycle
    20.004425922,0,,DTLB_STORE_MISSES.WALK_COMPLETED,1500057774,4.97,,
    20.004425922,382,,DTLB_STORE_MISSES.WALK_ACTIVE,1500057774,4.97,,
    20.004425922,1970001875,,IDQ_UOPS_NOT_DELIVERED.CYCLES_0_UOPS_DELIV.CORE,1500057774,4.97,,
    20.004425922,987091,,BACLEARS.ANY,1500057774,4.97,,
    20.004425922,66381287340,,cpu-cycles,1500057774,4.97,,
    20.004425922,66381284564,,ref-cycles,1500057774,4.97,,
    20.004425922,205516708621,,instructions,1500057774,4.97,3.10,insn per cycle
    20.004425922,38622,,MEM_INST_RETIRED.LOCK_LOADS,1500056186,4.97,,
    20.004425922,4244,,L2_RQSTS.ALL_RFO,1500056186,4.97,,
    20.004425922,24011299164,,MEM_INST_RETIRED.ALL_STORES,1500056186,4.97,,
    20.004425922,2373,,L2_RQSTS.RFO_HIT,1500056186,4.97,,
    20.004425922,66381180028,,cpu-cycles,1500056186,4.97,,
    20.004425922,66381179827,,ref-cycles,1500056186,4.97,,
    20.004425922,205562911759,,instructions,1500056186,4.97,3.10,insn per cycle
    20.004425922,0,,OFFCORE_REQUESTS_OUTSTANDING.L3_MISS_DEMAND_DATA_RD_GE_6,1593981278,5.28,,
    20.004425922,1143734,,OFFCORE_REQUESTS_OUTSTANDING.CYCLES_WITH_L3_MISS_DEMAND_DATA_RD,1593981278,5.28,,
    20.004425922,66333432314,,cpu-cycles,1593981278,5.28,,
    20.004425922,66333430459,,ref-cycles,1593981278,5.28,,
    20.004425922,198570561006,,instructions,1593981278,5.28,2.99,insn per cycle
    20.004425922,62988917178,,UOPS_EXECUTED.CORE_CYCLES_GE_1,1574872233,5.22,,
    20.004425922,55605528137,,UOPS_EXECUTED.CORE_CYCLES_GE_2,1574872233,5.22,,
    20.004425922,44378656457,,UOPS_EXECUTED.CORE_CYCLES_GE_3,1574872233,5.22,,
    20.004425922,21879141068,,UOPS_RETIRED.MACRO_FUSED,1574872233,5.22,,
    20.004425922,66337573587,,cpu-cycles,1574872233,5.22,,
    20.004425922,66337563738,,ref-cycles,1574872233,5.22,,
    20.004425922,199804490136,,instructions,1574872233,5.22,3.01,insn per cycle
    20.004425922,263141845,,FP_ARITH_INST_RETIRED.SCALAR_SINGLE:u0x03,1500058237,4.97,,
    20.004425922,131179284,,FP_ARITH_INST_RETIRED.128B_PACKED_DOUBLE:u0xfc,1500058237,4.97,,
    20.004425922,978119,,ICACHE_16B.IFDATA_STALL,1500058237,4.97,,
    20.004425922,165051,,ICACHE_16B.IFDATA_STALL:c1:e1,1500058237,4.97,,
    20.004425922,66381230192,,cpu-cycles,1500058237,4.97,,
    20.004425922,66381225826,,ref-cycles,1500058237,4.97,,
    20.004425922,205513384353,,instructions,1500058237,4.97,3.10,insn per cycle
    20.004425922,742844,,L2_RQSTS.ALL_CODE_RD,1500055772,4.97,,
    20.004425922,0,,ITLB_MISSES.WALK_COMPLETED_2M_4M,1500055772,4.97,,
    20.004425922,119509,,L2_LINES_IN.ALL,1500055772,4.97,,
    20.004425922,43128,,MEM_LOAD_RETIRED.L2_MISS,1500055772,4.97,,
    20.004425922,66381181934,,cpu-cycles,1500055772,4.97,,
    20.004425922,66381185735,,ref-cycles,1500055772,4.97,,
    20.004425922,205544721543,,instructions,1500055772,4.97,3.10,insn per cycle
    20.004425922,0,,L2_RQSTS.CODE_RD_MISS,1500056333,4.97,,
    20.004425922,0,,DTLB_LOAD_MISSES.WALK_COMPLETED_2M_4M,1500056333,4.97,,
    20.004425922,0,,DTLB_LOAD_MISSES.WALK_COMPLETED_4K,1500056333,4.97,,
    20.004425922,0,,DTLB_LOAD_MISSES.WALK_COMPLETED_1G,1500056333,4.97,,
    20.004425922,66381345296,,cpu-cycles,1500056333,4.97,,
    20.004425922,66381348655,,ref-cycles,1500056333,4.97,,
    20.004425922,205539798591,,instructions,1500056333,4.97,3.10,insn per cycle
    20.004425922,46970,,MEM_LOAD_RETIRED.FB_HIT,1500055896,4.97,,
    20.004425922,0,,CYCLE_ACTIVITY.CYCLES_MEM_ANY,1500055896,4.97,,
    20.004425922,3197823,,CYCLE_ACTIVITY.CYCLES_L1D_MISS,1500055896,4.97,,
    20.004425922,66381479512,,cpu-cycles,1500055896,4.97,,
    20.004425922,66381478204,,ref-cycles,1500055896,4.97,,
    20.004425922,205500067383,,instructions,1500055896,4.97,3.10,insn per cycle
    20.004425922,9742702033,,IDQ.MS_UOPS,1371765874,4.55,,
    20.004425922,9312927,,ICACHE_64B.IFTAG_STALL,1371765874,4.55,,
    20.004425922,125758,,DTLB_LOAD_MISSES.STLB_HIT:c1,1371765874,4.55,,
    20.004425922,66381538638,,cpu-cycles,1371765874,4.55,,
    20.004425922,66381552980,,ref-cycles,1371765874,4.55,,
    20.004425922,205517718985,,instructions,1371765874,4.55,3.10,insn per cycle
    20.004425922,970279,,ICACHE_16B.IFDATA_STALL,750028165,2.49,,
    20.004425922,163382,,ICACHE_16B.IFDATA_STALL:c1:e1,750028165,2.49,,
    20.004425922,2390192,,ARITH.DIVIDER_ACTIVE,750028165,2.49,,
    20.004425922,2526118589,,UOPS_EXECUTED.CORE_CYCLES_NONE,750028165,2.49,,
    20.004425922,66381124268,,cpu-cycles,750028165,2.49,,
    20.004425922,66381124228,,ref-cycles,750028165,2.49,,
    20.004425922,205448511321,,instructions,750028165,2.49,3.10,insn per cycle
    20.004425922,754333173,,CPU_CLK_THREAD_UNHALTED.ONE_THREAD_ACTIVE,750027916,2.49,,
    20.004425922,754333173,,CPU_CLK_THREAD_UNHALTED.REF_XCLK_ANY,750027916,2.49,,
    20.004425922,59081643,,cpu-cycles:k,750027916,2.49,,
    20.004425922,59245589,,ref-cycles:k,750027916,2.49,,
    20.004425922,51068317,,instructions:k,750027916,2.49,0.87,insn per cycle
    20.004425922,123610776680,,IDQ.DSB_UOPS,750028272,2.49,,
    20.004425922,67834553325,,IDQ.MITE_UOPS,750028272,2.49,,
    20.004425922,0,,LSD.UOPS,750028272,2.49,,
    20.004425922,66381659290,,cpu-cycles,750028272,2.49,,
    20.004425922,66381662428,,ref-cycles,750028272,2.49,,
    20.004425922,205370475324,,instructions,750028272,2.49,3.09,insn per cycle
    20.004425922,28689889371,,IDQ.ALL_MITE_CYCLES_ANY_UOPS,750008242,2.49,,
    20.004425922,10054218585,,IDQ.ALL_MITE_CYCLES_4_UOPS,750008242,2.49,,
    20.004425922,66379359601,,cpu-cycles,750008242,2.49,,
    20.004425922,66379353646,,ref-cycles,750008242,2.49,,
    20.004425922,205615713954,,instructions,750008242,2.49,3.10,insn per cycle
    20.004425922,26435376338,,IDQ.ALL_DSB_CYCLES_ANY_UOPS,750028073,2.49,,
    20.004425922,21201530147,,IDQ.ALL_DSB_CYCLES_4_UOPS,750028073,2.49,,
    20.004425922,66381737790,,cpu-cycles,750028073,2.49,,
    20.004425922,66381736905,,ref-cycles,750028073,2.49,,
    20.004425922,205669174570,,instructions,750028073,2.49,3.10,insn per cycle
    20.004425922,0,,MEM_LOAD_L3_HIT_RETIRED.XSNP_HIT,750028217,2.49,,
    20.004425922,12150,,MEM_LOAD_L3_HIT_RETIRED.XSNP_HITM,750028217,2.49,,
    20.004425922,66381740024,,cpu-cycles,750028217,2.49,,
    20.004425922,66381741875,,ref-cycles,750028217,2.49,,
    20.004425922,205566749248,,instructions,750028217,2.49,3.10,insn per cycle
    20.004425922,164951,,UOPS_EXECUTED.X87,750027796,2.49,,
    20.004425922,216385639952,,UOPS_EXECUTED.THREAD,750027796,2.49,,
    20.004425922,66382040913,,cpu-cycles,750027796,2.49,,
    20.004425922,66382042241,,ref-cycles,750027796,2.49,,
    20.004425922,205466863883,,instructions,750027796,2.49,3.10,insn per cycle
    20.004425922,<not supported>,,cstate_core/c6-residency/,0,100.00,,
    20.004425922,<not supported>,,cstate_pkg/c6-residency/,0,100.00,,
    25.005357793,66378810932,,CORE_POWER.LVL0_TURBO_LICENSE,1500058243,4.97,,
    25.005357793,0,,CORE_POWER.LVL1_TURBO_LICENSE,1500058243,4.97,,
    25.005357793,0,,CORE_POWER.LVL2_TURBO_LICENSE,1500058243,4.97,,
    25.005357793,145030,,L1D.REPLACEMENT,1500058243,4.97,,
    25.005357793,66378810932,,cpu-cycles,1500058243,4.97,,
    25.005357793,66378813748,,ref-cycles,1500058243,4.97,,
    25.005357793,205346455149,,instructions,1500058243,4.97,3.09,insn per cycle
    25.005357793,747459,,MACHINE_CLEARS.COUNT,1500055887,4.97,,
    25.005357793,1581091,,BR_MISP_RETIRED.ALL_BRANCHES,1500055887,4.97,,
    25.005357793,15193281,,INT_MISC.CLEAR_RESTEER_CYCLES,1500055887,4.97,,
    25.005357793,60296247715,,MEM_LOAD_RETIRED.L1_HIT,1500055887,4.97,,
    25.005357793,66378452086,,cpu-cycles,1500055887,4.97,,
    25.005357793,66378453655,,ref-cycles,1500055887,4.97,,
    25.005357793,205554747615,,instructions,1500055887,4.97,3.10,insn per cycle
    25.005357793,203299615235,,UOPS_ISSUED.ANY,1500056237,4.97,,
    25.005357793,203095947518,,UOPS_RETIRED.RETIRE_SLOTS,1500056237,4.97,,
    25.005357793,14384690,,INT_MISC.RECOVERY_CYCLES_ANY,1500056237,4.97,,
    25.005357793,14384690,,INT_MISC.RECOVERY_CYCLES,1500056237,4.97,,
    25.005357793,66378399212,,cpu-cycles,1500056237,4.97,,
    25.005357793,66378401123,,ref-cycles,1500056237,4.97,,
    25.005357793,205331545555,,instructions,1500056237,4.97,3.09,insn per cycle
    25.005357793,66378277245,,CPU_CLK_UNHALTED.THREAD_ANY,1500056059,4.97,,
    25.005357793,44787130954,,IDQ_UOPS_NOT_DELIVERED.CORE,1500056059,4.97,,
    25.005357793,2223035469,,CYCLE_ACTIVITY.STALLS_MEM_ANY,1500056059,4.97,,
    25.005357793,2520718664,,CYCLE_ACTIVITY.STALLS_TOTAL,1500056059,4.97,,
    25.005357793,66378277245,,cpu-cycles,1500056059,4.97,,
    25.005357793,66378280041,,ref-cycles,1500056059,4.97,,
    25.005357793,205470197722,,instructions,1500056059,4.97,3.10,insn per cycle
    25.005357793,7191180508,,EXE_ACTIVITY.1_PORTS_UTIL,1500032339,4.97,,
    25.005357793,11107196783,,EXE_ACTIVITY.2_PORTS_UTIL,1500032339,4.97,,
    25.005357793,0,,EXE_ACTIVITY.BOUND_ON_STORES,1500032339,4.97,,
    25.005357793,253729167,,EXE_ACTIVITY.EXE_BOUND_0_PORTS,1500032339,4.97,,
    25.005357793,66377244716,,cpu-cycles,1500032339,4.97,,
    25.005357793,66377244414,,ref-cycles,1500032339,4.97,,
    25.005357793,205510406361,,instructions,1500032339,4.97,3.10,insn per cycle
    25.005357793,49221,,MEM_LOAD_RETIRED.L2_HIT,1500056500,4.97,,
    25.005357793,47210,,MEM_LOAD_RETIRED.FB_HIT,1500056500,4.97,,
    25.005357793,90296,,MEM_LOAD_RETIRED.L1_MISS,1500056500,4.97,,
    25.005357793,0,,L1D_PEND_MISS.FB_FULL:c1,1500056500,4.97,,
    25.005357793,66378455633,,cpu-cycles,1500056500,4.97,,
    25.005357793,66378460562,,ref-cycles,1500056500,4.97,,
    25.005357793,205495246409,,instructions,1500056500,4.97,3.10,insn per cycle
    25.005357793,2057740,,CYCLE_ACTIVITY.STALLS_L1D_MISS,1500055695,4.97,,
    25.005357793,1888290,,CYCLE_ACTIVITY.STALLS_L2_MISS,1500055695,4.97,,
    25.005357793,253632,,CYCLE_ACTIVITY.STALLS_L3_MISS,1500055695,4.97,,
    25.005357793,125418,,OFFCORE_REQUESTS_OUTSTANDING.CYCLES_WITH_DEMAND_RFO,1500055695,4.97,,
    25.005357793,66378319256,,cpu-cycles,1500055695,4.97,,
    25.005357793,66378320744,,ref-cycles,1500055695,4.97,,
    25.005357793,205320614505,,instructions,1500055695,4.97,3.09,insn per cycle
    25.005357793,193045,,ITLB_MISSES.WALK_COMPLETED,1500056224,4.97,,
    25.005357793,3835717,,ITLB_MISSES.WALK_ACTIVE,1500056224,4.97,,
    25.005357793,0,,DTLB_LOAD_MISSES.WALK_COMPLETED,1500056224,4.97,,
    25.005357793,133926,,DTLB_LOAD_MISSES.WALK_ACTIVE,1500056224,4.97,,
    25.005357793,66378410760,,cpu-cycles,1500056224,4.97,,
    25.005357793,66378416272,,ref-cycles,1500056224,4.97,,
    25.005357793,205420498394,,instructions,1500056224,4.97,3.09,insn per cycle
    25.005357793,0,,DTLB_STORE_MISSES.WALK_COMPLETED,1376330577,4.56,,
    25.005357793,197,,DTLB_STORE_MISSES.WALK_ACTIVE,1376330577,4.56,,
    25.005357793,1982387304,,IDQ_UOPS_NOT_DELIVERED.CYCLES_0_UOPS_DELIV.CORE,1376330577,4.56,,
    25.005357793,982630,,BACLEARS.ANY,1376330577,4.56,,
    25.005357793,66378285720,,cpu-cycles,1376330577,4.56,,
    25.005357793,66378288658,,ref-cycles,1376330577,4.56,,
    25.005357793,205524244127,,instructions,1376330577,4.56,3.10,insn per cycle
    25.005357793,38621,,MEM_INST_RETIRED.LOCK_LOADS,750028054,2.49,,
    25.005357793,3741,,L2_RQSTS.ALL_RFO,750028054,2.49,,
    25.005357793,24001127996,,MEM_INST_RETIRED.ALL_STORES,750028054,2.49,,
    25.005357793,2333,,L2_RQSTS.RFO_HIT,750028054,2.49,,
    25.005357793,66377636839,,cpu-cycles,750028054,2.49,,
    25.005357793,66377636919,,ref-cycles,750028054,2.49,,
    25.005357793,205477746354,,instructions,750028054,2.49,3.10,insn per cycle
    25.005357793,0,,OFFCORE_REQUESTS_OUTSTANDING.L3_MISS_DEMAND_DATA_RD_GE_6,750028096,2.49,,
    25.005357793,387580,,OFFCORE_REQUESTS_OUTSTANDING.CYCLES_WITH_L3_MISS_DEMAND_DATA_RD,750028096,2.49,,
    25.005357793,66378292423,,cpu-cycles,750028096,2.49,,
    25.005357793,66378297171,,ref-cycles,750028096,2.49,,
    25.005357793,205357820736,,instructions,750028096,2.49,3.09,insn per cycle
    25.005357793,60486978363,,UOPS_EXECUTED.CORE_CYCLES_GE_1,917195674,3.04,,
    25.005357793,52494827493,,UOPS_EXECUTED.CORE_CYCLES_GE_2,917195674,3.04,,
    25.005357793,41149690358,,UOPS_EXECUTED.CORE_CYCLES_GE_3,917195674,3.04,,
    25.005357793,20090812689,,UOPS_RETIRED.MACRO_FUSED,917195674,3.04,,
    25.005357793,66210443405,,cpu-cycles,917195674,3.04,,
    25.005357793,66210392150,,ref-cycles,917195674,3.04,,
    25.005357793,183976025252,,instructions,917195674,3.04,2.77,insn per cycle
    25.005357793,263095791,,FP_ARITH_INST_RETIRED.SCALAR_SINGLE:u0x03,750028928,2.49,,
    25.005357793,131156253,,FP_ARITH_INST_RETIRED.128B_PACKED_DOUBLE:u0xfc,750028928,2.49,,
    25.005357793,977357,,ICACHE_16B.IFDATA_STALL,750028928,2.49,,
    25.005357793,163858,,ICACHE_16B.IFDATA_STALL:c1:e1,750028928,2.49,,
    25.005357793,66378038544,,cpu-cycles,750028928,2.49,,
    25.005357793,66378036492,,ref-cycles,750028928,2.49,,
    25.005357793,205413722121,,instructions,750028928,2.49,3.09,insn per cycle
    25.005357793,717911,,L2_RQSTS.ALL_CODE_RD,750028216,2.49,,
    25.005357793,0,,ITLB_MISSES.WALK_COMPLETED_2M_4M,750028216,2.49,,
    25.005357793,122461,,L2_LINES_IN.ALL,750028216,2.49,,
    25.005357793,46385,,MEM_LOAD_RETIRED.L2_MISS,750028216,2.49,,
    25.005357793,66377907139,,cpu-cycles,750028216,2.49,,
    25.005357793,66377913174,,ref-cycles,750028216,2.49,,
    25.005357793,205440829926,,instructions,750028216,2.49,3.10,insn per cycle
    25.005357793,0,,L2_RQSTS.CODE_RD_MISS,750028006,2.49,,
    25.005357793,0,,DTLB_LOAD_MISSES.WALK_COMPLETED_2M_4M,750028006,2.49,,
    25.005357793,0,,DTLB_LOAD_MISSES.WALK_COMPLETED_4K,750028006,2.49,,
    25.005357793,0,,DTLB_LOAD_MISSES.WALK_COMPLETED_1G,750028006,2.49,,
    25.005357793,66377863325,,cpu-cycles,750028006,2.49,,
    25.005357793,66377872779,,ref-cycles,750028006,2.49,,
    25.005357793,205300402142,,instructions,750028006,2.49,3.09,insn per cycle
    25.005357793,45581,,MEM_LOAD_RETIRED.FB_HIT,750028178,2.49,,
    25.005357793,0,,CYCLE_ACTIVITY.CYCLES_MEM_ANY,750028178,2.49,,
    25.005357793,3220885,,CYCLE_ACTIVITY.CYCLES_L1D_MISS,750028178,2.49,,
    25.005357793,66378271423,,cpu-cycles,750028178,2.49,,
    25.005357793,66378273435,,ref-cycles,750028178,2.49,,
    25.005357793,205464378314,,instructions,750028178,2.49,3.10,insn per cycle
    25.005357793,9741412346,,IDQ.MS_UOPS,878321006,2.91,,
    25.005357793,10915377,,ICACHE_64B.IFTAG_STALL,878321006,2.91,,
    25.005357793,161601,,DTLB_LOAD_MISSES.STLB_HIT:c1,878321006,2.91,,
    25.005357793,66379200859,,cpu-cycles,878321006,2.91,,
    25.005357793,66379190175,,ref-cycles,878321006,2.91,,
    25.005357793,205313929350,,instructions,878321006,2.91,3.09,insn per cycle
    25.005357793,946436,,ICACHE_16B.IFDATA_STALL,1500055621,4.97,,
    25.005357793,162369,,ICACHE_16B.IFDATA_STALL:c1:e1,1500055621,4.97,,
    25.005357793,2390562,,ARITH.DIVIDER_ACTIVE,1500055621,4.97,,
    25.005357793,2506193628,,UOPS_EXECUTED.CORE_CYCLES_NONE,1500055621,4.97,,
    25.005357793,66374695801,,cpu-cycles,1500055621,4.97,,
    25.005357793,66374695721,,ref-cycles,1500055621,4.97,,
    25.005357793,205448305268,,instructions,1500055621,4.97,3.10,insn per cycle
    25.005357793,754301654,,CPU_CLK_THREAD_UNHALTED.ONE_THREAD_ACTIVE,1500056133,4.97,,
    25.005357793,754301654,,CPU_CLK_THREAD_UNHALTED.REF_XCLK_ANY,1500056133,4.97,,
    25.005357793,58965300,,cpu-cycles:k,1500056133,4.97,,
    25.005357793,59115278,,ref-cycles:k,1500056133,4.97,,
    25.005357793,51043845,,instructions:k,1500056133,4.97,0.87,insn per cycle
    25.005357793,123893747358,,IDQ.DSB_UOPS,1500056220,4.97,,
    25.005357793,67640875510,,IDQ.MITE_UOPS,1500056220,4.97,,
    25.005357793,0,,LSD.UOPS,1500056220,4.97,,
    25.005357793,66378767337,,cpu-cycles,1500056220,4.97,,
    25.005357793,66378771299,,ref-cycles,1500056220,4.97,,
    25.005357793,205468365313,,instructions,1500056220,4.97,3.10,insn per cycle
    25.005357793,28869594781,,IDQ.ALL_MITE_CYCLES_ANY_UOPS,1500057652,4.97,,
    25.005357793,10116886500,,IDQ.ALL_MITE_CYCLES_4_UOPS,1500057652,4.97,,
    25.005357793,66378697497,,cpu-cycles,1500057652,4.97,,
    25.005357793,66378700072,,ref-cycles,1500057652,4.97,,
    25.005357793,205278629316,,instructions,1500057652,4.97,3.09,insn per cycle
    25.005357793,26270630634,,IDQ.ALL_DSB_CYCLES_ANY_UOPS,1500056530,4.97,,
    25.005357793,21042203376,,IDQ.ALL_DSB_CYCLES_4_UOPS,1500056530,4.97,,
    25.005357793,66378771943,,cpu-cycles,1500056530,4.97,,
    25.005357793,66378773210,,ref-cycles,1500056530,4.97,,
    25.005357793,205368829873,,instructions,1500056530,4.97,3.09,insn per cycle
    25.005357793,0,,MEM_LOAD_L3_HIT_RETIRED.XSNP_HIT,1500055727,4.97,,
    25.005357793,11807,,MEM_LOAD_L3_HIT_RETIRED.XSNP_HITM,1500055727,4.97,,
    25.005357793,66378896155,,cpu-cycles,1500055727,4.97,,
    25.005357793,66378896939,,ref-cycles,1500055727,4.97,,
    25.005357793,205371443969,,instructions,1500055727,4.97,3.09,insn per cycle
    25.005357793,164863,,UOPS_EXECUTED.X87,1500056030,4.97,,
    25.005357793,216242168675,,UOPS_EXECUTED.THREAD,1500056030,4.97,,
    25.005357793,66378846299,,cpu-cycles,1500056030,4.97,,
    25.005357793,66378852897,,ref-cycles,1500056030,4.97,,
    25.005357793,205323013475,,instructions,1500056030,4.97,3.09,insn per cycle
    25.005357793,<not supported>,,cstate_core/c6-residency/,0,100.00,,
    25.005357793,<not supported>,,cstate_pkg/c6-residency/,0,100.00,,
    30.006246414,66378748611,,CORE_POWER.LVL0_TURBO_LICENSE,1380820063,4.58,,
    30.006246414,0,,CORE_POWER.LVL1_TURBO_LICENSE,1380820063,4.58,,
    30.006246414,0,,CORE_POWER.LVL2_TURBO_LICENSE,1380820063,4.58,,
    30.006246414,1319475358,,L1D.REPLACEMENT,1380820063,4.58,,
    30.006246414,66378810763,,cpu-cycles,1380820063,4.58,,
    30.006246414,66378849204,,ref-cycles,1380820063,4.58,,
    30.006246414,171250721906,,instructions,1380820063,4.58,2.58,insn per cycle
    30.006246414,742350,,MACHINE_CLEARS.COUNT,750028205,2.49,,
    30.006246414,1576393,,BR_MISP_RETIRED.ALL_BRANCHES,750028205,2.49,,
    30.006246414,15119352,,INT_MISC.CLEAR_RESTEER_CYCLES,750028205,2.49,,
    30.006246414,60251902660,,MEM_LOAD_RETIRED.L1_HIT,750028205,2.49,,
    30.006246414,66383367518,,cpu-cycles,750028205,2.49,,
    30.006246414,66383364742,,ref-cycles,750028205,2.49,,
    30.006246414,205405356087,,instructions,750028205,2.49,3.09,insn per cycle
    30.006246414,203315122475,,UOPS_ISSUED.ANY,750027982,2.49,,
    30.006246414,203112886332,,UOPS_RETIRED.RETIRE_SLOTS,750027982,2.49,,
    30.006246414,14380987,,INT_MISC.RECOVERY_CYCLES_ANY,750027982,2.49,,
    30.006246414,14380987,,INT_MISC.RECOVERY_CYCLES,750027982,2.49,,
    30.006246414,66383453255,,cpu-cycles,750027982,2.49,,
    30.006246414,66383461503,,ref-cycles,750027982,2.49,,
    30.006246414,205360814181,,instructions,750027982,2.49,3.09,insn per cycle
    30.006246414,66383327470,,CPU_CLK_UNHALTED.THREAD_ANY,750028023,2.49,,
    30.006246414,44855377870,,IDQ_UOPS_NOT_DELIVERED.CORE,750028023,2.49,,
    30.006246414,2228944198,,CYCLE_ACTIVITY.STALLS_MEM_ANY,750028023,2.49,,
    30.006246414,2540126935,,CYCLE_ACTIVITY.STALLS_TOTAL,750028023,2.49,,
    30.006246414,66383327470,,cpu-cycles,750028023,2.49,,
    30.006246414,66383333425,,ref-cycles,750028023,2.49,,
    30.006246414,205425635540,,instructions,750028023,2.49,3.09,insn per cycle
    30.006246414,7169239893,,EXE_ACTIVITY.1_PORTS_UTIL,750028972,2.49,,
    30.006246414,11176883364,,EXE_ACTIVITY.2_PORTS_UTIL,750028972,2.49,,
    30.006246414,0,,EXE_ACTIVITY.BOUND_ON_STORES,750028972,2.49,,
    30.006246414,263493945,,EXE_ACTIVITY.EXE_BOUND_0_PORTS,750028972,2.49,,
    30.006246414,66383185033,,cpu-cycles,750028972,2.49,,
    30.006246414,66383189378,,ref-cycles,750028972,2.49,,
    30.006246414,205364071723,,instructions,750028972,2.49,3.09,insn per cycle
    30.006246414,54315,,MEM_LOAD_RETIRED.L2_HIT,750027995,2.49,,
    30.006246414,49205,,MEM_LOAD_RETIRED.FB_HIT,750027995,2.49,,
    30.006246414,95916,,MEM_LOAD_RETIRED.L1_MISS,750027995,2.49,,
    30.006246414,0,,L1D_PEND_MISS.FB_FULL:c1,750027995,2.49,,
    30.006246414,66383145555,,cpu-cycles,750027995,2.49,,
    30.006246414,66383150222,,ref-cycles,750027995,2.49,,
    30.006246414,205469080344,,instructions,750027995,2.49,3.10,insn per cycle
    30.006246414,1998202,,CYCLE_ACTIVITY.STALLS_L1D_MISS,750028113,2.49,,
    30.006246414,1832480,,CYCLE_ACTIVITY.STALLS_L2_MISS,750028113,2.49,,
    30.006246414,272622,,CYCLE_ACTIVITY.STALLS_L3_MISS,750028113,2.49,,
    30.006246414,121505,,OFFCORE_REQUESTS_OUTSTANDING.CYCLES_WITH_DEMAND_RFO,750028113,2.49,,
    30.006246414,66383042833,,cpu-cycles,750028113,2.49,,
    30.006246414,66383044080,,ref-cycles,750028113,2.49,,
    30.006246414,205429161781,,instructions,750028113,2.49,3.09,insn per cycle
    30.006246414,193081,,ITLB_MISSES.WALK_COMPLETED,750028000,2.49,,
    30.006246414,3836476,,ITLB_MISSES.WALK_ACTIVE,750028000,2.49,,
    30.006246414,0,,DTLB_LOAD_MISSES.WALK_COMPLETED,750028000,2.49,,
    30.006246414,133213,,DTLB_LOAD_MISSES.WALK_ACTIVE,750028000,2.49,,
    30.006246414,66383256357,,cpu-cycles,750028000,2.49,,
    30.006246414,66383261427,,ref-cycles,750028000,2.49,,
    30.006246414,205468389837,,instructions,750028000,2.49,3.10,insn per cycle
    30.006246414,4455,,DTLB_STORE_MISSES.WALK_COMPLETED,873758405,2.90,,
    30.006246414,217888,,DTLB_STORE_MISSES.WALK_ACTIVE,873758405,2.90,,
    30.006246414,1934157372,,IDQ_UOPS_NOT_DELIVERED.CYCLES_0_UOPS_DELIV.CORE,873758405,2.90,,
    30.006246414,2403856,,BACLEARS.ANY,873758405,2.90,,
    30.006246414,66384410592,,cpu-cycles,873758405,2.90,,
    30.006246414,66384412146,,ref-cycles,873758405,2.90,,
    30.006246414,186153078916,,instructions,873758405,2.90,2.80,insn per cycle
    30.006246414,20417463,,MEM_INST_RETIRED.LOCK_LOADS,1500055591,4.97,,
    30.006246414,435240585,,L2_RQSTS.ALL_RFO,1500055591,4.97,,
    30.006246414,20706653463,,MEM_INST_RETIRED.ALL_STORES,1500055591,4.97,,
    30.006246414,148082249,,L2_RQSTS.RFO_HIT,1500055591,4.97,,
    30.006246414,66377937232,,cpu-cycles,1500055591,4.97,,
    30.006246414,66377938459,,ref-cycles,1500055591,4.97,,
    30.006246414,168109888693,,instructions,1500055591,4.97,2.53,insn per cycle
    30.006246414,31060,,OFFCORE_REQUESTS_OUTSTANDING.L3_MISS_DEMAND_DATA_RD_GE_6,1500055935,4.97,,
    30.006246414,27684345,,OFFCORE_REQUESTS_OUTSTANDING.CYCLES_WITH_L3_MISS_DEMAND_DATA_RD,1500055935,4.97,,
    30.006246414,66381993303,,cpu-cycles,1500055935,4.97,,
    30.006246414,66381990688,,ref-cycles,1500055935,4.97,,
    30.006246414,168013589917,,instructions,1500055935,4.97,2.53,insn per cycle
    30.006246414,54472625565,,UOPS_EXECUTED.CORE_CYCLES_GE_1,1603105002,5.31,,
    30.006246414,47379678669,,UOPS_EXECUTED.CORE_CYCLES_GE_2,1603105002,5.31,,
    30.006246414,36899703020,,UOPS_EXECUTED.CORE_CYCLES_GE_3,1603105002,5.31,,
    30.006246414,16491141874,,UOPS_RETIRED.MACRO_FUSED,1603105002,5.31,,
    30.006246414,66321364189,,cpu-cycles,1603105002,5.31,,
    30.006246414,66321367239,,ref-cycles,1603105002,5.31,,
    30.006246414,162749928547,,instructions,1603105002,5.31,2.45,insn per cycle
    30.006246414,183702351,,FP_ARITH_INST_RETIRED.SCALAR_SINGLE:u0x03,1566637879,5.19,,
    30.006246414,88768550,,FP_ARITH_INST_RETIRED.128B_PACKED_DOUBLE:u0xfc,1566637879,5.19,,
    30.006246414,29816144,,ICACHE_16B.IFDATA_STALL,1566637879,5.19,,
    30.006246414,3809862,,ICACHE_16B.IFDATA_STALL:c1:e1,1566637879,5.19,,
    30.006246414,66341184946,,cpu-cycles,1566637879,5.19,,
    30.006246414,66341220157,,ref-cycles,1566637879,5.19,,
    30.006246414,164715858888,,instructions,1566637879,5.19,2.48,insn per cycle
    30.006246414,38934875,,L2_RQSTS.ALL_CODE_RD,1500056010,4.97,,
    30.006246414,0,,ITLB_MISSES.WALK_COMPLETED_2M_4M,1500056010,4.97,,
    30.006246414,578436488,,L2_LINES_IN.ALL,1500056010,4.97,,
    30.006246414,54762621,,MEM_LOAD_RETIRED.L2_MISS,1500056010,4.97,,
    30.006246414,66382130014,,cpu-cycles,1500056010,4.97,,
    30.006246414,66382134097,,ref-cycles,1500056010,4.97,,
    30.006246414,168081579806,,instructions,1500056010,4.97,2.53,insn per cycle
    30.006246414,1669628,,L2_RQSTS.CODE_RD_MISS,1500055799,4.97,,
    30.006246414,0,,DTLB_LOAD_MISSES.WALK_COMPLETED_2M_4M,1500055799,4.97,,
    30.006246414,0,,DTLB_LOAD_MISSES.WALK_COMPLETED_4K,1500055799,4.97,,
    30.006246414,0,,DTLB_LOAD_MISSES.WALK_COMPLETED_1G,1500055799,4.97,,
    30.006246414,66382157097,,cpu-cycles,1500055799,4.97,,
    30.006246414,66382157982,,ref-cycles,1500055799,4.97,,
    30.006246414,168056592573,,instructions,1500055799,4.97,2.53,insn per cycle
    30.006246414,519188269,,MEM_LOAD_RETIRED.FB_HIT,1500034186,4.97,,
    30.006246414,0,,CYCLE_ACTIVITY.CYCLES_MEM_ANY,1500034186,4.97,,
    30.006246414,6801340210,,CYCLE_ACTIVITY.CYCLES_L1D_MISS,1500034186,4.97,,
    30.006246414,66381569029,,cpu-cycles,1500034186,4.97,,
    30.006246414,66381569793,,ref-cycles,1500034186,4.97,,
    30.006246414,168065505351,,instructions,1500034186,4.97,2.53,insn per cycle
    30.006246414,8071876506,,IDQ.MS_UOPS,1500057572,4.97,,
    30.006246414,7449961,,ICACHE_64B.IFTAG_STALL,1500057572,4.97,,
    30.006246414,16923603,,DTLB_LOAD_MISSES.STLB_HIT:c1,1500057572,4.97,,
    30.006246414,66382413605,,cpu-cycles,1500057572,4.97,,
    30.006246414,66382411774,,ref-cycles,1500057572,4.97,,
    30.006246414,168108228445,,instructions,1500057572,4.97,2.53,insn per cycle
    30.006246414,29277679,,ICACHE_16B.IFDATA_STALL,1500056448,4.97,,
    30.006246414,3674882,,ICACHE_16B.IFDATA_STALL:c1:e1,1500056448,4.97,,
    30.006246414,190787091,,ARITH.DIVIDER_ACTIVE,1500056448,4.97,,
    30.006246414,11295506935,,UOPS_EXECUTED.CORE_CYCLES_NONE,1500056448,4.97,,
    30.006246414,66382534615,,cpu-cycles,1500056448,4.97,,
    30.006246414,66382535943,,ref-cycles,1500056448,4.97,,
    30.006246414,168080679705,,instructions,1500056448,4.97,2.53,insn per cycle
    30.006246414,754346403,,CPU_CLK_THREAD_UNHALTED.ONE_THREAD_ACTIVE,1500056231,4.97,,
    30.006246414,754346403,,CPU_CLK_THREAD_UNHALTED.REF_XCLK_ANY,1500056231,4.97,,
    30.006246414,50078640,,cpu-cycles:k,1500056231,4.97,,
    30.006246414,50173048,,ref-cycles:k,1500056231,4.97,,
    30.006246414,42673130,,instructions:k,1500056231,4.97,0.74,insn per cycle
    30.006246414,100097735300,,IDQ.DSB_UOPS,1500055651,4.97,,
    30.006246414,60987842110,,IDQ.MITE_UOPS,1500055651,4.97,,
    30.006246414,0,,LSD.UOPS,1500055651,4.97,,
    30.006246414,66382834025,,cpu-cycles,1500055651,4.97,,
    30.006246414,66382837485,,ref-cycles,1500055651,4.97,,
    30.006246414,168018096723,,instructions,1500055651,4.97,2.53,insn per cycle
    30.006246414,24783141735,,IDQ.ALL_MITE_CYCLES_ANY_UOPS,1500025195,4.97,,
    30.006246414,9374661090,,IDQ.ALL_MITE_CYCLES_4_UOPS,1500025195,4.97,,
    30.006246414,66380860507,,cpu-cycles,1500025195,4.97,,
    30.006246414,66380865536,,ref-cycles,1500025195,4.97,,
    30.006246414,167997725125,,instructions,1500025195,4.97,2.53,insn per cycle
    30.006246414,21493561765,,IDQ.ALL_DSB_CYCLES_ANY_UOPS,1500055901,4.97,,
    30.006246414,17084401717,,IDQ.ALL_DSB_CYCLES_4_UOPS,1500055901,4.97,,
    30.006246414,66382939465,,cpu-cycles,1500055901,4.97,,
    30.006246414,66382941698,,ref-cycles,1500055901,4.97,,
    30.006246414,168035463051,,instructions,1500055901,4.97,2.53,insn per cycle
    30.006246414,1105172,,MEM_LOAD_L3_HIT_RETIRED.XSNP_HIT,1500056178,4.97,,
    30.006246414,25125694,,MEM_LOAD_L3_HIT_RETIRED.XSNP_HITM,1500056178,4.97,,
    30.006246414,66383041878,,cpu-cycles,1500056178,4.97,,
    30.006246414,66383046083,,ref-cycles,1500056178,4.97,,
    30.006246414,168076838311,,instructions,1500056178,4.97,2.53,insn per cycle
    30.006246414,23104885,,UOPS_EXECUTED.X87,1500056140,4.97,,
    30.006246414,182538162267,,UOPS_EXECUTED.THREAD,1500056140,4.97,,
    30.006246414,66382817333,,cpu-cycles,1500056140,4.97,,
    30.006246414,66382818459,,ref-cycles,1500056140,4.97,,
    30.006246414,168083392355,,instructions,1500056140,4.97,2.53,insn per cycle
    30.006246414,<not supported>,,cstate_core/c6-residency/,0,100.00,,
    30.006246414,<not supported>,,cstate_pkg/c6-residency/,0,100.00,,
    35.007125956,66379665315,,CORE_POWER.LVL0_TURBO_LICENSE,869452961,2.88,,
    35.007125956,0,,CORE_POWER.LVL1_TURBO_LICENSE,869452961,2.88,,
    35.007125956,0,,CORE_POWER.LVL2_TURBO_LICENSE,869452961,2.88,,
    35.007125956,2884390771,,L1D.REPLACEMENT,869452961,2.88,,
    35.007125956,66379566612,,cpu-cycles,869452961,2.88,,
    35.007125956,66379503274,,ref-cycles,869452961,2.88,,
    35.007125956,130708031849,,instructions,869452961,2.88,1.97,insn per cycle
    35.007125956,9221017,,MACHINE_CLEARS.COUNT,1500056402,4.97,,
    35.007125956,32741264,,BR_MISP_RETIRED.ALL_BRANCHES,1500056402,4.97,,
    35.007125956,228978477,,INT_MISC.CLEAR_RESTEER_CYCLES,1500056402,4.97,,
    35.007125956,42697640342,,MEM_LOAD_RETIRED.L1_HIT,1500056402,4.97,,
    35.007125956,66375471822,,cpu-cycles,1500056402,4.97,,
    35.007125956,66375475885,,ref-cycles,1500056402,4.97,,
    35.007125956,130725858595,,instructions,1500056402,4.97,1.97,insn per cycle
    35.007125956,137012127693,,UOPS_ISSUED.ANY,1500055896,4.97,,
    35.007125956,133676778318,,UOPS_RETIRED.RETIRE_SLOTS,1500055896,4.97,,
    35.007125956,244007300,,INT_MISC.RECOVERY_CYCLES_ANY,1500055896,4.97,,
    35.007125956,244007300,,INT_MISC.RECOVERY_CYCLES,1500055896,4.97,,
    35.007125956,66378413873,,cpu-cycles,1500055896,4.97,,
    35.007125956,66378413893,,ref-cycles,1500055896,4.97,,
    35.007125956,130748008144,,instructions,1500055896,4.97,1.97,insn per cycle
    35.007125956,66378215283,,CPU_CLK_UNHALTED.THREAD_ANY,1500056624,4.97,,
    35.007125956,27436693478,,IDQ_UOPS_NOT_DELIVERED.CORE,1500056624,4.97,,
    35.007125956,16165302109,,CYCLE_ACTIVITY.STALLS_MEM_ANY,1500056624,4.97,,
    35.007125956,20031482983,,CYCLE_ACTIVITY.STALLS_TOTAL,1500056624,4.97,,
    35.007125956,66378215283,,cpu-cycles,1500056624,4.97,,
    35.007125956,66378218582,,ref-cycles,1500056624,4.97,,
    35.007125956,130715836055,,instructions,1500056624,4.97,1.97,insn per cycle
    35.007125956,6429771860,,EXE_ACTIVITY.1_PORTS_UTIL,1500003081,4.97,,
    35.007125956,9395193285,,EXE_ACTIVITY.2_PORTS_UTIL,1500003081,4.97,,
    35.007125956,2476639923,,EXE_ACTIVITY.BOUND_ON_STORES,1500003081,4.97,,
    35.007125956,485489965,,EXE_ACTIVITY.EXE_BOUND_0_PORTS,1500003081,4.97,,
    35.007125956,66375540562,,cpu-cycles,1500003081,4.97,,
    35.007125956,66375543297,,ref-cycles,1500003081,4.97,,
    35.007125956,130645269858,,instructions,1500003081,4.97,1.97,insn per cycle
    35.007125956,697180651,,MEM_LOAD_RETIRED.L2_HIT,1500055960,4.97,,
    35.007125956,1039164312,,MEM_LOAD_RETIRED.FB_HIT,1500055960,4.97,,
    35.007125956,806651863,,MEM_LOAD_RETIRED.L1_MISS,1500055960,4.97,,
    35.007125956,660123637,,L1D_PEND_MISS.FB_FULL:c1,1500055960,4.97,,
    35.007125956,66378538220,,cpu-cycles,1500055960,4.97,,
    35.007125956,66378540574,,ref-cycles,1500055960,4.97,,
    35.007125956,130624915454,,instructions,1500055960,4.97,1.97,insn per cycle
    35.007125956,7960444320,,CYCLE_ACTIVITY.STALLS_L1D_MISS,1500056298,4.97,,
    35.007125956,7108781199,,CYCLE_ACTIVITY.STALLS_L2_MISS,1500056298,4.97,,
    35.007125956,34723979,,CYCLE_ACTIVITY.STALLS_L3_MISS,1500056298,4.97,,
    35.007125956,17282624685,,OFFCORE_REQUESTS_OUTSTANDING.CYCLES_WITH_DEMAND_RFO,1500056298,4.97,,
    35.007125956,66378173024,,cpu-cycles,1500056298,4.97,,
    35.007125956,66378173305,,ref-cycles,1500056298,4.97,,
    35.007125956,130761670362,,instructions,1500056298,4.97,1.97,insn per cycle
    35.007125956,83500,,ITLB_MISSES.WALK_COMPLETED,1500056009,4.97,,
    35.007125956,2281802,,ITLB_MISSES.WALK_ACTIVE,1500056009,4.97,,
    35.007125956,100,,DTLB_LOAD_MISSES.WALK_COMPLETED,1500056009,4.97,,
    35.007125956,1643405,,DTLB_LOAD_MISSES.WALK_ACTIVE,1500056009,4.97,,
    35.007125956,66378422294,,cpu-cycles,1500056009,4.97,,
    35.007125956,66378424045,,ref-cycles,1500056009,4.97,,
    35.007125956,130759988204,,instructions,1500056009,4.97,1.97,insn per cycle
    35.007125956,0,,DTLB_STORE_MISSES.WALK_COMPLETED,1500057756,4.97,,
    35.007125956,19431,,DTLB_STORE_MISSES.WALK_ACTIVE,1500057756,4.97,,
    35.007125956,1777680720,,IDQ_UOPS_NOT_DELIVERED.CYCLES_0_UOPS_DELIV.CORE,1500057756,4.97,,
    35.007125956,6034812,,BACLEARS.ANY,1500057756,4.97,,
    35.007125956,66378459566,,cpu-cycles,1500057756,4.97,,
    35.007125956,66378459968,,ref-cycles,1500057756,4.97,,
    35.007125956,130727973382,,instructions,1500057756,4.97,1.97,insn per cycle
    35.007125956,40609897,,MEM_INST_RETIRED.LOCK_LOADS,1500055827,4.97,,
    35.007125956,871399523,,L2_RQSTS.ALL_RFO,1500055827,4.97,,
    35.007125956,17396387922,,MEM_INST_RETIRED.ALL_STORES,1500055827,4.97,,
    35.007125956,296802195,,L2_RQSTS.RFO_HIT,1500055827,4.97,,
    35.007125956,66378242753,,cpu-cycles,1500055827,4.97,,
    35.007125956,66378242169,,ref-cycles,1500055827,4.97,,
    35.007125956,130643650427,,instructions,1500055827,4.97,1.97,insn per cycle
    35.007125956,34378,,OFFCORE_REQUESTS_OUTSTANDING.L3_MISS_DEMAND_DATA_RD_GE_6,1500055946,4.97,,
    35.007125956,47663775,,OFFCORE_REQUESTS_OUTSTANDING.CYCLES_WITH_L3_MISS_DEMAND_DATA_RD,1500055946,4.97,,
    35.007125956,66378599682,,cpu-cycles,1500055946,4.97,,
    35.007125956,66378600587,,ref-cycles,1500055946,4.97,,
    35.007125956,130631366188,,instructions,1500055946,4.97,1.97,insn per cycle
    35.007125956,46330104678,,UOPS_EXECUTED.CORE_CYCLES_GE_1,1500056618,4.97,,
    35.007125956,39894372164,,UOPS_EXECUTED.CORE_CYCLES_GE_2,1500056618,4.97,,
    35.007125956,30429046972,,UOPS_EXECUTED.CORE_CYCLES_GE_3,1500056618,4.97,,
    35.007125956,11490941613,,UOPS_RETIRED.MACRO_FUSED,1500056618,4.97,,
    35.007125956,66378811681,,cpu-cycles,1500056618,4.97,,
    35.007125956,66378812606,,ref-cycles,1500056618,4.97,,
    35.007125956,130620268165,,instructions,1500056618,4.97,1.97,insn per cycle
    35.007125956,116007467,,FP_ARITH_INST_RETIRED.SCALAR_SINGLE:u0x03,1668787994,5.53,,
    35.007125956,51186826,,FP_ARITH_INST_RETIRED.128B_PACKED_DOUBLE:u0xfc,1668787994,5.53,,
    35.007125956,56491125,,ICACHE_16B.IFDATA_STALL,1668787994,5.53,,
    35.007125956,7330578,,ICACHE_16B.IFDATA_STALL:c1:e1,1668787994,5.53,,
    35.007125956,66285584677,,cpu-cycles,1668787994,5.53,,
    35.007125956,66285586449,,ref-cycles,1668787994,5.53,,
    35.007125956,126397641011,,instructions,1668787994,5.53,1.90,insn per cycle
    35.007125956,76707321,,L2_RQSTS.ALL_CODE_RD,1500056247,4.97,,
    35.007125956,0,,ITLB_MISSES.WALK_COMPLETED_2M_4M,1500056247,4.97,,
    35.007125956,1157530359,,L2_LINES_IN.ALL,1500056247,4.97,,
    35.007125956,109429248,,MEM_LOAD_RETIRED.L2_MISS,1500056247,4.97,,
    35.007125956,66378451878,,cpu-cycles,1500056247,4.97,,
    35.007125956,66378450812,,ref-cycles,1500056247,4.97,,
    35.007125956,130742267016,,instructions,1500056247,4.97,1.97,insn per cycle
    35.007125956,3438622,,L2_RQSTS.CODE_RD_MISS,1500056332,4.97,,
    35.007125956,0,,DTLB_LOAD_MISSES.WALK_COMPLETED_2M_4M,1500056332,4.97,,
    35.007125956,40,,DTLB_LOAD_MISSES.WALK_COMPLETED_4K,1500056332,4.97,,
    35.007125956,0,,DTLB_LOAD_MISSES.WALK_COMPLETED_1G,1500056332,4.97,,
    35.007125956,66378400774,,cpu-cycles,1500056332,4.97,,
    35.007125956,66378399969,,ref-cycles,1500056332,4.97,,
    35.007125956,130748377558,,instructions,1500056332,4.97,1.97,insn per cycle
    35.007125956,1038747543,,MEM_LOAD_RETIRED.FB_HIT,1500056060,4.97,,
    35.007125956,0,,CYCLE_ACTIVITY.CYCLES_MEM_ANY,1500056060,4.97,,
    35.007125956,13594086752,,CYCLE_ACTIVITY.CYCLES_L1D_MISS,1500056060,4.97,,
    35.007125956,66378341546,,cpu-cycles,1500056060,4.97,,
    35.007125956,66378341767,,ref-cycles,1500056060,4.97,,
    35.007125956,130756497088,,instructions,1500056060,4.97,1.97,insn per cycle
    35.007125956,6417547739,,IDQ.MS_UOPS,1387840231,4.60,,
    35.007125956,6013181,,ICACHE_64B.IFTAG_STALL,1387840231,4.60,,
    35.007125956,33981885,,DTLB_LOAD_MISSES.STLB_HIT:c1,1387840231,4.60,,
    35.007125956,66378572500,,cpu-cycles,1387840231,4.60,,
    35.007125956,66378595786,,ref-cycles,1387840231,4.60,,
    35.007125956,130682997072,,instructions,1387840231,4.60,1.97,insn per cycle
    35.007125956,57038907,,ICACHE_16B.IFDATA_STALL,750028360,2.49,,
    35.007125956,7184920,,ICACHE_16B.IFDATA_STALL:c1:e1,750028360,2.49,,
    35.007125956,379310848,,ARITH.DIVIDER_ACTIVE,750028360,2.49,,
    35.007125956,20035234175,,UOPS_EXECUTED.CORE_CYCLES_NONE,750028360,2.49,,
    35.007125956,66378389496,,cpu-cycles,750028360,2.49,,
    35.007125956,66378385433,,ref-cycles,750028360,2.49,,
    35.007125956,130744743729,,instructions,750028360,2.49,1.97,insn per cycle
    35.007125956,754299730,,CPU_CLK_THREAD_UNHALTED.ONE_THREAD_ACTIVE,750027792,2.49,,
    35.007125956,754299730,,CPU_CLK_THREAD_UNHALTED.REF_XCLK_ANY,750027792,2.49,,
    35.007125956,40960682,,cpu-cycles:k,750027792,2.49,,
    35.007125956,40987235,,ref-cycles:k,750027792,2.49,,
    35.007125956,34098417,,instructions:k,750027792,2.49,0.62,insn per cycle
    35.007125956,76633629764,,IDQ.DSB_UOPS,750028544,2.49,,
    35.007125956,54197159478,,IDQ.MITE_UOPS,750028544,2.49,,
    35.007125956,0,,LSD.UOPS,750028544,2.49,,
    35.007125956,66378604729,,cpu-cycles,750028544,2.49,,
    35.007125956,66378606418,,ref-cycles,750028544,2.49,,
    35.007125956,130713177531,,instructions,750028544,2.49,1.97,insn per cycle
    35.007125956,20796074099,,IDQ.ALL_MITE_CYCLES_ANY_UOPS,750028635,2.49,,
    35.007125956,8715973564,,IDQ.ALL_MITE_CYCLES_4_UOPS,750028635,2.49,,
    35.007125956,66378737237,,cpu-cycles,750028635,2.49,,
    35.007125956,66378740053,,ref-cycles,750028635,2.49,,
    35.007125956,130805014144,,instructions,750028635,2.49,1.97,insn per cycle
    35.007125956,16749568248,,IDQ.ALL_DSB_CYCLES_ANY_UOPS,750027916,2.49,,
    35.007125956,13150818436,,IDQ.ALL_DSB_CYCLES_4_UOPS,750027916,2.49,,
    35.007125956,66379061454,,cpu-cycles,750027916,2.49,,
    35.007125956,66379057591,,ref-cycles,750027916,2.49,,
    35.007125956,130664934527,,instructions,750027916,2.49,1.97,insn per cycle
    35.007125956,2182776,,MEM_LOAD_L3_HIT_RETIRED.XSNP_HIT,750028054,2.49,,
    35.007125956,50146680,,MEM_LOAD_L3_HIT_RETIRED.XSNP_HITM,750028054,2.49,,
    35.007125956,66379041785,,cpu-cycles,750028054,2.49,,
    35.007125956,66379039934,,ref-cycles,750028054,2.49,,
    35.007125956,130779130122,,instructions,750028054,2.49,1.97,insn per cycle
    35.007125956,46103843,,UOPS_EXECUTED.X87,750028374,2.49,,
    35.007125956,148665024978,,UOPS_EXECUTED.THREAD,750028374,2.49,,
    35.007125956,66379057274,,cpu-cycles,750028374,2.49,,
    35.007125956,66379058038,,ref-cycles,750028374,2.49,,
    35.007125956,130700852402,,instructions,750028374,2.49,1.97,insn per cycle
    35.007125956,<not supported>,,cstate_core/c6-residency/,0,100.00,,
    35.007125956,<not supported>,,cstate_pkg/c6-residency/,0,100.00,,
    40.008011855,66372019835,,CORE_POWER.LVL0_TURBO_LICENSE,1500259431,4.97,,
    40.008011855,0,,CORE_POWER.LVL1_TURBO_LICENSE,1500259431,4.97,,
    40.008011855,0,,CORE_POWER.LVL2_TURBO_LICENSE,1500259431,4.97,,
    40.008011855,2882858451,,L1D.REPLACEMENT,1500259431,4.97,,
    40.008011855,66372019835,,cpu-cycles,1500259431,4.97,,
    40.008011855,66372016858,,ref-cycles,1500259431,4.97,,
    40.008011855,130706038702,,instructions,1500259431,4.97,1.97,insn per cycle
    40.008011855,9224955,,MACHINE_CLEARS.COUNT,1500056310,4.97,,
    40.008011855,32954667,,BR_MISP_RETIRED.ALL_BRANCHES,1500056310,4.97,,
    40.008011855,230056593,,INT_MISC.CLEAR_RESTEER_CYCLES,1500056310,4.97,,
    40.008011855,42683681763,,MEM_LOAD_RETIRED.L1_HIT,1500056310,4.97,,
    40.008011855,66375428166,,cpu-cycles,1500056310,4.97,,
    40.008011855,66375427361,,ref-cycles,1500056310,4.97,,
    40.008011855,130695597302,,instructions,1500056310,4.97,1.97,insn per cycle
    40.008011855,136846342384,,UOPS_ISSUED.ANY,1500056062,4.97,,
    40.008011855,133522052564,,UOPS_RETIRED.RETIRE_SLOTS,1500056062,4.97,,
    40.008011855,244673226,,INT_MISC.RECOVERY_CYCLES_ANY,1500056062,4.97,,
    40.008011855,244673226,,INT_MISC.RECOVERY_CYCLES,1500056062,4.97,,
    40.008011855,66375252587,,cpu-cycles,1500056062,4.97,,
    40.008011855,66375253431,,ref-cycles,1500056062,4.97,,
    40.008011855,130610143908,,instructions,1500056062,4.97,1.97,insn per cycle
    40.008011855,66375120799,,CPU_CLK_UNHALTED.THREAD_ANY,1500056080,4.97,,
    40.008011855,27446280649,,IDQ_UOPS_NOT_DELIVERED.CORE,1500056080,4.97,,
    40.008011855,16145482467,,CYCLE_ACTIVITY.STALLS_MEM_ANY,1500056080,4.97,,
    40.008011855,20008343864,,CYCLE_ACTIVITY.STALLS_TOTAL,1500056080,4.97,,
    40.008011855,66375120799,,cpu-cycles,1500056080,4.97,,
    40.008011855,66375118747,,ref-cycles,1500056080,4.97,,
    40.008011855,130751755358,,instructions,1500056080,4.97,1.97,insn per cycle
    40.008011855,6458328102,,EXE_ACTIVITY.1_PORTS_UTIL,1500057793,4.97,,
    40.008011855,9401546696,,EXE_ACTIVITY.2_PORTS_UTIL,1500057793,4.97,,
    40.008011855,2476204651,,EXE_ACTIVITY.BOUND_ON_STORES,1500057793,4.97,,
    40.008011855,467654761,,EXE_ACTIVITY.EXE_BOUND_0_PORTS,1500057793,4.97,,
    40.008011855,66375158074,,cpu-cycles,1500057793,4.97,,
    40.008011855,66375160307,,ref-cycles,1500057793,4.97,,
    40.008011855,130605638672,,instructions,1500057793,4.97,1.97,insn per cycle
    40.008011855,696753205,,MEM_LOAD_RETIRED.L2_HIT,1500056359,4.97,,
    40.008011855,1037916033,,MEM_LOAD_RETIRED.FB_HIT,1500056359,4.97,,
    40.008011855,806214108,,MEM_LOAD_RETIRED.L1_MISS,1500056359,4.97,,
    40.008011855,661179513,,L1D_PEND_MISS.FB_FULL:c1,1500056359,4.97,,
    40.008011855,66375222363,,cpu-cycles,1500056359,4.97,,
    40.008011855,66375222966,,ref-cycles,1500056359,4.97,,
    40.008011855,130781656677,,instructions,1500056359,4.97,1.97,insn per cycle
    40.008011855,7967057802,,CYCLE_ACTIVITY.STALLS_L1D_MISS,1500056368,4.97,,
    40.008011855,7116835401,,CYCLE_ACTIVITY.STALLS_L2_MISS,1500056368,4.97,,
    40.008011855,33723342,,CYCLE_ACTIVITY.STALLS_L3_MISS,1500056368,4.97,,
    40.008011855,17285248612,,OFFCORE_REQUESTS_OUTSTANDING.CYCLES_WITH_DEMAND_RFO,1500056368,4.97,,
    40.008011855,66375069143,,cpu-cycles,1500056368,4.97,,
    40.008011855,66375067493,,ref-cycles,1500056368,4.97,,
    40.008011855,130662465597,,instructions,1500056368,4.97,1.97,insn per cycle
    40.008011855,83859,,ITLB_MISSES.WALK_COMPLETED,1500055488,4.97,,
    40.008011855,2243998,,ITLB_MISSES.WALK_ACTIVE,1500055488,4.97,,
    40.008011855,20,,DTLB_LOAD_MISSES.WALK_COMPLETED,1500055488,4.97,,
    40.008011855,1647973,,DTLB_LOAD_MISSES.WALK_ACTIVE,1500055488,4.97,,
    40.008011855,66375266428,,cpu-cycles,1500055488,4.97,,
    40.008011855,66375264336,,ref-cycles,1500055488,4.97,,
    40.008011855,130727293625,,instructions,1500055488,4.97,1.97,insn per cycle
    40.008011855,21,,DTLB_STORE_MISSES.WALK_COMPLETED,1392194603,4.61,,
    40.008011855,23363,,DTLB_STORE_MISSES.WALK_ACTIVE,1392194603,4.61,,
    40.008011855,1777955618,,IDQ_UOPS_NOT_DELIVERED.CYCLES_0_UOPS_DELIV.CORE,1392194603,4.61,,
    40.008011855,6128530,,BACLEARS.ANY,1392194603,4.61,,
    40.008011855,66375080789,,cpu-cycles,1392194603,4.61,,
    40.008011855,66375090542,,ref-cycles,1392194603,4.61,,
    40.008011855,130713482023,,instructions,1392194603,4.61,1.97,insn per cycle
    40.008011855,40765563,,MEM_INST_RETIRED.LOCK_LOADS,750027968,2.49,,
    40.008011855,871166690,,L2_RQSTS.ALL_RFO,750027968,2.49,,
    40.008011855,17402269742,,MEM_INST_RETIRED.ALL_STORES,750027968,2.49,,
    40.008011855,296628963,,L2_RQSTS.RFO_HIT,750027968,2.49,,
    40.008011855,66375157190,,cpu-cycles,750027968,2.49,,
    40.008011855,66375156748,,ref-cycles,750027968,2.49,,
    40.008011855,130677606919,,instructions,750027968,2.49,1.97,insn per cycle
    40.008011855,32546,,OFFCORE_REQUESTS_OUTSTANDING.L3_MISS_DEMAND_DATA_RD_GE_6,750028207,2.49,,
    40.008011855,44446829,,OFFCORE_REQUESTS_OUTSTANDING.CYCLES_WITH_L3_MISS_DEMAND_DATA_RD,750028207,2.49,,
    40.008011855,66375323814,,cpu-cycles,750028207,2.49,,
    40.008011855,66375325021,,ref-cycles,750028207,2.49,,
    40.008011855,130742549060,,instructions,750028207,2.49,1.97,insn per cycle
    40.008011855,46326004511,,UOPS_EXECUTED.CORE_CYCLES_GE_1,750028133,2.49,,
    40.008011855,39892681127,,UOPS_EXECUTED.CORE_CYCLES_GE_2,750028133,2.49,,
    40.008011855,30426063062,,UOPS_EXECUTED.CORE_CYCLES_GE_3,750028133,2.49,,
    40.008011855,11497599329,,UOPS_RETIRED.MACRO_FUSED,750028133,2.49,,
    40.008011855,66375687438,,cpu-cycles,750028133,2.49,,
    40.008011855,66375694599,,ref-cycles,750028133,2.49,,
    40.008011855,130654708423,,instructions,750028133,2.49,1.97,insn per cycle
    40.008011855,122795280,,FP_ARITH_INST_RETIRED.SCALAR_SINGLE:u0x03,859780136,2.85,,
    40.008011855,52926100,,FP_ARITH_INST_RETIRED.128B_PACKED_DOUBLE:u0xfc,859780136,2.85,,
    40.008011855,55283014,,ICACHE_16B.IFDATA_STALL,859780136,2.85,,
    40.008011855,7203819,,ICACHE_16B.IFDATA_STALL:c1:e1,859780136,2.85,,
    40.008011855,66248191308,,cpu-cycles,859780136,2.85,,
    40.008011855,66248156143,,ref-cycles,859780136,2.85,,
    40.008011855,125228419827,,instructions,859780136,2.85,1.89,insn per cycle
    40.008011855,73636850,,L2_RQSTS.ALL_CODE_RD,807114804,2.67,,
    40.008011855,149,,ITLB_MISSES.WALK_COMPLETED_2M_4M,807114804,2.67,,
    40.008011855,1075056120,,L2_LINES_IN.ALL,807114804,2.67,,
    40.008011855,101708274,,MEM_LOAD_RETIRED.L2_MISS,807114804,2.67,,
    40.008011855,66308824598,,cpu-cycles,807114804,2.67,,
    40.008011855,66308827962,,ref-cycles,807114804,2.67,,
    40.008011855,127643852153,,instructions,807114804,2.67,1.92,insn per cycle
    40.008011855,3429563,,L2_RQSTS.CODE_RD_MISS,750027780,2.49,,
    40.008011855,0,,DTLB_LOAD_MISSES.WALK_COMPLETED_2M_4M,750027780,2.49,,
    40.008011855,120,,DTLB_LOAD_MISSES.WALK_COMPLETED_4K,750027780,2.49,,
    40.008011855,0,,DTLB_LOAD_MISSES.WALK_COMPLETED_1G,750027780,2.49,,
    40.008011855,66374998000,,cpu-cycles,750027780,2.49,,
    40.008011855,66375002908,,ref-cycles,750027780,2.49,,
    40.008011855,130698919635,,instructions,750027780,2.49,1.97,insn per cycle
    40.008011855,1034321166,,MEM_LOAD_RETIRED.FB_HIT,750027914,2.49,,
    40.008011855,0,,CYCLE_ACTIVITY.CYCLES_MEM_ANY,750027914,2.49,,
    40.008011855,13572736461,,CYCLE_ACTIVITY.CYCLES_L1D_MISS,750027914,2.49,,
    40.008011855,66375366313,,cpu-cycles,750027914,2.49,,
    40.008011855,66375366796,,ref-cycles,750027914,2.49,,
    40.008011855,130753734491,,instructions,750027914,2.49,1.97,insn per cycle
    40.008011855,6409872633,,IDQ.MS_UOPS,862246399,2.86,,
    40.008011855,6454029,,ICACHE_64B.IFTAG_STALL,862246399,2.86,,
    40.008011855,34004802,,DTLB_LOAD_MISSES.STLB_HIT:c1,862246399,2.86,,
    40.008011855,66376204419,,cpu-cycles,862246399,2.86,,
    40.008011855,66376163441,,ref-cycles,862246399,2.86,,
    40.008011855,130705201455,,instructions,862246399,2.86,1.97,insn per cycle
    40.008011855,57252015,,ICACHE_16B.IFDATA_STALL,1500056231,4.97,,
    40.008011855,7224603,,ICACHE_16B.IFDATA_STALL:c1:e1,1500056231,4.97,,
    40.008011855,379325720,,ARITH.DIVIDER_ACTIVE,1500056231,4.97,,
    40.008011855,20065973142,,UOPS_EXECUTED.CORE_CYCLES_NONE,1500056231,4.97,,
    40.008011855,66373285031,,cpu-cycles,1500056231,4.97,,
    40.008011855,66373285031,,ref-cycles,1500056231,4.97,,
    40.008011855,130606582979,,instructions,1500056231,4.97,1.97,insn per cycle
    40.008011855,754266447,,CPU_CLK_THREAD_UNHALTED.ONE_THREAD_ACTIVE,1500055699,4.97,,
    40.008011855,754266447,,CPU_CLK_THREAD_UNHALTED.REF_XCLK_ANY,1500055699,4.97,,
    40.008011855,40889352,,cpu-cycles:k,1500055699,4.97,,
    40.008011855,40965668,,ref-cycles:k,1500055699,4.97,,
    40.008011855,34086938,,instructions:k,1500055699,4.97,0.64,insn per cycle
    40.008011855,76940557083,,IDQ.DSB_UOPS,1500056057,4.97,,
    40.008011855,53949794819,,IDQ.MITE_UOPS,1500056057,4.97,,
    40.008011855,0,,LSD.UOPS,1500056057,4.97,,
    40.008011855,66375844883,,cpu-cycles,1500056057,4.97,,
    40.008011855,66375840599,,ref-cycles,1500056057,4.97,,
    40.008011855,130796514124,,instructions,1500056057,4.97,1.97,insn per cycle
    40.008011855,20804821714,,IDQ.ALL_MITE_CYCLES_ANY_UOPS,1500058087,4.97,,
    40.008011855,8717789445,,IDQ.ALL_MITE_CYCLES_4_UOPS,1500058087,4.97,,
    40.008011855,66375726053,,cpu-cycles,1500058087,4.97,,
    40.008011855,66375728688,,ref-cycles,1500058087,4.97,,
    40.008011855,130724641537,,instructions,1500058087,4.97,1.97,insn per cycle
    40.008011855,16757181478,,IDQ.ALL_DSB_CYCLES_ANY_UOPS,1500056288,4.97,,
    40.008011855,13161932875,,IDQ.ALL_DSB_CYCLES_4_UOPS,1500056288,4.97,,
    40.008011855,66375922420,,cpu-cycles,1500056288,4.97,,
    40.008011855,66375924914,,ref-cycles,1500056288,4.97,,
    40.008011855,130619773945,,instructions,1500056288,4.97,1.97,insn per cycle
    40.008011855,2194031,,MEM_LOAD_L3_HIT_RETIRED.XSNP_HIT,1500055743,4.97,,
    40.008011855,50143189,,MEM_LOAD_L3_HIT_RETIRED.XSNP_HITM,1500055743,4.97,,
    40.008011855,66375916789,,cpu-cycles,1500055743,4.97,,
    40.008011855,66375914234,,ref-cycles,1500055743,4.97,,
    40.008011855,130680207420,,instructions,1500055743,4.97,1.97,insn per cycle
    40.008011855,45862374,,UOPS_EXECUTED.X87,1500056497,4.97,,
    40.008011855,148678632840,,UOPS_EXECUTED.THREAD,1500056497,4.97,,
    40.008011855,66376135514,,cpu-cycles,1500056497,4.97,,
    40.008011855,66376136137,,ref-cycles,1500056497,4.97,,
    40.008011855,130723923225,,instructions,1500056497,4.97,1.97,insn per cycle
    40.008011855,<not supported>,,cstate_core/c6-residency/,0,100.00,,
    40.008011855,<not supported>,,cstate_pkg/c6-residency/,0,100.00,,
    45.008877258,66381096874,,CORE_POWER.LVL0_TURBO_LICENSE,1396405030,4.63,,
    45.008877258,0,,CORE_POWER.LVL1_TURBO_LICENSE,1396405030,4.63,,
    45.008877258,0,,CORE_POWER.LVL2_TURBO_LICENSE,1396405030,4.63,,
    45.008877258,2888852238,,L1D.REPLACEMENT,1396405030,4.63,,
    45.008877258,66381163908,,cpu-cycles,1396405030,4.63,,
    45.008877258,66381178840,,ref-cycles,1396405030,4.63,,
    45.008877258,130772293818,,instructions,1396405030,4.63,1.97,insn per cycle
    45.008877258,9189877,,MACHINE_CLEARS.COUNT,750027940,2.49,,
    45.008877258,32871891,,BR_MISP_RETIRED.ALL_BRANCHES,750027940,2.49,,
    45.008877258,228803387,,INT_MISC.CLEAR_RESTEER_CYCLES,750027940,2.49,,
    45.008877258,42732544288,,MEM_LOAD_RETIRED.L1_HIT,750027940,2.49,,
    45.008877258,66380576351,,cpu-cycles,750027940,2.49,,
    45.008877258,66380579771,,ref-cycles,750027940,2.49,,
    45.008877258,130830100521,,instructions,750027940,2.49,1.97,insn per cycle
    45.008877258,137085641153,,UOPS_ISSUED.ANY,750028626,2.49,,
    45.008877258,133729464521,,UOPS_RETIRED.RETIRE_SLOTS,750028626,2.49,,
    45.008877258,245946433,,INT_MISC.RECOVERY_CYCLES_ANY,750028626,2.49,,
    45.008877258,245946433,,INT_MISC.RECOVERY_CYCLES,750028626,2.49,,
    45.008877258,66380731660,,cpu-cycles,750028626,2.49,,
    45.008877258,66380729367,,ref-cycles,750028626,2.49,,
    45.008877258,130811571087,,instructions,750028626,2.49,1.97,insn per cycle
    45.008877258,66380212014,,CPU_CLK_UNHALTED.THREAD_ANY,750027845,2.49,,
    45.008877258,27651624339,,IDQ_UOPS_NOT_DELIVERED.CORE,750027845,2.49,,
    45.008877258,16149414522,,CYCLE_ACTIVITY.STALLS_MEM_ANY,750027845,2.49,,
    45.008877258,19967885213,,CYCLE_ACTIVITY.STALLS_TOTAL,750027845,2.49,,
    45.008877258,66380212014,,cpu-cycles,750027845,2.49,,
    45.008877258,66380217406,,ref-cycles,750027845,2.49,,
    45.008877258,130834225743,,instructions,750027845,2.49,1.97,insn per cycle
    45.008877258,6403133676,,EXE_ACTIVITY.1_PORTS_UTIL,750029008,2.49,,
    45.008877258,9451572541,,EXE_ACTIVITY.2_PORTS_UTIL,750029008,2.49,,
    45.008877258,2470713305,,EXE_ACTIVITY.BOUND_ON_STORES,750029008,2.49,,
    45.008877258,454640467,,EXE_ACTIVITY.EXE_BOUND_0_PORTS,750029008,2.49,,
    45.008877258,66380429186,,cpu-cycles,750029008,2.49,,
    45.008877258,66380434295,,ref-cycles,750029008,2.49,,
    45.008877258,130718141874,,instructions,750029008,2.49,1.97,insn per cycle
    45.008877258,699733179,,MEM_LOAD_RETIRED.L2_HIT,750027765,2.49,,
    45.008877258,1042169132,,MEM_LOAD_RETIRED.FB_HIT,750027765,2.49,,
    45.008877258,809039417,,MEM_LOAD_RETIRED.L1_MISS,750027765,2.49,,
    45.008877258,657404911,,L1D_PEND_MISS.FB_FULL:c1,750027765,2.49,,
    45.008877258,66380268305,,cpu-cycles,750027765,2.49,,
    45.008877258,66380269230,,ref-cycles,750027765,2.49,,
    45.008877258,130749759922,,instructions,750027765,2.49,1.97,insn per cycle
    45.008877258,7991432149,,CYCLE_ACTIVITY.STALLS_L1D_MISS,750028129,2.49,,
    45.008877258,7136650745,,CYCLE_ACTIVITY.STALLS_L2_MISS,750028129,2.49,,
    45.008877258,33696168,,CYCLE_ACTIVITY.STALLS_L3_MISS,750028129,2.49,,
    45.008877258,17270843528,,OFFCORE_REQUESTS_OUTSTANDING.CYCLES_WITH_DEMAND_RFO,750028129,2.49,,
    45.008877258,66380298023,,cpu-cycles,750028129,2.49,,
    45.008877258,66380302811,,ref-cycles,750028129,2.49,,
    45.008877258,130759950783,,instructions,750028129,2.49,1.97,insn per cycle
    45.008877258,84489,,ITLB_MISSES.WALK_COMPLETED,750028008,2.49,,
    45.008877258,2217494,,ITLB_MISSES.WALK_ACTIVE,750028008,2.49,,
    45.008877258,40,,DTLB_LOAD_MISSES.WALK_COMPLETED,750028008,2.49,,
    45.008877258,1655275,,DTLB_LOAD_MISSES.WALK_ACTIVE,750028008,2.49,,
    45.008877258,66380523796,,cpu-cycles,750028008,2.49,,
    45.008877258,66380526130,,ref-cycles,750028008,2.49,,
    45.008877258,130777932916,,instructions,750028008,2.49,1.97,insn per cycle
    45.008877258,35,,DTLB_STORE_MISSES.WALK_COMPLETED,857892317,2.84,,
    45.008877258,15863,,DTLB_STORE_MISSES.WALK_ACTIVE,857892317,2.84,,
    45.008877258,1786502230,,IDQ_UOPS_NOT_DELIVERED.CYCLES_0_UOPS_DELIV.CORE,857892317,2.84,,
    45.008877258,6261528,,BACLEARS.ANY,857892317,2.84,,
    45.008877258,66380986120,,cpu-cycles,857892317,2.84,,
    45.008877258,66380978205,,ref-cycles,857892317,2.84,,
    45.008877258,130737950173,,instructions,857892317,2.84,1.97,insn per cycle
    45.008877258,40548372,,MEM_INST_RETIRED.LOCK_LOADS,1500056381,4.97,,
    45.008877258,872576310,,L2_RQSTS.ALL_RFO,1500056381,4.97,,
    45.008877258,17410493540,,MEM_INST_RETIRED.ALL_STORES,1500056381,4.97,,
    45.008877258,297493058,,L2_RQSTS.RFO_HIT,1500056381,4.97,,
    45.008877258,66378632663,,cpu-cycles,1500056381,4.97,,
    45.008877258,66378632542,,ref-cycles,1500056381,4.97,,
    45.008877258,130753178896,,instructions,1500056381,4.97,1.97,insn per cycle
    45.008877258,41118,,OFFCORE_REQUESTS_OUTSTANDING.L3_MISS_DEMAND_DATA_RD_GE_6,1500055852,4.97,,
    45.008877258,45575910,,OFFCORE_REQUESTS_OUTSTANDING.CYCLES_WITH_L3_MISS_DEMAND_DATA_RD,1500055852,4.97,,
    45.008877258,66380802383,,cpu-cycles,1500055852,4.97,,
    45.008877258,66380801176,,ref-cycles,1500055852,4.97,,
    45.008877258,130735176450,,instructions,1500055852,4.97,1.97,insn per cycle
    45.008877258,46392390036,,UOPS_EXECUTED.CORE_CYCLES_GE_1,1500056398,4.97,,
    45.008877258,39932088172,,UOPS_EXECUTED.CORE_CYCLES_GE_2,1500056398,4.97,,
    45.008877258,30487522346,,UOPS_EXECUTED.CORE_CYCLES_GE_3,1500056398,4.97,,
    45.008877258,11508588991,,UOPS_RETIRED.MACRO_FUSED,1500056398,4.97,,
    45.008877258,66381018479,,cpu-cycles,1500056398,4.97,,
    45.008877258,66381017754,,ref-cycles,1500056398,4.97,,
    45.008877258,130852230829,,instructions,1500056398,4.97,1.97,insn per cycle
    45.008877258,88953166,,FP_ARITH_INST_RETIRED.SCALAR_SINGLE:u0x03,1500057306,4.97,,
    45.008877258,44182781,,FP_ARITH_INST_RETIRED.128B_PACKED_DOUBLE:u0xfc,1500057306,4.97,,
    45.008877258,56576659,,ICACHE_16B.IFDATA_STALL,1500057306,4.97,,
    45.008877258,7160670,,ICACHE_16B.IFDATA_STALL:c1:e1,1500057306,4.97,,
    45.008877258,66380465937,,cpu-cycles,1500057306,4.97,,
    45.008877258,66380463925,,ref-cycles,1500057306,4.97,,
    45.008877258,130693309277,,instructions,1500057306,4.97,1.97,insn per cycle
    45.008877258,75666338,,L2_RQSTS.ALL_CODE_RD,1563863764,5.18,,
    45.008877258,0,,ITLB_MISSES.WALK_COMPLETED_2M_4M,1563863764,5.18,,
    45.008877258,1111255308,,L2_LINES_IN.ALL,1563863764,5.18,,
    45.008877258,104919897,,MEM_LOAD_RETIRED.L2_MISS,1563863764,5.18,,
    45.008877258,66343437031,,cpu-cycles,1563863764,5.18,,
    45.008877258,66343430837,,ref-cycles,1563863764,5.18,,
    45.008877258,128988318102,,instructions,1563863764,5.18,1.94,insn per cycle
    45.008877258,3298632,,L2_RQSTS.CODE_RD_MISS,1605914377,5.32,,
    45.008877258,0,,DTLB_LOAD_MISSES.WALK_COMPLETED_2M_4M,1605914377,5.32,,
    45.008877258,56,,DTLB_LOAD_MISSES.WALK_COMPLETED_4K,1605914377,5.32,,
    45.008877258,0,,DTLB_LOAD_MISSES.WALK_COMPLETED_1G,1605914377,5.32,,
    45.008877258,66320673999,,cpu-cycles,1605914377,5.32,,
    45.008877258,66320674281,,ref-cycles,1605914377,5.32,,
    45.008877258,127904083169,,instructions,1605914377,5.32,1.93,insn per cycle
    45.008877258,1039341438,,MEM_LOAD_RETIRED.FB_HIT,1500055598,4.97,,
    45.008877258,0,,CYCLE_ACTIVITY.CYCLES_MEM_ANY,1500055598,4.97,,
    45.008877258,13600294104,,CYCLE_ACTIVITY.CYCLES_L1D_MISS,1500055598,4.97,,
    45.008877258,66380566488,,cpu-cycles,1500055598,4.97,,
    45.008877258,66380565140,,ref-cycles,1500055598,4.97,,
    45.008877258,130709475590,,instructions,1500055598,4.97,1.97,insn per cycle
    45.008877258,6410067757,,IDQ.MS_UOPS,1500057633,4.97,,
    45.008877258,6120486,,ICACHE_64B.IFTAG_STALL,1500057633,4.97,,
    45.008877258,33715660,,DTLB_LOAD_MISSES.STLB_HIT:c1,1500057633,4.97,,
    45.008877258,66380948458,,cpu-cycles,1500057633,4.97,,
    45.008877258,66380950530,,ref-cycles,1500057633,4.97,,
    45.008877258,130663537265,,instructions,1500057633,4.97,1.97,insn per cycle
    45.008877258,56713232,,ICACHE_16B.IFDATA_STALL,1500056445,4.97,,
    45.008877258,7119296,,ICACHE_16B.IFDATA_STALL:c1:e1,1500056445,4.97,,
    45.008877258,381745814,,ARITH.DIVIDER_ACTIVE,1500056445,4.97,,
    45.008877258,20017476094,,UOPS_EXECUTED.CORE_CYCLES_NONE,1500056445,4.97,,
    45.008877258,66380865599,,cpu-cycles,1500056445,4.97,,
    45.008877258,66380866887,,ref-cycles,1500056445,4.97,,
    45.008877258,130791924935,,instructions,1500056445,4.97,1.97,insn per cycle
    45.008877258,754329684,,CPU_CLK_THREAD_UNHALTED.ONE_THREAD_ACTIVE,1500055984,4.97,,
    45.008877258,754329684,,CPU_CLK_THREAD_UNHALTED.REF_XCLK_ANY,1500055984,4.97,,
    45.008877258,41364129,,cpu-cycles:k,1500055984,4.97,,
    45.008877258,41369098,,ref-cycles:k,1500055984,4.97,,
    45.008877258,34268362,,instructions:k,1500055984,4.97,0.66,insn per cycle
    45.008877258,76764351149,,IDQ.DSB_UOPS,1500056387,4.97,,
    45.008877258,54050502691,,IDQ.MITE_UOPS,1500056387,4.97,,
    45.008877258,0,,LSD.UOPS,1500056387,4.97,,
    45.008877258,66381338055,,cpu-cycles,1500056387,4.97,,
    45.008877258,66381338236,,ref-cycles,1500056387,4.97,,
    45.008877258,130745216526,,instructions,1500056387,4.97,1.97,insn per cycle
    45.008877258,20835431470,,IDQ.ALL_MITE_CYCLES_ANY_UOPS,1500025344,4.97,,
    45.008877258,8711349343,,IDQ.ALL_MITE_CYCLES_4_UOPS,1500025344,4.97,,
    45.008877258,66379471000,,cpu-cycles,1500025344,4.97,,
    45.008877258,66379469893,,ref-cycles,1500025344,4.97,,
    45.008877258,130780057891,,instructions,1500025344,4.97,1.97,insn per cycle
    45.008877258,16791096083,,IDQ.ALL_DSB_CYCLES_ANY_UOPS,1500057470,4.97,,
    45.008877258,13193890444,,IDQ.ALL_DSB_CYCLES_4_UOPS,1500057470,4.97,,
    45.008877258,66381593756,,cpu-cycles,1500057470,4.97,,
    45.008877258,66381594058,,ref-cycles,1500057470,4.97,,
    45.008877258,130776525197,,instructions,1500057470,4.97,1.97,insn per cycle
    45.008877258,2207531,,MEM_LOAD_L3_HIT_RETIRED.XSNP_HIT,1500054586,4.97,,
    45.008877258,50219096,,MEM_LOAD_L3_HIT_RETIRED.XSNP_HITM,1500054586,4.97,,
    45.008877258,66381441705,,cpu-cycles,1500054586,4.97,,
    45.008877258,66381443314,,ref-cycles,1500054586,4.97,,
    45.008877258,130698821960,,instructions,1500054586,4.97,1.97,insn per cycle
    45.008877258,46075356,,UOPS_EXECUTED.X87,1500056221,4.97,,
    45.008877258,148741346376,,UOPS_EXECUTED.THREAD,1500056221,4.97,,
    45.008877258,66381426568,,cpu-cycles,1500056221,4.97,,
    45.008877258,66381425281,,ref-cycles,1500056221,4.97,,
    45.008877258,130762714743,,instructions,1500056221,4.97,1.97,insn per cycle
    45.008877258,<not supported>,,cstate_core/c6-residency/,0,100.00,,
    45.008877258,<not supported>,,cstate_pkg/c6-residency/,0,100.00,,
    50.009735672,66374389199,,CORE_POWER.LVL0_TURBO_LICENSE,853882599,2.83,,
    50.009735672,0,,CORE_POWER.LVL1_TURBO_LICENSE,853882599,2.83,,
    50.009735672,0,,CORE_POWER.LVL2_TURBO_LICENSE,853882599,2.83,,
    50.009735672,2886444219,,L1D.REPLACEMENT,853882599,2.83,,
    50.009735672,66374279576,,cpu-cycles,853882599,2.83,,
    50.009735672,66374244731,,ref-cycles,853882599,2.83,,
    50.009735672,130665776547,,instructions,853882599,2.83,1.97,insn per cycle
    50.009735672,9201024,,MACHINE_CLEARS.COUNT,1500056109,4.97,,
    50.009735672,32889954,,BR_MISP_RETIRED.ALL_BRANCHES,1500056109,4.97,,
    50.009735672,228849960,,INT_MISC.CLEAR_RESTEER_CYCLES,1500056109,4.97,,
    50.009735672,42715854597,,MEM_LOAD_RETIRED.L1_HIT,1500056109,4.97,,
    50.009735672,66378119717,,cpu-cycles,1500056109,4.97,,
    50.009735672,66378117404,,ref-cycles,1500056109,4.97,,
    50.009735672,130781929887,,instructions,1500056109,4.97,1.97,insn per cycle
    50.009735672,136949212192,,UOPS_ISSUED.ANY,1500055647,4.97,,
    50.009735672,133614649413,,UOPS_RETIRED.RETIRE_SLOTS,1500055647,4.97,,
    50.009735672,244400723,,INT_MISC.RECOVERY_CYCLES_ANY,1500055647,4.97,,
    50.009735672,244400723,,INT_MISC.RECOVERY_CYCLES,1500055647,4.97,,
    50.009735672,66380070492,,cpu-cycles,1500055647,4.97,,
    50.009735672,66380072443,,ref-cycles,1500055647,4.97,,
    50.009735672,130688413723,,instructions,1500055647,4.97,1.97,insn per cycle
    50.009735672,66380233995,,CPU_CLK_UNHALTED.THREAD_ANY,1500056552,4.97,,
    50.009735672,27432388361,,IDQ_UOPS_NOT_DELIVERED.CORE,1500056552,4.97,,
    50.009735672,16152078045,,CYCLE_ACTIVITY.STALLS_MEM_ANY,1500056552,4.97,,
    50.009735672,20016148113,,CYCLE_ACTIVITY.STALLS_TOTAL,1500056552,4.97,,
    50.009735672,66380233995,,cpu-cycles,1500056552,4.97,,
    50.009735672,66380236429,,ref-cycles,1500056552,4.97,,
    50.009735672,130768656400,,instructions,1500056552,4.97,1.97,insn per cycle
    50.009735672,6409998681,,EXE_ACTIVITY.1_PORTS_UTIL,1500019046,4.97,,
    50.009735672,9451332955,,EXE_ACTIVITY.2_PORTS_UTIL,1500019046,4.97,,
    50.009735672,2472669514,,EXE_ACTIVITY.BOUND_ON_STORES,1500019046,4.97,,
    50.009735672,482985409,,EXE_ACTIVITY.EXE_BOUND_0_PORTS,1500019046,4.97,,
    50.009735672,66378341554,,cpu-cycles,1500019046,4.97,,
    50.009735672,66378342701,,ref-cycles,1500019046,4.97,,
    50.009735672,130803952832,,instructions,1500019046,4.97,1.97,insn per cycle
    50.009735672,697641741,,MEM_LOAD_RETIRED.L2_HIT,1500056235,4.97,,
    50.009735672,1039252428,,MEM_LOAD_RETIRED.FB_HIT,1500056235,4.97,,
    50.009735672,806970684,,MEM_LOAD_RETIRED.L1_MISS,1500056235,4.97,,
    50.009735672,659305864,,L1D_PEND_MISS.FB_FULL:c1,1500056235,4.97,,
    50.009735672,66380447434,,cpu-cycles,1500056235,4.97,,
    50.009735672,66380447635,,ref-cycles,1500056235,4.97,,
    50.009735672,130623455161,,instructions,1500056235,4.97,1.97,insn per cycle
    50.009735672,7957265213,,CYCLE_ACTIVITY.STALLS_L1D_MISS,1500056200,4.97,,
    50.009735672,7109866727,,CYCLE_ACTIVITY.STALLS_L2_MISS,1500056200,4.97,,
    50.009735672,33101548,,CYCLE_ACTIVITY.STALLS_L3_MISS,1500056200,4.97,,
    50.009735672,17287281439,,OFFCORE_REQUESTS_OUTSTANDING.CYCLES_WITH_DEMAND_RFO,1500056200,4.97,,
    50.009735672,66380311114,,cpu-cycles,1500056200,4.97,,
    50.009735672,66380314393,,ref-cycles,1500056200,4.97,,
    50.009735672,130811286301,,instructions,1500056200,4.97,1.97,insn per cycle
    50.009735672,83060,,ITLB_MISSES.WALK_COMPLETED,1500056000,4.97,,
    50.009735672,2208085,,ITLB_MISSES.WALK_ACTIVE,1500056000,4.97,,
    50.009735672,0,,DTLB_LOAD_MISSES.WALK_COMPLETED,1500056000,4.97,,
    50.009735672,1596021,,DTLB_LOAD_MISSES.WALK_ACTIVE,1500056000,4.97,,
    50.009735672,66380330235,,cpu-cycles,1500056000,4.97,,
    50.009735672,66380331864,,ref-cycles,1500056000,4.97,,
    50.009735672,130813043611,,instructions,1500056000,4.97,1.97,insn per cycle
    50.009735672,523,,DTLB_STORE_MISSES.WALK_COMPLETED,1500058060,4.97,,
    50.009735672,115528,,DTLB_STORE_MISSES.WALK_ACTIVE,1500058060,4.97,,
    50.009735672,1762300435,,IDQ_UOPS_NOT_DELIVERED.CYCLES_0_UOPS_DELIV.CORE,1500058060,4.97,,
    50.009735672,5825727,,BACLEARS.ANY,1500058060,4.97,,
    50.009735672,66380529907,,cpu-cycles,1500058060,4.97,,
    50.009735672,66380527231,,ref-cycles,1500058060,4.97,,
    50.009735672,130757983253,,instructions,1500058060,4.97,1.97,insn per cycle
    50.009735672,40595348,,MEM_INST_RETIRED.LOCK_LOADS,1500056083,4.97,,
    50.009735672,871572393,,L2_RQSTS.ALL_RFO,1500056083,4.97,,
    50.009735672,17398836474,,MEM_INST_RETIRED.ALL_STORES,1500056083,4.97,,
    50.009735672,296944514,,L2_RQSTS.RFO_HIT,1500056083,4.97,,
    50.009735672,66379867288,,cpu-cycles,1500056083,4.97,,
    50.009735672,66379868415,,ref-cycles,1500056083,4.97,,
    50.009735672,130660135646,,instructions,1500056083,4.97,1.97,insn per cycle
    50.009735672,34962,,OFFCORE_REQUESTS_OUTSTANDING.L3_MISS_DEMAND_DATA_RD_GE_6,1500055903,4.97,,
    50.009735672,45510007,,OFFCORE_REQUESTS_OUTSTANDING.CYCLES_WITH_L3_MISS_DEMAND_DATA_RD,1500055903,4.97,,
    50.009735672,66380788982,,cpu-cycles,1500055903,4.97,,
    50.009735672,66380789505,,ref-cycles,1500055903,4.97,,
    50.009735672,130849364056,,instructions,1500055903,4.97,1.97,insn per cycle
    50.009735672,46368093034,,UOPS_EXECUTED.CORE_CYCLES_GE_1,1500056304,4.97,,
    50.009735672,39926534829,,UOPS_EXECUTED.CORE_CYCLES_GE_2,1500056304,4.97,,
    50.009735672,30456520824,,UOPS_EXECUTED.CORE_CYCLES_GE_3,1500056304,4.97,,
    50.009735672,11501158284,,UOPS_RETIRED.MACRO_FUSED,1500056304,4.97,,
    50.009735672,66381129622,,cpu-cycles,1500056304,4.97,,
    50.009735672,66381129663,,ref-cycles,1500056304,4.97,,
    50.009735672,130770333511,,instructions,1500056304,4.97,1.97,insn per cycle
    50.009735672,88928343,,FP_ARITH_INST_RETIRED.SCALAR_SINGLE:u0x03,1500020763,4.97,,
    50.009735672,44170241,,FP_ARITH_INST_RETIRED.128B_PACKED_DOUBLE:u0xfc,1500020763,4.97,,
    50.009735672,58135639,,ICACHE_16B.IFDATA_STALL,1500020763,4.97,,
    50.009735672,7344262,,ICACHE_16B.IFDATA_STALL:c1:e1,1500020763,4.97,,
    50.009735672,66378796896,,cpu-cycles,1500020763,4.97,,
    50.009735672,66378795045,,ref-cycles,1500020763,4.97,,
    50.009735672,130721187375,,instructions,1500020763,4.97,1.97,insn per cycle
    50.009735672,77023006,,L2_RQSTS.ALL_CODE_RD,1500056110,4.97,,
    50.009735672,0,,ITLB_MISSES.WALK_COMPLETED_2M_4M,1500056110,4.97,,
    50.009735672,1159452824,,L2_LINES_IN.ALL,1500056110,4.97,,
    50.009735672,109410084,,MEM_LOAD_RETIRED.L2_MISS,1500056110,4.97,,
    50.009735672,66380793918,,cpu-cycles,1500056110,4.97,,
    50.009735672,66380794019,,ref-cycles,1500056110,4.97,,
    50.009735672,130694118440,,instructions,1500056110,4.97,1.97,insn per cycle
    50.009735672,3171878,,L2_RQSTS.CODE_RD_MISS,1669685999,5.53,,
    50.009735672,542,,DTLB_LOAD_MISSES.WALK_COMPLETED_2M_4M,1669685999,5.53,,
    50.009735672,3921,,DTLB_LOAD_MISSES.WALK_COMPLETED_4K,1669685999,5.53,,
    50.009735672,90,,DTLB_LOAD_MISSES.WALK_COMPLETED_1G,1669685999,5.53,,
    50.009735672,66285292124,,cpu-cycles,1669685999,5.53,,
    50.009735672,66285326354,,ref-cycles,1669685999,5.53,,
    50.009735672,126451159477,,instructions,1669685999,5.53,1.91,insn per cycle
    50.009735672,1041226810,,MEM_LOAD_RETIRED.FB_HIT,1500056044,4.97,,
    50.009735672,0,,CYCLE_ACTIVITY.CYCLES_MEM_ANY,1500056044,4.97,,
    50.009735672,13590831253,,CYCLE_ACTIVITY.CYCLES_L1D_MISS,1500056044,4.97,,
    50.009735672,66380974447,,cpu-cycles,1500056044,4.97,,
    50.009735672,66380974829,,ref-cycles,1500056044,4.97,,
    50.009735672,130721506358,,instructions,1500056044,4.97,1.97,insn per cycle
    50.009735672,6434495385,,IDQ.MS_UOPS,1403539983,4.65,,
    50.009735672,8137689,,ICACHE_64B.IFTAG_STALL,1403539983,4.65,,
    50.009735672,33712554,,DTLB_LOAD_MISSES.STLB_HIT:c1,1403539983,4.65,,
    50.009735672,66381238065,,cpu-cycles,1403539983,4.65,,
    50.009735672,66381272100,,ref-cycles,1403539983,4.65,,
    50.009735672,130656651490,,instructions,1403539983,4.65,1.97,insn per cycle
    50.009735672,56405582,,ICACHE_16B.IFDATA_STALL,750028229,2.49,,
    50.009735672,7143491,,ICACHE_16B.IFDATA_STALL:c1:e1,750028229,2.49,,
    50.009735672,376436173,,ARITH.DIVIDER_ACTIVE,750028229,2.49,,
    50.009735672,20064828047,,UOPS_EXECUTED.CORE_CYCLES_NONE,750028229,2.49,,
    50.009735672,66380963574,,cpu-cycles,750028229,2.49,,
    50.009735672,66380962528,,ref-cycles,750028229,2.49,,
    50.009735672,130688509438,,instructions,750028229,2.49,1.97,insn per cycle
    50.009735672,754329913,,CPU_CLK_THREAD_UNHALTED.ONE_THREAD_ACTIVE,750027893,2.49,,
    50.009735672,754329913,,CPU_CLK_THREAD_UNHALTED.REF_XCLK_ANY,750027893,2.49,,
    50.009735672,40725052,,cpu-cycles:k,750027893,2.49,,
    50.009735672,40733984,,ref-cycles:k,750027893,2.49,,
    50.009735672,34091437,,instructions:k,750027893,2.49,0.67,insn per cycle
    50.009735672,76900575749,,IDQ.DSB_UOPS,750028348,2.49,,
    50.009735672,53949269915,,IDQ.MITE_UOPS,750028348,2.49,,
    50.009735672,0,,LSD.UOPS,750028348,2.49,,
    50.009735672,66381656992,,cpu-cycles,750028348,2.49,,
    50.009735672,66381662384,,ref-cycles,750028348,2.49,,
    50.009735672,130766401816,,instructions,750028348,2.49,1.97,insn per cycle
    50.009735672,20796833108,,IDQ.ALL_MITE_CYCLES_ANY_UOPS,750028821,2.49,,
    50.009735672,8733746519,,IDQ.ALL_MITE_CYCLES_4_UOPS,750028821,2.49,,
    50.009735672,66381465796,,cpu-cycles,750028821,2.49,,
    50.009735672,66381470463,,ref-cycles,750028821,2.49,,
    50.009735672,130865741278,,instructions,750028821,2.49,1.97,insn per cycle
    50.009735672,16756178528,,IDQ.ALL_DSB_CYCLES_ANY_UOPS,750027843,2.49,,
    50.009735672,13161011969,,IDQ.ALL_DSB_CYCLES_4_UOPS,750027843,2.49,,
    50.009735672,66381717964,,cpu-cycles,750027843,2.49,,
    50.009735672,66381717682,,ref-cycles,750027843,2.49,,
    50.009735672,130719196512,,instructions,750027843,2.49,1.97,insn per cycle
    50.009735672,2222379,,MEM_LOAD_L3_HIT_RETIRED.XSNP_HIT,750028055,2.49,,
    50.009735672,50463548,,MEM_LOAD_L3_HIT_RETIRED.XSNP_HITM,750028055,2.49,,
    50.009735672,66381983987,,cpu-cycles,750028055,2.49,,
    50.009735672,66381978796,,ref-cycles,750028055,2.49,,
    50.009735672,130677366297,,instructions,750028055,2.49,1.97,insn per cycle
    50.009735672,45684944,,UOPS_EXECUTED.X87,750027804,2.49,,
    50.009735672,148686267828,,UOPS_EXECUTED.THREAD,750027804,2.49,,
    50.009735672,66382262561,,cpu-cycles,750027804,2.49,,
    50.009735672,66382258698,,ref-cycles,750027804,2.49,,
    50.009735672,130732903022,,instructions,750027804,2.49,1.97,insn per cycle
    50.009735672,<not supported>,,cstate_core/c6-residency/,0,100.00,,
    50.009735672,<not supported>,,cstate_pkg/c6-residency/,0,100.00,,
    55.010615472,66378491485,,CORE_POWER.LVL0_TURBO_LICENSE,1500058057,4.97,,
    55.010615472,0,,CORE_POWER.LVL1_TURBO_LICENSE,1500058057,4.97,,
    55.010615472,0,,CORE_POWER.LVL2_TURBO_LICENSE,1500058057,4.97,,
    55.010615472,2887084969,,L1D.REPLACEMENT,1500058057,4.97,,
    55.010615472,66378491485,,cpu-cycles,1500058057,4.97,,
    55.010615472,66378491465,,ref-cycles,1500058057,4.97,,
    55.010615472,130687570486,,instructions,1500058057,4.97,1.97,insn per cycle
    55.010615472,9210801,,MACHINE_CLEARS.COUNT,1500055821,4.97,,
    55.010615472,32904167,,BR_MISP_RETIRED.ALL_BRANCHES,1500055821,4.97,,
    55.010615472,229632727,,INT_MISC.CLEAR_RESTEER_CYCLES,1500055821,4.97,,
    55.010615472,42701140408,,MEM_LOAD_RETIRED.L1_HIT,1500055821,4.97,,
    55.010615472,66377397329,,cpu-cycles,1500055821,4.97,,
    55.010615472,66377399924,,ref-cycles,1500055821,4.97,,
    55.010615472,130729780336,,instructions,1500055821,4.97,1.97,insn per cycle
    55.010615472,136877955635,,UOPS_ISSUED.ANY,1500055789,4.97,,
    55.010615472,133549185451,,UOPS_RETIRED.RETIRE_SLOTS,1500055789,4.97,,
    55.010615472,244550164,,INT_MISC.RECOVERY_CYCLES_ANY,1500055789,4.97,,
    55.010615472,244550164,,INT_MISC.RECOVERY_CYCLES,1500055789,4.97,,
    55.010615472,66377984847,,cpu-cycles,1500055789,4.97,,
    55.010615472,66377989715,,ref-cycles,1500055789,4.97,,
    55.010615472,130636017396,,instructions,1500055789,4.97,1.97,insn per cycle
    55.010615472,66377758474,,CPU_CLK_UNHALTED.THREAD_ANY,1500056313,4.97,,
    55.010615472,27493374408,,IDQ_UOPS_NOT_DELIVERED.CORE,1500056313,4.97,,
    55.010615472,16170692806,,CYCLE_ACTIVITY.STALLS_MEM_ANY,1500056313,4.97,,
    55.010615472,20049778264,,CYCLE_ACTIVITY.STALLS_TOTAL,1500056313,4.97,,
    55.010615472,66377758474,,cpu-cycles,1500056313,4.97,,
    55.010615472,66377756784,,ref-cycles,1500056313,4.97,,
    55.010615472,130675988268,,instructions,1500056313,4.97,1.97,insn per cycle
    55.010615472,6399000515,,EXE_ACTIVITY.1_PORTS_UTIL,1500057857,4.97,,
    55.010615472,9436928569,,EXE_ACTIVITY.2_PORTS_UTIL,1500057857,4.97,,
    55.010615472,2476623615,,EXE_ACTIVITY.BOUND_ON_STORES,1500057857,4.97,,
    55.010615472,494313915,,EXE_ACTIVITY.EXE_BOUND_0_PORTS,1500057857,4.97,,
    55.010615472,66377731055,,cpu-cycles,1500057857,4.97,,
    55.010615472,66377733630,,ref-cycles,1500057857,4.97,,
    55.010615472,130697721301,,instructions,1500057857,4.97,1.97,insn per cycle
    55.010615472,698088705,,MEM_LOAD_RETIRED.L2_HIT,1500055908,4.97,,
    55.010615472,1040157349,,MEM_LOAD_RETIRED.FB_HIT,1500055908,4.97,,
    55.010615472,807383461,,MEM_LOAD_RETIRED.L1_MISS,1500055908,4.97,,
    55.010615472,659049761,,L1D_PEND_MISS.FB_FULL:c1,1500055908,4.97,,
    55.010615472,66377452603,,cpu-cycles,1500055908,4.97,,
    55.010615472,66377453448,,ref-cycles,1500055908,4.97,,
    55.010615472,130671076743,,instructions,1500055908,4.97,1.97,insn per cycle
    55.010615472,7952828095,,CYCLE_ACTIVITY.STALLS_L1D_MISS,1500056716,4.97,,
    55.010615472,7101885814,,CYCLE_ACTIVITY.STALLS_L2_MISS,1500056716,4.97,,
    55.010615472,32533261,,CYCLE_ACTIVITY.STALLS_L3_MISS,1500056716,4.97,,
    55.010615472,17287192170,,OFFCORE_REQUESTS_OUTSTANDING.CYCLES_WITH_DEMAND_RFO,1500056716,4.97,,
    55.010615472,66377522612,,cpu-cycles,1500056716,4.97,,
    55.010615472,66377522089,,ref-cycles,1500056716,4.97,,
    55.010615472,130755123905,,instructions,1500056716,4.97,1.97,insn per cycle
    55.010615472,82755,,ITLB_MISSES.WALK_COMPLETED,1500056339,4.97,,
    55.010615472,2244944,,ITLB_MISSES.WALK_ACTIVE,1500056339,4.97,,
    55.010615472,60,,DTLB_LOAD_MISSES.WALK_COMPLETED,1500056339,4.97,,
    55.010615472,1633107,,DTLB_LOAD_MISSES.WALK_ACTIVE,1500056339,4.97,,
    55.010615472,66377798453,,cpu-cycles,1500056339,4.97,,
    55.010615472,66377797889,,ref-cycles,1500056339,4.97,,
    55.010615472,130618561454,,instructions,1500056339,4.97,1.97,insn per cycle
    55.010615472,21,,DTLB_STORE_MISSES.WALK_COMPLETED,1407903888,4.67,,
    55.010615472,14573,,DTLB_STORE_MISSES.WALK_ACTIVE,1407903888,4.67,,
    55.010615472,1766634251,,IDQ_UOPS_NOT_DELIVERED.CYCLES_0_UOPS_DELIV.CORE,1407903888,4.67,,
    55.010615472,5935334,,BACLEARS.ANY,1407903888,4.67,,
    55.010615472,66377509526,,cpu-cycles,1407903888,4.67,,
    55.010615472,66377516363,,ref-cycles,1407903888,4.67,,
    55.010615472,130667449103,,instructions,1407903888,4.67,1.97,insn per cycle
    55.010615472,40436768,,MEM_INST_RETIRED.LOCK_LOADS,750028269,2.49,,
    55.010615472,873516800,,L2_RQSTS.ALL_RFO,750028269,2.49,,
    55.010615472,17409236562,,MEM_INST_RETIRED.ALL_STORES,750028269,2.49,,
    55.010615472,298320687,,L2_RQSTS.RFO_HIT,750028269,2.49,,
    55.010615472,66377339125,,cpu-cycles,750028269,2.49,,
    55.010615472,66377339205,,ref-cycles,750028269,2.49,,
    55.010615472,130752335861,,instructions,750028269,2.49,1.97,insn per cycle
    55.010615472,41357,,OFFCORE_REQUESTS_OUTSTANDING.L3_MISS_DEMAND_DATA_RD_GE_6,750028294,2.49,,
    55.010615472,45437422,,OFFCORE_REQUESTS_OUTSTANDING.CYCLES_WITH_L3_MISS_DEMAND_DATA_RD,750028294,2.49,,
    55.010615472,66377752167,,cpu-cycles,750028294,2.49,,
    55.010615472,66377760213,,ref-cycles,750028294,2.49,,
    55.010615472,130673703973,,instructions,750028294,2.49,1.97,insn per cycle
    55.010615472,46341238594,,UOPS_EXECUTED.CORE_CYCLES_GE_1,750027883,2.49,,
    55.010615472,39916932239,,UOPS_EXECUTED.CORE_CYCLES_GE_2,750027883,2.49,,
    55.010615472,30448035687,,UOPS_EXECUTED.CORE_CYCLES_GE_3,750027883,2.49,,
    55.010615472,11498898546,,UOPS_RETIRED.MACRO_FUSED,750027883,2.49,,
    55.010615472,66377788568,,cpu-cycles,750027883,2.49,,
    55.010615472,66377792068,,ref-cycles,750027883,2.49,,
    55.010615472,130712829245,,instructions,750027883,2.49,1.97,insn per cycle
    55.010615472,89010937,,FP_ARITH_INST_RETIRED.SCALAR_SINGLE:u0x03,750028937,2.49,,
    55.010615472,44211398,,FP_ARITH_INST_RETIRED.128B_PACKED_DOUBLE:u0xfc,750028937,2.49,,
    55.010615472,58601804,,ICACHE_16B.IFDATA_STALL,750028937,2.49,,
    55.010615472,7367473,,ICACHE_16B.IFDATA_STALL:c1:e1,750028937,2.49,,
    55.010615472,66377390277,,cpu-cycles,750028937,2.49,,
    55.010615472,66377388185,,ref-cycles,750028937,2.49,,
    55.010615472,130673828696,,instructions,750028937,2.49,1.97,insn per cycle
    55.010615472,77298662,,L2_RQSTS.ALL_CODE_RD,750027864,2.49,,
    55.010615472,0,,ITLB_MISSES.WALK_COMPLETED_2M_4M,750027864,2.49,,
    55.010615472,1159272662,,L2_LINES_IN.ALL,750027864,2.49,,
    55.010615472,109206151,,MEM_LOAD_RETIRED.L2_MISS,750027864,2.49,,
    55.010615472,66377197999,,cpu-cycles,750027864,2.49,,
    55.010615472,66377202103,,ref-cycles,750027864,2.49,,
    55.010615472,130582494711,,instructions,750027864,2.49,1.97,insn per cycle
    55.010615472,3262652,,L2_RQSTS.CODE_RD_MISS,820626111,2.72,,
    55.010615472,0,,DTLB_LOAD_MISSES.WALK_COMPLETED_2M_4M,820626111,2.72,,
    55.010615472,110,,DTLB_LOAD_MISSES.WALK_COMPLETED_4K,820626111,2.72,,
    55.010615472,0,,DTLB_LOAD_MISSES.WALK_COMPLETED_1G,820626111,2.72,,
    55.010615472,66296652573,,cpu-cycles,820626111,2.72,,
    55.010615472,66296658088,,ref-cycles,820626111,2.72,,
    55.010615472,126949629752,,instructions,820626111,2.72,1.91,insn per cycle
    55.010615472,921354911,,MEM_LOAD_RETIRED.FB_HIT,847448576,2.81,,
    55.010615472,0,,CYCLE_ACTIVITY.CYCLES_MEM_ANY,847448576,2.81,,
    55.010615472,12047403996,,CYCLE_ACTIVITY.CYCLES_L1D_MISS,847448576,2.81,,
    55.010615472,66277313370,,cpu-cycles,847448576,2.81,,
    55.010615472,66277254157,,ref-cycles,847448576,2.81,,
    55.010615472,125744389010,,instructions,847448576,2.81,1.89,insn per cycle
    55.010615472,6410225508,,IDQ.MS_UOPS,846546537,2.81,,
    55.010615472,5931904,,ICACHE_64B.IFTAG_STALL,846546537,2.81,,
    55.010615472,33690237,,DTLB_LOAD_MISSES.STLB_HIT:c1,846546537,2.81,,
    55.010615472,66378045769,,cpu-cycles,846546537,2.81,,
    55.010615472,66377989202,,ref-cycles,846546537,2.81,,
    55.010615472,130700541251,,instructions,846546537,2.81,1.97,insn per cycle
    55.010615472,58364412,,ICACHE_16B.IFDATA_STALL,1500056294,4.97,,
    55.010615472,7308176,,ICACHE_16B.IFDATA_STALL:c1:e1,1500056294,4.97,,
    55.010615472,382817730,,ARITH.DIVIDER_ACTIVE,1500056294,4.97,,
    55.010615472,20032746950,,UOPS_EXECUTED.CORE_CYCLES_NONE,1500056294,4.97,,
    55.010615472,66375374653,,cpu-cycles,1500056294,4.97,,
    55.010615472,66375375196,,ref-cycles,1500056294,4.97,,
    55.010615472,130735981830,,instructions,1500056294,4.97,1.97,insn per cycle
    55.010615472,754289613,,CPU_CLK_THREAD_UNHALTED.ONE_THREAD_ACTIVE,1500055507,4.97,,
    55.010615472,754289613,,CPU_CLK_THREAD_UNHALTED.REF_XCLK_ANY,1500055507,4.97,,
    55.010615472,40886365,,cpu-cycles:k,1500055507,4.97,,
    55.010615472,40968637,,ref-cycles:k,1500055507,4.97,,
    55.010615472,34091959,,instructions:k,1500055507,4.97,0.68,insn per cycle
    55.010615472,76885328072,,IDQ.DSB_UOPS,1500056676,4.97,,
    55.010615472,53961235315,,IDQ.MITE_UOPS,1500056676,4.97,,
    55.010615472,0,,LSD.UOPS,1500056676,4.97,,
    55.010615472,66377826598,,cpu-cycles,1500056676,4.97,,
    55.010615472,66377830178,,ref-cycles,1500056676,4.97,,
    55.010615472,130763339630,,instructions,1500056676,4.97,1.97,insn per cycle
    55.010615472,20776862608,,IDQ.ALL_MITE_CYCLES_ANY_UOPS,1500027067,4.97,,
    55.010615472,8685110572,,IDQ.ALL_MITE_CYCLES_4_UOPS,1500027067,4.97,,
    55.010615472,66375976129,,cpu-cycles,1500027067,4.97,,
    55.010615472,66375976853,,ref-cycles,1500027067,4.97,,
    55.010615472,130688978986,,instructions,1500027067,4.97,1.97,insn per cycle
    55.010615472,16795520165,,IDQ.ALL_DSB_CYCLES_ANY_UOPS,1500054948,4.97,,
    55.010615472,13198821077,,IDQ.ALL_DSB_CYCLES_4_UOPS,1500054948,4.97,,
    55.010615472,66377987277,,cpu-cycles,1500054948,4.97,,
    55.010615472,66377988765,,ref-cycles,1500054948,4.97,,
    55.010615472,130731921593,,instructions,1500054948,4.97,1.97,insn per cycle
    55.010615472,2200629,,MEM_LOAD_L3_HIT_RETIRED.XSNP_HIT,1500057081,4.97,,
    55.010615472,50170399,,MEM_LOAD_L3_HIT_RETIRED.XSNP_HITM,1500057081,4.97,,
    55.010615472,66377967910,,cpu-cycles,1500057081,4.97,,
    55.010615472,66377968493,,ref-cycles,1500057081,4.97,,
    55.010615472,130723730163,,instructions,1500057081,4.97,1.97,insn per cycle
    55.010615472,45557555,,UOPS_EXECUTED.X87,1500055784,4.97,,
    55.010615472,148520659238,,UOPS_EXECUTED.THREAD,1500055784,4.97,,
    55.010615472,66377888433,,cpu-cycles,1500055784,4.97,,
    55.010615472,66377889861,,ref-cycles,1500055784,4.97,,
    55.010615472,130586433662,,instructions,1500055784,4.97,1.97,insn per cycle
    55.010615472,<not supported>,,cstate_core/c6-residency/,0,100.00,,
    55.010615472,<not supported>,,cstate_pkg/c6-residency/,0,100.00,,
    60.011517007,66377230779,,CORE_POWER.LVL0_TURBO_LICENSE,1412263403,4.68,,
    60.011517007,0,,CORE_POWER.LVL1_TURBO_LICENSE,1412263403,4.68,,
    60.011517007,0,,CORE_POWER.LVL2_TURBO_LICENSE,1412263403,4.68,,
    60.011517007,2885181897,,L1D.REPLACEMENT,1412263403,4.68,,
    60.011517007,66377297526,,cpu-cycles,1412263403,4.68,,
    60.011517007,66377312418,,ref-cycles,1412263403,4.68,,
    60.011517007,130657731608,,instructions,1412263403,4.68,1.97,insn per cycle
    60.011517007,9231532,,MACHINE_CLEARS.COUNT,750028021,2.49,,
    60.011517007,32779494,,BR_MISP_RETIRED.ALL_BRANCHES,750028021,2.49,,
    60.011517007,228275120,,INT_MISC.CLEAR_RESTEER_CYCLES,750028021,2.49,,
    60.011517007,42671227014,,MEM_LOAD_RETIRED.L1_HIT,750028021,2.49,,
    60.011517007,66376752810,,cpu-cycles,750028021,2.49,,
    60.011517007,66376751845,,ref-cycles,750028021,2.49,,
    60.011517007,130649963508,,instructions,750028021,2.49,1.97,insn per cycle
    60.011517007,136954314889,,UOPS_ISSUED.ANY,750027981,2.49,,
    60.011517007,133597155029,,UOPS_RETIRED.RETIRE_SLOTS,750027981,2.49,,
    60.011517007,246257542,,INT_MISC.RECOVERY_CYCLES_ANY,750027981,2.49,,
    60.011517007,246257542,,INT_MISC.RECOVERY_CYCLES,750027981,2.49,,
    60.011517007,66376912846,,cpu-cycles,750027981,2.49,,
    60.011517007,66376917915,,ref-cycles,750027981,2.49,,
    60.011517007,130682596689,,instructions,750027981,2.49,1.97,insn per cycle
    60.011517007,66376961000,,CPU_CLK_UNHALTED.THREAD_ANY,750028190,2.49,,
    60.011517007,27584676695,,IDQ_UOPS_NOT_DELIVERED.CORE,750028190,2.49,,
    60.011517007,16191264671,,CYCLE_ACTIVITY.STALLS_MEM_ANY,750028190,2.49,,
    60.011517007,20075373656,,CYCLE_ACTIVITY.STALLS_TOTAL,750028190,2.49,,
    60.011517007,66376961000,,cpu-cycles,750028190,2.49,,
    60.011517007,66376960799,,ref-cycles,750028190,2.49,,
    60.011517007,130588580331,,instructions,750028190,2.49,1.97,insn per cycle
    60.011517007,6398506346,,EXE_ACTIVITY.1_PORTS_UTIL,749989742,2.49,,
    60.011517007,9418757803,,EXE_ACTIVITY.2_PORTS_UTIL,749989742,2.49,,
    60.011517007,2492584669,,EXE_ACTIVITY.BOUND_ON_STORES,749989742,2.49,,
    60.011517007,491562146,,EXE_ACTIVITY.EXE_BOUND_0_PORTS,749989742,2.49,,
    60.011517007,66373150145,,cpu-cycles,749989742,2.49,,
    60.011517007,66373154450,,ref-cycles,749989742,2.49,,
    60.011517007,130667134079,,instructions,749989742,2.49,1.97,insn per cycle
    60.011517007,696073212,,MEM_LOAD_RETIRED.L2_HIT,750028193,2.49,,
    60.011517007,1037668600,,MEM_LOAD_RETIRED.FB_HIT,750028193,2.49,,
    60.011517007,805419104,,MEM_LOAD_RETIRED.L1_MISS,750028193,2.49,,
    60.011517007,657534770,,L1D_PEND_MISS.FB_FULL:c1,750028193,2.49,,
    60.011517007,66377202161,,cpu-cycles,750028193,2.49,,
    60.011517007,66377199828,,ref-cycles,750028193,2.49,,
    60.011517007,130672707252,,instructions,750028193,2.49,1.97,insn per cycle
    60.011517007,7937640754,,CYCLE_ACTIVITY.STALLS_L1D_MISS,750028036,2.49,,
    60.011517007,7090844590,,CYCLE_ACTIVITY.STALLS_L2_MISS,750028036,2.49,,
    60.011517007,32296332,,CYCLE_ACTIVITY.STALLS_L3_MISS,750028036,2.49,,
    60.011517007,17294290577,,OFFCORE_REQUESTS_OUTSTANDING.CYCLES_WITH_DEMAND_RFO,750028036,2.49,,
    60.011517007,66376774004,,cpu-cycles,750028036,2.49,,
    60.011517007,66376773642,,ref-cycles,750028036,2.49,,
    60.011517007,130765514619,,instructions,750028036,2.49,1.97,insn per cycle
    60.011517007,82714,,ITLB_MISSES.WALK_COMPLETED,750028351,2.49,,
    60.011517007,2176293,,ITLB_MISSES.WALK_ACTIVE,750028351,2.49,,
    60.011517007,40,,DTLB_LOAD_MISSES.WALK_COMPLETED,750028351,2.49,,
    60.011517007,1675578,,DTLB_LOAD_MISSES.WALK_ACTIVE,750028351,2.49,,
    60.011517007,66376926888,,cpu-cycles,750028351,2.49,,
    60.011517007,66376928256,,ref-cycles,750028351,2.49,,
    60.011517007,130698357471,,instructions,750028351,2.49,1.97,insn per cycle
    60.011517007,0,,DTLB_STORE_MISSES.WALK_COMPLETED,842181740,2.79,,
    60.011517007,16982,,DTLB_STORE_MISSES.WALK_ACTIVE,842181740,2.79,,
    60.011517007,1770963729,,IDQ_UOPS_NOT_DELIVERED.CYCLES_0_UOPS_DELIV.CORE,842181740,2.79,,
    60.011517007,6023666,,BACLEARS.ANY,842181740,2.79,,
    60.011517007,66377445627,,cpu-cycles,842181740,2.79,,
    60.011517007,66377432908,,ref-cycles,842181740,2.79,,
    60.011517007,130783276195,,instructions,842181740,2.79,1.97,insn per cycle
    60.011517007,40408880,,MEM_INST_RETIRED.LOCK_LOADS,1500056193,4.97,,
    60.011517007,873627876,,L2_RQSTS.ALL_RFO,1500056193,4.97,,
    60.011517007,17408699276,,MEM_INST_RETIRED.ALL_STORES,1500056193,4.97,,
    60.011517007,298284059,,L2_RQSTS.RFO_HIT,1500056193,4.97,,
    60.011517007,66374675304,,cpu-cycles,1500056193,4.97,,
    60.011517007,66374677959,,ref-cycles,1500056193,4.97,,
    60.011517007,130754468554,,instructions,1500056193,4.97,1.97,insn per cycle
    60.011517007,23414,,OFFCORE_REQUESTS_OUTSTANDING.L3_MISS_DEMAND_DATA_RD_GE_6,1500056238,4.97,,
    60.011517007,44703879,,OFFCORE_REQUESTS_OUTSTANDING.CYCLES_WITH_L3_MISS_DEMAND_DATA_RD,1500056238,4.97,,
    60.011517007,66377291986,,cpu-cycles,1500056238,4.97,,
    60.011517007,66377291402,,ref-cycles,1500056238,4.97,,
    60.011517007,130645518073,,instructions,1500056238,4.97,1.97,insn per cycle
    60.011517007,46336995720,,UOPS_EXECUTED.CORE_CYCLES_GE_1,1500055962,4.97,,
    60.011517007,39941299173,,UOPS_EXECUTED.CORE_CYCLES_GE_2,1500055962,4.97,,
    60.011517007,30446324808,,UOPS_EXECUTED.CORE_CYCLES_GE_3,1500055962,4.97,,
    60.011517007,11488636103,,UOPS_RETIRED.MACRO_FUSED,1500055962,4.97,,
    60.011517007,66377490658,,cpu-cycles,1500055962,4.97,,
    60.011517007,66377490477,,ref-cycles,1500055962,4.97,,
    60.011517007,130643794344,,instructions,1500055962,4.97,1.97,insn per cycle
    60.011517007,88931297,,FP_ARITH_INST_RETIRED.SCALAR_SINGLE:u0x03,1500057534,4.97,,
    60.011517007,44171742,,FP_ARITH_INST_RETIRED.128B_PACKED_DOUBLE:u0xfc,1500057534,4.97,,
    60.011517007,57631653,,ICACHE_16B.IFDATA_STALL,1500057534,4.97,,
    60.011517007,7219895,,ICACHE_16B.IFDATA_STALL:c1:e1,1500057534,4.97,,
    60.011517007,66377008907,,cpu-cycles,1500057534,4.97,,
    60.011517007,66377005165,,ref-cycles,1500057534,4.97,,
    60.011517007,130736103768,,instructions,1500057534,4.97,1.97,insn per cycle
    60.011517007,78679455,,L2_RQSTS.ALL_CODE_RD,1500056367,4.97,,
    60.011517007,0,,ITLB_MISSES.WALK_COMPLETED_2M_4M,1500056367,4.97,,
    60.011517007,1160152841,,L2_LINES_IN.ALL,1500056367,4.97,,
    60.011517007,109303759,,MEM_LOAD_RETIRED.L2_MISS,1500056367,4.97,,
    60.011517007,66377008338,,cpu-cycles,1500056367,4.97,,
    60.011517007,66377008781,,ref-cycles,1500056367,4.97,,
    60.011517007,130684156540,,instructions,1500056367,4.97,1.97,insn per cycle
    60.011517007,3485679,,L2_RQSTS.CODE_RD_MISS,1500056314,4.97,,
    60.011517007,0,,DTLB_LOAD_MISSES.WALK_COMPLETED_2M_4M,1500056314,4.97,,
    60.011517007,40,,DTLB_LOAD_MISSES.WALK_COMPLETED_4K,1500056314,4.97,,
    60.011517007,0,,DTLB_LOAD_MISSES.WALK_COMPLETED_1G,1500056314,4.97,,
    60.011517007,66376968759,,cpu-cycles,1500056314,4.97,,
    60.011517007,66376966687,,ref-cycles,1500056314,4.97,,
    60.011517007,130819332771,,instructions,1500056314,4.97,1.97,insn per cycle
    60.011517007,1021850033,,MEM_LOAD_RETIRED.FB_HIT,1526177105,5.06,,
    60.011517007,0,,CYCLE_ACTIVITY.CYCLES_MEM_ANY,1526177105,5.06,,
    60.011517007,13360053296,,CYCLE_ACTIVITY.CYCLES_L1D_MISS,1526177105,5.06,,
    60.011517007,66362372779,,cpu-cycles,1526177105,5.06,,
    60.011517007,66362379600,,ref-cycles,1526177105,5.06,,
    60.011517007,129964504713,,instructions,1526177105,5.06,1.96,insn per cycle
    60.011517007,8122754834,,IDQ.MS_UOPS,1641663579,5.44,,
    60.011517007,355416993,,ICACHE_64B.IFTAG_STALL,1641663579,5.44,,
    60.011517007,41558981,,DTLB_LOAD_MISSES.STLB_HIT:c1,1641663579,5.44,,
    60.011517007,66300874456,,cpu-cycles,1641663579,5.44,,
    60.011517007,66300866590,,ref-cycles,1641663579,5.44,,
    60.011517007,127092267310,,instructions,1641663579,5.44,1.91,insn per cycle
    60.011517007,59095887,,ICACHE_16B.IFDATA_STALL,1500055717,4.97,,
    60.011517007,7340504,,ICACHE_16B.IFDATA_STALL:c1:e1,1500055717,4.97,,
    60.011517007,379346659,,ARITH.DIVIDER_ACTIVE,1500055717,4.97,,
    60.011517007,20054896652,,UOPS_EXECUTED.CORE_CYCLES_NONE,1500055717,4.97,,
    60.011517007,66377213483,,cpu-cycles,1500055717,4.97,,
    60.011517007,66377211190,,ref-cycles,1500055717,4.97,,
    60.011517007,130655311496,,instructions,1500055717,4.97,1.97,insn per cycle
    60.011517007,754280034,,CPU_CLK_THREAD_UNHALTED.ONE_THREAD_ACTIVE,1500056349,4.97,,
    60.011517007,754280034,,CPU_CLK_THREAD_UNHALTED.REF_XCLK_ANY,1500056349,4.97,,
    60.011517007,41333104,,cpu-cycles:k,1500056349,4.97,,
    60.011517007,41283620,,ref-cycles:k,1500056349,4.97,,
    60.011517007,34263818,,instructions:k,1500056349,4.97,0.70,insn per cycle
    60.011517007,76739111047,,IDQ.DSB_UOPS,1500056140,4.97,,
    60.011517007,54082510900,,IDQ.MITE_UOPS,1500056140,4.97,,
    60.011517007,0,,LSD.UOPS,1500056140,4.97,,
    60.011517007,66377789300,,cpu-cycles,1500056140,4.97,,
    60.011517007,66377785538,,ref-cycles,1500056140,4.97,,
    60.011517007,130728550227,,instructions,1500056140,4.97,1.97,insn per cycle
    60.011517007,20787276898,,IDQ.ALL_MITE_CYCLES_ANY_UOPS,1500057753,4.97,,
    60.011517007,8704968107,,IDQ.ALL_MITE_CYCLES_4_UOPS,1500057753,4.97,,
    60.011517007,66377753436,,cpu-cycles,1500057753,4.97,,
    60.011517007,66377754824,,ref-cycles,1500057753,4.97,,
    60.011517007,130782379750,,instructions,1500057753,4.97,1.97,insn per cycle
    60.011517007,16822046053,,IDQ.ALL_DSB_CYCLES_ANY_UOPS,1500056216,4.97,,
    60.011517007,13225392725,,IDQ.ALL_DSB_CYCLES_4_UOPS,1500056216,4.97,,
    60.011517007,66377805426,,cpu-cycles,1500056216,4.97,,
    60.011517007,66377808845,,ref-cycles,1500056216,4.97,,
    60.011517007,130724393613,,instructions,1500056216,4.97,1.97,insn per cycle
    60.011517007,2190729,,MEM_LOAD_L3_HIT_RETIRED.XSNP_HIT,1500056157,4.97,,
    60.011517007,50164969,,MEM_LOAD_L3_HIT_RETIRED.XSNP_HITM,1500056157,4.97,,
    60.011517007,66377847154,,cpu-cycles,1500056157,4.97,,
    60.011517007,66377852284,,ref-cycles,1500056157,4.97,,
    60.011517007,130681094797,,instructions,1500056157,4.97,1.97,insn per cycle
    60.011517007,45474235,,UOPS_EXECUTED.X87,1500056049,4.97,,
    60.011517007,148552582346,,UOPS_EXECUTED.THREAD,1500056049,4.97,,
    60.011517007,66377934730,,cpu-cycles,1500056049,4.97,,
    60.011517007,66377936782,,ref-cycles,1500056049,4.97,,
    60.011517007,130631621678,,instructions,1500056049,4.97,1.97,insn per cycle
    60.011517007,<not supported>,,cstate_core/c6-residency/,0,100.00,,
    60.011517007,<not supported>,,cstate_pkg/c6-residency/,0,100.00,,
    65.012416444,66374385281,,CORE_POWER.LVL0_TURBO_LICENSE,838023914,2.78,,
    65.012416444,0,,CORE_POWER.LVL1_TURBO_LICENSE,838023914,2.78,,
    65.012416444,0,,CORE_POWER.LVL2_TURBO_LICENSE,838023914,2.78,,
    65.012416444,2883515478,,L1D.REPLACEMENT,838023914,2.78,,
    65.012416444,66374272791,,cpu-cycles,838023914,2.78,,
    65.012416444,66374252230,,ref-cycles,838023914,2.78,,
    65.012416444,130648137905,,instructions,838023914,2.78,1.97,insn per cycle
    65.012416444,9219120,,MACHINE_CLEARS.COUNT,1500056331,4.97,,
    65.012416444,32803876,,BR_MISP_RETIRED.ALL_BRANCHES,1500056331,4.97,,
    65.012416444,229080874,,INT_MISC.CLEAR_RESTEER_CYCLES,1500056331,4.97,,
    65.012416444,42707025057,,MEM_LOAD_RETIRED.L1_HIT,1500056331,4.97,,
    65.012416444,66377725567,,cpu-cycles,1500056331,4.97,,
    65.012416444,66377725365,,ref-cycles,1500056331,4.97,,
    65.012416444,130760514374,,instructions,1500056331,4.97,1.97,insn per cycle
    65.012416444,136893373237,,UOPS_ISSUED.ANY,1500056176,4.97,,
    65.012416444,133558577351,,UOPS_RETIRED.RETIRE_SLOTS,1500056176,4.97,,
    65.012416444,244589121,,INT_MISC.RECOVERY_CYCLES_ANY,1500056176,4.97,,
    65.012416444,244589121,,INT_MISC.RECOVERY_CYCLES,1500056176,4.97,,
    65.012416444,66379970763,,cpu-cycles,1500056176,4.97,,
    65.012416444,66379973278,,ref-cycles,1500056176,4.97,,
    65.012416444,130641227147,,instructions,1500056176,4.97,1.97,insn per cycle
    65.012416444,66379685231,,CPU_CLK_UNHALTED.THREAD_ANY,1500056241,4.97,,
    65.012416444,27520400036,,IDQ_UOPS_NOT_DELIVERED.CORE,1500056241,4.97,,
    65.012416444,16141443314,,CYCLE_ACTIVITY.STALLS_MEM_ANY,1500056241,4.97,,
    65.012416444,20019388379,,CYCLE_ACTIVITY.STALLS_TOTAL,1500056241,4.97,,
    65.012416444,66379685231,,cpu-cycles,1500056241,4.97,,
    65.012416444,66379683763,,ref-cycles,1500056241,4.97,,
    65.012416444,130735872817,,instructions,1500056241,4.97,1.97,insn per cycle
    65.012416444,6420925597,,EXE_ACTIVITY.1_PORTS_UTIL,1500057770,4.97,,
    65.012416444,9411701936,,EXE_ACTIVITY.2_PORTS_UTIL,1500057770,4.97,,
    65.012416444,2484739004,,EXE_ACTIVITY.BOUND_ON_STORES,1500057770,4.97,,
    65.012416444,490825080,,EXE_ACTIVITY.EXE_BOUND_0_PORTS,1500057770,4.97,,
    65.012416444,66379610683,,cpu-cycles,1500057770,4.97,,
    65.012416444,66379610180,,ref-cycles,1500057770,4.97,,
    65.012416444,130719668710,,instructions,1500057770,4.97,1.97,insn per cycle
    65.012416444,697287343,,MEM_LOAD_RETIRED.L2_HIT,1500055929,4.97,,
    65.012416444,1038735981,,MEM_LOAD_RETIRED.FB_HIT,1500055929,4.97,,
    65.012416444,806668791,,MEM_LOAD_RETIRED.L1_MISS,1500055929,4.97,,
    65.012416444,660955732,,L1D_PEND_MISS.FB_FULL:c1,1500055929,4.97,,
    65.012416444,66379656512,,cpu-cycles,1500055929,4.97,,
    65.012416444,66379652790,,ref-cycles,1500055929,4.97,,
    65.012416444,130763986072,,instructions,1500055929,4.97,1.97,insn per cycle
    65.012416444,7947237653,,CYCLE_ACTIVITY.STALLS_L1D_MISS,1500056649,4.97,,
    65.012416444,7101726571,,CYCLE_ACTIVITY.STALLS_L2_MISS,1500056649,4.97,,
    65.012416444,31283928,,CYCLE_ACTIVITY.STALLS_L3_MISS,1500056649,4.97,,
    65.012416444,17288419106,,OFFCORE_REQUESTS_OUTSTANDING.CYCLES_WITH_DEMAND_RFO,1500056649,4.97,,
    65.012416444,66379662123,,cpu-cycles,1500056649,4.97,,
    65.012416444,66379658039,,ref-cycles,1500056649,4.97,,
    65.012416444,130767155006,,instructions,1500056649,4.97,1.97,insn per cycle
    65.012416444,84307,,ITLB_MISSES.WALK_COMPLETED,1500056197,4.97,,
    65.012416444,2286671,,ITLB_MISSES.WALK_ACTIVE,1500056197,4.97,,
    65.012416444,60,,DTLB_LOAD_MISSES.WALK_COMPLETED,1500056197,4.97,,
    65.012416444,1655887,,DTLB_LOAD_MISSES.WALK_ACTIVE,1500056197,4.97,,
    65.012416444,66379657793,,cpu-cycles,1500056197,4.97,,
    65.012416444,66379658497,,ref-cycles,1500056197,4.97,,
    65.012416444,130725623860,,instructions,1500056197,4.97,1.97,insn per cycle
    65.012416444,60,,DTLB_STORE_MISSES.WALK_COMPLETED,1500056983,4.97,,
    65.012416444,13437,,DTLB_STORE_MISSES.WALK_ACTIVE,1500056983,4.97,,
    65.012416444,1780077694,,IDQ_UOPS_NOT_DELIVERED.CYCLES_0_UOPS_DELIV.CORE,1500056983,4.97,,
    65.012416444,6099357,,BACLEARS.ANY,1500056983,4.97,,
    65.012416444,66379656636,,cpu-cycles,1500056983,4.97,,
    65.012416444,66379660921,,ref-cycles,1500056983,4.97,,
    65.012416444,130668999782,,instructions,1500056983,4.97,1.97,insn per cycle
    65.012416444,40684902,,MEM_INST_RETIRED.LOCK_LOADS,1500056660,4.97,,
    65.012416444,872470557,,L2_RQSTS.ALL_RFO,1500056660,4.97,,
    65.012416444,17419568662,,MEM_INST_RETIRED.ALL_STORES,1500056660,4.97,,
    65.012416444,297278114,,L2_RQSTS.RFO_HIT,1500056660,4.97,,
    65.012416444,66379583377,,cpu-cycles,1500056660,4.97,,
    65.012416444,66379583437,,ref-cycles,1500056660,4.97,,
    65.012416444,130802688944,,instructions,1500056660,4.97,1.97,insn per cycle
    65.012416444,44476,,OFFCORE_REQUESTS_OUTSTANDING.L3_MISS_DEMAND_DATA_RD_GE_6,1500056111,4.97,,
    65.012416444,44183623,,OFFCORE_REQUESTS_OUTSTANDING.CYCLES_WITH_L3_MISS_DEMAND_DATA_RD,1500056111,4.97,,
    65.012416444,66379852617,,cpu-cycles,1500056111,4.97,,
    65.012416444,66379851893,,ref-cycles,1500056111,4.97,,
    65.012416444,130809081731,,instructions,1500056111,4.97,1.97,insn per cycle
    65.012416444,46340160454,,UOPS_EXECUTED.CORE_CYCLES_GE_1,1500055853,4.97,,
    65.012416444,39908005293,,UOPS_EXECUTED.CORE_CYCLES_GE_2,1500055853,4.97,,
    65.012416444,30449875398,,UOPS_EXECUTED.CORE_CYCLES_GE_3,1500055853,4.97,,
    65.012416444,11503041450,,UOPS_RETIRED.MACRO_FUSED,1500055853,4.97,,
    65.012416444,66380108802,,cpu-cycles,1500055853,4.97,,
    65.012416444,66380106468,,ref-cycles,1500055853,4.97,,
    65.012416444,130729356040,,instructions,1500055853,4.97,1.97,insn per cycle
    65.012416444,88981276,,FP_ARITH_INST_RETIRED.SCALAR_SINGLE:u0x03,1500017983,4.97,,
    65.012416444,44196692,,FP_ARITH_INST_RETIRED.128B_PACKED_DOUBLE:u0xfc,1500017983,4.97,,
    65.012416444,59952804,,ICACHE_16B.IFDATA_STALL,1500017983,4.97,,
    65.012416444,7491875,,ICACHE_16B.IFDATA_STALL:c1:e1,1500017983,4.97,,
    65.012416444,66377676585,,cpu-cycles,1500017983,4.97,,
    65.012416444,66377672763,,ref-cycles,1500017983,4.97,,
    65.012416444,130738699883,,instructions,1500017983,4.97,1.97,insn per cycle
    65.012416444,78416011,,L2_RQSTS.ALL_CODE_RD,1500055972,4.97,,
    65.012416444,0,,ITLB_MISSES.WALK_COMPLETED_2M_4M,1500055972,4.97,,
    65.012416444,1161531618,,L2_LINES_IN.ALL,1500055972,4.97,,
    65.012416444,109285898,,MEM_LOAD_RETIRED.L2_MISS,1500055972,4.97,,
    65.012416444,66379945321,,cpu-cycles,1500055972,4.97,,
    65.012416444,66379948701,,ref-cycles,1500055972,4.97,,
    65.012416444,130698221351,,instructions,1500055972,4.97,1.97,insn per cycle
    65.012416444,3526014,,L2_RQSTS.CODE_RD_MISS,1500055893,4.97,,
    65.012416444,0,,DTLB_LOAD_MISSES.WALK_COMPLETED_2M_4M,1500055893,4.97,,
    65.012416444,40,,DTLB_LOAD_MISSES.WALK_COMPLETED_4K,1500055893,4.97,,
    65.012416444,0,,DTLB_LOAD_MISSES.WALK_COMPLETED_1G,1500055893,4.97,,
    65.012416444,66379787285,,cpu-cycles,1500055893,4.97,,
    65.012416444,66379787647,,ref-cycles,1500055893,4.97,,
    65.012416444,130691308413,,instructions,1500055893,4.97,1.97,insn per cycle
    65.012416444,1039024817,,MEM_LOAD_RETIRED.FB_HIT,1500056145,4.97,,
    65.012416444,0,,CYCLE_ACTIVITY.CYCLES_MEM_ANY,1500056145,4.97,,
    65.012416444,13582930603,,CYCLE_ACTIVITY.CYCLES_L1D_MISS,1500056145,4.97,,
    65.012416444,66379743724,,cpu-cycles,1500056145,4.97,,
    65.012416444,66379743040,,ref-cycles,1500056145,4.97,,
    65.012416444,130785446238,,instructions,1500056145,4.97,1.97,insn per cycle
    65.012416444,8551446629,,IDQ.MS_UOPS,1588626588,5.26,,
    65.012416444,439708336,,ICACHE_64B.IFTAG_STALL,1588626588,5.26,,
    65.012416444,43251700,,DTLB_LOAD_MISSES.STLB_HIT:c1,1588626588,5.26,,
    65.012416444,66283639839,,cpu-cycles,1588626588,5.26,,
    65.012416444,66283621490,,ref-cycles,1588626588,5.26,,
    65.012416444,126145826526,,instructions,1588626588,5.26,1.90,insn per cycle
    65.012416444,59245437,,ICACHE_16B.IFDATA_STALL,750028208,2.49,,
    65.012416444,7419982,,ICACHE_16B.IFDATA_STALL:c1:e1,750028208,2.49,,
    65.012416444,383292235,,ARITH.DIVIDER_ACTIVE,750028208,2.49,,
    65.012416444,20045798039,,UOPS_EXECUTED.CORE_CYCLES_NONE,750028208,2.49,,
    65.012416444,66379645494,,cpu-cycles,750028208,2.49,,
    65.012416444,66379646459,,ref-cycles,750028208,2.49,,
    65.012416444,130678962730,,instructions,750028208,2.49,1.97,insn per cycle
    65.012416444,754317198,,CPU_CLK_THREAD_UNHALTED.ONE_THREAD_ACTIVE,750028325,2.49,,
    65.012416444,754317198,,CPU_CLK_THREAD_UNHALTED.REF_XCLK_ANY,750028325,2.49,,
    65.012416444,40727277,,cpu-cycles:k,750028325,2.49,,
    65.012416444,40683544,,ref-cycles:k,750028325,2.49,,
    65.012416444,34074612,,instructions:k,750028325,2.49,0.70,insn per cycle
    65.012416444,76756748035,,IDQ.DSB_UOPS,750028422,2.49,,
    65.012416444,54009189214,,IDQ.MITE_UOPS,750028422,2.49,,
    65.012416444,0,,LSD.UOPS,750028422,2.49,,
    65.012416444,66380019743,,cpu-cycles,750028422,2.49,,
    65.012416444,66380025576,,ref-cycles,750028422,2.49,,
    65.012416444,130676067989,,instructions,750028422,2.49,1.97,insn per cycle
    65.012416444,20848454528,,IDQ.ALL_MITE_CYCLES_ANY_UOPS,750028349,2.49,,
    65.012416444,8733562730,,IDQ.ALL_MITE_CYCLES_4_UOPS,750028349,2.49,,
    65.012416444,66380171161,,cpu-cycles,750028349,2.49,,
    65.012416444,66380172810,,ref-cycles,750028349,2.49,,
    65.012416444,130741500563,,instructions,750028349,2.49,1.97,insn per cycle
    65.012416444,16823716175,,IDQ.ALL_DSB_CYCLES_ANY_UOPS,750027950,2.49,,
    65.012416444,13221848622,,IDQ.ALL_DSB_CYCLES_4_UOPS,750027950,2.49,,
    65.012416444,66380585081,,cpu-cycles,750027950,2.49,,
    65.012416444,66380573091,,ref-cycles,750027950,2.49,,
    65.012416444,130823371416,,instructions,750027950,2.49,1.97,insn per cycle
    65.012416444,2185436,,MEM_LOAD_L3_HIT_RETIRED.XSNP_HIT,750028260,2.49,,
    65.012416444,50149725,,MEM_LOAD_L3_HIT_RETIRED.XSNP_HITM,750028260,2.49,,
    65.012416444,66380360910,,cpu-cycles,750028260,2.49,,
    65.012416444,66380361232,,ref-cycles,750028260,2.49,,
    65.012416444,130734832742,,instructions,750028260,2.49,1.97,insn per cycle
    65.012416444,45859254,,UOPS_EXECUTED.X87,750027995,2.49,,
    65.012416444,148659846998,,UOPS_EXECUTED.THREAD,750027995,2.49,,
    65.012416444,66380783835,,cpu-cycles,750027995,2.49,,
    65.012416444,66380785726,,ref-cycles,750027995,2.49,,
    65.012416444,130696046405,,instructions,750027995,2.49,1.97,insn per cycle
    65.012416444,<not supported>,,cstate_core/c6-residency/,0,100.00,,
    65.012416444,<not supported>,,cstate_pkg/c6-residency/,0,100.00,,
    70.013256060,66373092441,,CORE_POWER.LVL0_TURBO_LICENSE,1500057760,4.97,,
    70.013256060,0,,CORE_POWER.LVL1_TURBO_LICENSE,1500057760,4.97,,
    70.013256060,0,,CORE_POWER.LVL2_TURBO_LICENSE,1500057760,4.97,,
    70.013256060,2885076443,,L1D.REPLACEMENT,1500057760,4.97,,
    70.013256060,66373092441,,cpu-cycles,1500057760,4.97,,
    70.013256060,66373091998,,ref-cycles,1500057760,4.97,,
    70.013256060,130770021911,,instructions,1500057760,4.97,1.97,insn per cycle
    70.013256060,9205084,,MACHINE_CLEARS.COUNT,1500056051,4.97,,
    70.013256060,32867952,,BR_MISP_RETIRED.ALL_BRANCHES,1500056051,4.97,,
    70.013256060,228111815,,INT_MISC.CLEAR_RESTEER_CYCLES,1500056051,4.97,,
    70.013256060,42694485847,,MEM_LOAD_RETIRED.L1_HIT,1500056051,4.97,,
    70.013256060,66372585985,,cpu-cycles,1500056051,4.97,,
    70.013256060,66372587654,,ref-cycles,1500056051,4.97,,
    70.013256060,130706149204,,instructions,1500056051,4.97,1.97,insn per cycle
    70.013256060,137109954185,,UOPS_ISSUED.ANY,1500055982,4.97,,
    70.013256060,133762744162,,UOPS_RETIRED.RETIRE_SLOTS,1500055982,4.97,,
    70.013256060,245143295,,INT_MISC.RECOVERY_CYCLES_ANY,1500055982,4.97,,
    70.013256060,245143295,,INT_MISC.RECOVERY_CYCLES,1500055982,4.97,,
    70.013256060,66372477749,,cpu-cycles,1500055982,4.97,,
    70.013256060,66372480485,,ref-cycles,1500055982,4.97,,
    70.013256060,130823747034,,instructions,1500055982,4.97,1.97,insn per cycle
    70.013256060,66372468864,,CPU_CLK_UNHALTED.THREAD_ANY,1500056537,4.97,,
    70.013256060,27438046196,,IDQ_UOPS_NOT_DELIVERED.CORE,1500056537,4.97,,
    70.013256060,16145778134,,CYCLE_ACTIVITY.STALLS_MEM_ANY,1500056537,4.97,,
    70.013256060,20014885172,,CYCLE_ACTIVITY.STALLS_TOTAL,1500056537,4.97,,
    70.013256060,66372468864,,cpu-cycles,1500056537,4.97,,
    70.013256060,66372468904,,ref-cycles,1500056537,4.97,,
    70.013256060,130785996730,,instructions,1500056537,4.97,1.97,insn per cycle
    70.013256060,6372126495,,EXE_ACTIVITY.1_PORTS_UTIL,1500021391,4.97,,
    70.013256060,9506692375,,EXE_ACTIVITY.2_PORTS_UTIL,1500021391,4.97,,
    70.013256060,2472748749,,EXE_ACTIVITY.BOUND_ON_STORES,1500021391,4.97,,
    70.013256060,494941113,,EXE_ACTIVITY.EXE_BOUND_0_PORTS,1500021391,4.97,,
    70.013256060,66370520309,,cpu-cycles,1500021391,4.97,,
    70.013256060,66370519786,,ref-cycles,1500021391,4.97,,
    70.013256060,130742982617,,instructions,1500021391,4.97,1.97,insn per cycle
    70.013256060,698750367,,MEM_LOAD_RETIRED.L2_HIT,1500056205,4.97,,
    70.013256060,1040084960,,MEM_LOAD_RETIRED.FB_HIT,1500056205,4.97,,
    70.013256060,808044600,,MEM_LOAD_RETIRED.L1_MISS,1500056205,4.97,,
    70.013256060,658293471,,L1D_PEND_MISS.FB_FULL:c1,1500056205,4.97,,
    70.013256060,66372503532,,cpu-cycles,1500056205,4.97,,
    70.013256060,66372505905,,ref-cycles,1500056205,4.97,,
    70.013256060,130715083005,,instructions,1500056205,4.97,1.97,insn per cycle
    70.013256060,7968814850,,CYCLE_ACTIVITY.STALLS_L1D_MISS,1500056034,4.97,,
    70.013256060,7117249155,,CYCLE_ACTIVITY.STALLS_L2_MISS,1500056034,4.97,,
    70.013256060,32682437,,CYCLE_ACTIVITY.STALLS_L3_MISS,1500056034,4.97,,
    70.013256060,17282104727,,OFFCORE_REQUESTS_OUTSTANDING.CYCLES_WITH_DEMAND_RFO,1500056034,4.97,,
    70.013256060,66372272257,,cpu-cycles,1500056034,4.97,,
    70.013256060,66372275334,,ref-cycles,1500056034,4.97,,
    70.013256060,130687242313,,instructions,1500056034,4.97,1.97,insn per cycle
    70.013256060,82608,,ITLB_MISSES.WALK_COMPLETED,1500056387,4.97,,
    70.013256060,2176360,,ITLB_MISSES.WALK_ACTIVE,1500056387,4.97,,
    70.013256060,20,,DTLB_LOAD_MISSES.WALK_COMPLETED,1500056387,4.97,,
    70.013256060,1613327,,DTLB_LOAD_MISSES.WALK_ACTIVE,1500056387,4.97,,
    70.013256060,66372339141,,cpu-cycles,1500056387,4.97,,
    70.013256060,66372342118,,ref-cycles,1500056387,4.97,,
    70.013256060,130703962295,,instructions,1500056387,4.97,1.97,insn per cycle
    70.013256060,0,,DTLB_STORE_MISSES.WALK_COMPLETED,1423750555,4.72,,
    70.013256060,15660,,DTLB_STORE_MISSES.WALK_ACTIVE,1423750555,4.72,,
    70.013256060,1767441300,,IDQ_UOPS_NOT_DELIVERED.CYCLES_0_UOPS_DELIV.CORE,1423750555,4.72,,
    70.013256060,5988783,,BACLEARS.ANY,1423750555,4.72,,
    70.013256060,66372782160,,cpu-cycles,1423750555,4.72,,
    70.013256060,66372805726,,ref-cycles,1423750555,4.72,,
    70.013256060,130751535800,,instructions,1423750555,4.72,1.97,insn per cycle
    70.013256060,40817942,,MEM_INST_RETIRED.LOCK_LOADS,750028443,2.49,,
    70.013256060,872653261,,L2_RQSTS.ALL_RFO,750028443,2.49,,
    70.013256060,17418066548,,MEM_INST_RETIRED.ALL_STORES,750028443,2.49,,
    70.013256060,296855396,,L2_RQSTS.RFO_HIT,750028443,2.49,,
    70.013256060,66372133596,,cpu-cycles,750028443,2.49,,
    70.013256060,66372132430,,ref-cycles,750028443,2.49,,
    70.013256060,130784553368,,instructions,750028443,2.49,1.97,insn per cycle
    70.013256060,23694,,OFFCORE_REQUESTS_OUTSTANDING.L3_MISS_DEMAND_DATA_RD_GE_6,750027875,2.49,,
    70.013256060,45128207,,OFFCORE_REQUESTS_OUTSTANDING.CYCLES_WITH_L3_MISS_DEMAND_DATA_RD,750027875,2.49,,
    70.013256060,66372856980,,cpu-cycles,750027875,2.49,,
    70.013256060,66372855572,,ref-cycles,750027875,2.49,,
    70.013256060,130735953248,,instructions,750027875,2.49,1.97,insn per cycle
    70.013256060,46297390279,,UOPS_EXECUTED.CORE_CYCLES_GE_1,750028114,2.49,,
    70.013256060,39809742283,,UOPS_EXECUTED.CORE_CYCLES_GE_2,750028114,2.49,,
    70.013256060,30462859767,,UOPS_EXECUTED.CORE_CYCLES_GE_3,750028114,2.49,,
    70.013256060,11491756981,,UOPS_RETIRED.MACRO_FUSED,750028114,2.49,,
    70.013256060,66373219643,,cpu-cycles,750028114,2.49,,
    70.013256060,66373220568,,ref-cycles,750028114,2.49,,
    70.013256060,130644737872,,instructions,750028114,2.49,1.97,insn per cycle
    70.013256060,88974348,,FP_ARITH_INST_RETIRED.SCALAR_SINGLE:u0x03,750028542,2.49,,
    70.013256060,44193266,,FP_ARITH_INST_RETIRED.128B_PACKED_DOUBLE:u0xfc,750028542,2.49,,
    70.013256060,59442066,,ICACHE_16B.IFDATA_STALL,750028542,2.49,,
    70.013256060,7371223,,ICACHE_16B.IFDATA_STALL:c1:e1,750028542,2.49,,
    70.013256060,66371694162,,cpu-cycles,750028542,2.49,,
    70.013256060,66371698507,,ref-cycles,750028542,2.49,,
    70.013256060,130773868810,,instructions,750028542,2.49,1.97,insn per cycle
    70.013256060,78766595,,L2_RQSTS.ALL_CODE_RD,750028417,2.49,,
    70.013256060,0,,ITLB_MISSES.WALK_COMPLETED_2M_4M,750028417,2.49,,
    70.013256060,1158175171,,L2_LINES_IN.ALL,750028417,2.49,,
    70.013256060,109393233,,MEM_LOAD_RETIRED.L2_MISS,750028417,2.49,,
    70.013256060,66372276400,,cpu-cycles,750028417,2.49,,
    70.013256060,66372280865,,ref-cycles,750028417,2.49,,
    70.013256060,130714224500,,instructions,750028417,2.49,1.97,insn per cycle
    70.013256060,3554607,,L2_RQSTS.CODE_RD_MISS,750027895,2.49,,
    70.013256060,0,,DTLB_LOAD_MISSES.WALK_COMPLETED_2M_4M,750027895,2.49,,
    70.013256060,40,,DTLB_LOAD_MISSES.WALK_COMPLETED_4K,750027895,2.49,,
    70.013256060,0,,DTLB_LOAD_MISSES.WALK_COMPLETED_1G,750027895,2.49,,
    70.013256060,66372018600,,cpu-cycles,750027895,2.49,,
    70.013256060,66372020089,,ref-cycles,750027895,2.49,,
    70.013256060,130699979584,,instructions,750027895,2.49,1.97,insn per cycle
    70.013256060,1038595659,,MEM_LOAD_RETIRED.FB_HIT,750028054,2.49,,
    70.013256060,0,,CYCLE_ACTIVITY.CYCLES_MEM_ANY,750028054,2.49,,
    70.013256060,13584622481,,CYCLE_ACTIVITY.CYCLES_L1D_MISS,750028054,2.49,,
    70.013256060,66372639813,,cpu-cycles,750028054,2.49,,
    70.013256060,66372639652,,ref-cycles,750028054,2.49,,
    70.013256060,130608102027,,instructions,750028054,2.49,1.97,insn per cycle
    70.013256060,7181214394,,IDQ.MS_UOPS,863122406,2.86,,
    70.013256060,159730067,,ICACHE_64B.IFTAG_STALL,863122406,2.86,,
    70.013256060,37113002,,DTLB_LOAD_MISSES.STLB_HIT:c1,863122406,2.86,,
    70.013256060,66338570476,,cpu-cycles,863122406,2.86,,
    70.013256060,66338529227,,ref-cycles,863122406,2.86,,
    70.013256060,129108248191,,instructions,863122406,2.86,1.95,insn per cycle
    70.013256060,59157924,,ICACHE_16B.IFDATA_STALL,1620021861,5.37,,
    70.013256060,7504779,,ICACHE_16B.IFDATA_STALL:c1:e1,1620021861,5.37,,
    70.013256060,354666353,,ARITH.DIVIDER_ACTIVE,1620021861,5.37,,
    70.013256060,20064272386,,UOPS_EXECUTED.CORE_CYCLES_NONE,1620021861,5.37,,
    70.013256060,66300843005,,cpu-cycles,1620021861,5.37,,
    70.013256060,66300866975,,ref-cycles,1620021861,5.37,,
    70.013256060,127453026011,,instructions,1620021861,5.37,1.92,insn per cycle
    70.013256060,754155606,,CPU_CLK_THREAD_UNHALTED.ONE_THREAD_ACTIVE,1513442821,5.02,,
    70.013256060,754155606,,CPU_CLK_THREAD_UNHALTED.REF_XCLK_ANY,1513442821,5.02,,
    70.013256060,367039351,,cpu-cycles:k,1513442821,5.02,,
    70.013256060,367210642,,ref-cycles:k,1513442821,5.02,,
    70.013256060,380340029,,instructions:k,1513442821,5.02,5.34,insn per cycle
    70.013256060,76819391173,,IDQ.DSB_UOPS,1500056418,4.97,,
    70.013256060,54025883855,,IDQ.MITE_UOPS,1500056418,4.97,,
    70.013256060,0,,LSD.UOPS,1500056418,4.97,,
    70.013256060,66373183651,,cpu-cycles,1500056418,4.97,,
    70.013256060,66373178200,,ref-cycles,1500056418,4.97,,
    70.013256060,130738700255,,instructions,1500056418,4.97,1.97,insn per cycle
    70.013256060,20815734273,,IDQ.ALL_MITE_CYCLES_ANY_UOPS,1500024289,4.97,,
    70.013256060,8717634003,,IDQ.ALL_MITE_CYCLES_4_UOPS,1500024289,4.97,,
    70.013256060,66371516268,,cpu-cycles,1500024289,4.97,,
    70.013256060,66371517174,,ref-cycles,1500024289,4.97,,
    70.013256060,130745734554,,instructions,1500024289,4.97,1.97,insn per cycle
    70.013256060,16720334952,,IDQ.ALL_DSB_CYCLES_ANY_UOPS,1500056449,4.97,,
    70.013256060,13117053274,,IDQ.ALL_DSB_CYCLES_4_UOPS,1500056449,4.97,,
    70.013256060,66373551644,,cpu-cycles,1500056449,4.97,,
    70.013256060,66373554521,,ref-cycles,1500056449,4.97,,
    70.013256060,130709109852,,instructions,1500056449,4.97,1.97,insn per cycle
    70.013256060,2200361,,MEM_LOAD_L3_HIT_RETIRED.XSNP_HIT,1500056307,4.97,,
    70.013256060,50060488,,MEM_LOAD_L3_HIT_RETIRED.XSNP_HITM,1500056307,4.97,,
    70.013256060,66373400936,,cpu-cycles,1500056307,4.97,,
    70.013256060,66373399146,,ref-cycles,1500056307,4.97,,
    70.013256060,130772165005,,instructions,1500056307,4.97,1.97,insn per cycle
    70.013256060,45869139,,UOPS_EXECUTED.X87,1500055668,4.97,,
    70.013256060,148632959369,,UOPS_EXECUTED.THREAD,1500055668,4.97,,
    70.013256060,66373639170,,cpu-cycles,1500055668,4.97,,
    70.013256060,66373638909,,ref-cycles,1500055668,4.97,,
    70.013256060,130666135877,,instructions,1500055668,4.97,1.97,insn per cycle
    70.013256060,<not supported>,,cstate_core/c6-residency/,0,100.00,,
    70.013256060,<not supported>,,cstate_pkg/c6-residency/,0,100.00,,
    75.014166479,66370277341,,CORE_POWER.LVL0_TURBO_LICENSE,1428361795,4.73,,
    75.014166479,0,,CORE_POWER.LVL1_TURBO_LICENSE,1428361795,4.73,,
    75.014166479,0,,CORE_POWER.LVL2_TURBO_LICENSE,1428361795,4.73,,
    75.014166479,2889128806,,L1D.REPLACEMENT,1428361795,4.73,,
    75.014166479,66370349290,,cpu-cycles,1428361795,4.73,,
    75.014166479,66370341770,,ref-cycles,1428361795,4.73,,
    75.014166479,130874342133,,instructions,1428361795,4.73,1.97,insn per cycle
    75.014166479,9211787,,MACHINE_CLEARS.COUNT,750028539,2.49,,
    75.014166479,32801928,,BR_MISP_RETIRED.ALL_BRANCHES,750028539,2.49,,
    75.014166479,229342719,,INT_MISC.CLEAR_RESTEER_CYCLES,750028539,2.49,,
    75.014166479,42703518145,,MEM_LOAD_RETIRED.L1_HIT,750028539,2.49,,
    75.014166479,66373789487,,cpu-cycles,750028539,2.49,,
    75.014166479,66373788883,,ref-cycles,750028539,2.49,,
    75.014166479,130728543084,,instructions,750028539,2.49,1.97,insn per cycle
    75.014166479,136929136382,,UOPS_ISSUED.ANY,750027675,2.49,,
    75.014166479,133588415639,,UOPS_RETIRED.RETIRE_SLOTS,750027675,2.49,,
    75.014166479,243694989,,INT_MISC.RECOVERY_CYCLES_ANY,750027675,2.49,,
    75.014166479,243694989,,INT_MISC.RECOVERY_CYCLES,750027675,2.49,,
    75.014166479,66372439951,,cpu-cycles,750027675,2.49,,
    75.014166479,66372444859,,ref-cycles,750027675,2.49,,
    75.014166479,130658035780,,instructions,750027675,2.49,1.97,insn per cycle
    75.014166479,66373494017,,CPU_CLK_UNHALTED.THREAD_ANY,750027916,2.49,,
    75.014166479,27559609238,,IDQ_UOPS_NOT_DELIVERED.CORE,750027916,2.49,,
    75.014166479,16161932544,,CYCLE_ACTIVITY.STALLS_MEM_ANY,750027916,2.49,,
    75.014166479,19997738968,,CYCLE_ACTIVITY.STALLS_TOTAL,750027916,2.49,,
    75.014166479,66373494017,,cpu-cycles,750027916,2.49,,
    75.014166479,66373499247,,ref-cycles,750027916,2.49,,
    75.014166479,130810598947,,instructions,750027916,2.49,1.97,insn per cycle
    75.014166479,6443017485,,EXE_ACTIVITY.1_PORTS_UTIL,750029443,2.49,,
    75.014166479,9428895718,,EXE_ACTIVITY.2_PORTS_UTIL,750029443,2.49,,
    75.014166479,2462231794,,EXE_ACTIVITY.BOUND_ON_STORES,750029443,2.49,,
    75.014166479,495429934,,EXE_ACTIVITY.EXE_BOUND_0_PORTS,750029443,2.49,,
    75.014166479,66373544834,,cpu-cycles,750029443,2.49,,
    75.014166479,66373538598,,ref-cycles,750029443,2.49,,
    75.014166479,130852703151,,instructions,750029443,2.49,1.97,insn per cycle
    75.014166479,699261352,,MEM_LOAD_RETIRED.L2_HIT,750027697,2.49,,
    75.014166479,1041196767,,MEM_LOAD_RETIRED.FB_HIT,750027697,2.49,,
    75.014166479,808696255,,MEM_LOAD_RETIRED.L1_MISS,750027697,2.49,,
    75.014166479,666375728,,L1D_PEND_MISS.FB_FULL:c1,750027697,2.49,,
    75.014166479,66373388669,,cpu-cycles,750027697,2.49,,
    75.014166479,66373386497,,ref-cycles,750027697,2.49,,
    75.014166479,131034657319,,instructions,750027697,2.49,1.97,insn per cycle
    75.014166479,7952150819,,CYCLE_ACTIVITY.STALLS_L1D_MISS,750028109,2.49,,
    75.014166479,7101840674,,CYCLE_ACTIVITY.STALLS_L2_MISS,750028109,2.49,,
    75.014166479,32373407,,CYCLE_ACTIVITY.STALLS_L3_MISS,750028109,2.49,,
    75.014166479,17277033654,,OFFCORE_REQUESTS_OUTSTANDING.CYCLES_WITH_DEMAND_RFO,750028109,2.49,,
    75.014166479,66373492016,,cpu-cycles,750028109,2.49,,
    75.014166479,66373497005,,ref-cycles,750028109,2.49,,
    75.014166479,130757087780,,instructions,750028109,2.49,1.97,insn per cycle
    75.014166479,85566,,ITLB_MISSES.WALK_COMPLETED,750028249,2.49,,
    75.014166479,2288584,,ITLB_MISSES.WALK_ACTIVE,750028249,2.49,,
    75.014166479,0,,DTLB_LOAD_MISSES.WALK_COMPLETED,750028249,2.49,,
    75.014166479,1641542,,DTLB_LOAD_MISSES.WALK_ACTIVE,750028249,2.49,,
    75.014166479,66373593275,,cpu-cycles,750028249,2.49,,
    75.014166479,66373590459,,ref-cycles,750028249,2.49,,
    75.014166479,130781685836,,instructions,750028249,2.49,1.97,insn per cycle
    75.014166479,0,,DTLB_STORE_MISSES.WALK_COMPLETED,826334789,2.74,,
    75.014166479,21287,,DTLB_STORE_MISSES.WALK_ACTIVE,826334789,2.74,,
    75.014166479,1783253145,,IDQ_UOPS_NOT_DELIVERED.CYCLES_0_UOPS_DELIV.CORE,826334789,2.74,,
    75.014166479,6141835,,BACLEARS.ANY,826334789,2.74,,
    75.014166479,66373893616,,cpu-cycles,826334789,2.74,,
    75.014166479,66373852574,,ref-cycles,826334789,2.74,,
    75.014166479,130728186401,,instructions,826334789,2.74,1.97,insn per cycle
    75.014166479,40431172,,MEM_INST_RETIRED.LOCK_LOADS,1500056507,4.97,,
    75.014166479,873027239,,L2_RQSTS.ALL_RFO,1500056507,4.97,,
    75.014166479,17405525373,,MEM_INST_RETIRED.ALL_STORES,1500056507,4.97,,
    75.014166479,297870081,,L2_RQSTS.RFO_HIT,1500056507,4.97,,
    75.014166479,66371589320,,cpu-cycles,1500056507,4.97,,
    75.014166479,66371588375,,ref-cycles,1500056507,4.97,,
    75.014166479,130726981794,,instructions,1500056507,4.97,1.97,insn per cycle
    75.014166479,21622,,OFFCORE_REQUESTS_OUTSTANDING.L3_MISS_DEMAND_DATA_RD_GE_6,1500056389,4.97,,
    75.014166479,45398777,,OFFCORE_REQUESTS_OUTSTANDING.CYCLES_WITH_L3_MISS_DEMAND_DATA_RD,1500056389,4.97,,
    75.014166479,66373848467,,cpu-cycles,1500056389,4.97,,
    75.014166479,66373850961,,ref-cycles,1500056389,4.97,,
    75.014166479,130627025528,,instructions,1500056389,4.97,1.97,insn per cycle
    75.014166479,46372095001,,UOPS_EXECUTED.CORE_CYCLES_GE_1,1500055588,4.97,,
    75.014166479,39974291110,,UOPS_EXECUTED.CORE_CYCLES_GE_2,1500055588,4.97,,
    75.014166479,30450799118,,UOPS_EXECUTED.CORE_CYCLES_GE_3,1500055588,4.97,,
    75.014166479,11503916988,,UOPS_RETIRED.MACRO_FUSED,1500055588,4.97,,
    75.014166479,66373985138,,cpu-cycles,1500055588,4.97,,
    75.014166479,66373988416,,ref-cycles,1500055588,4.97,,
    75.014166479,130771106673,,instructions,1500055588,4.97,1.97,insn per cycle
    75.014166479,88954994,,FP_ARITH_INST_RETIRED.SCALAR_SINGLE:u0x03,1500020218,4.97,,
    75.014166479,44183649,,FP_ARITH_INST_RETIRED.128B_PACKED_DOUBLE:u0xfc,1500020218,4.97,,
    75.014166479,60349282,,ICACHE_16B.IFDATA_STALL,1500020218,4.97,,
    75.014166479,7481301,,ICACHE_16B.IFDATA_STALL:c1:e1,1500020218,4.97,,
    75.014166479,66371749162,,cpu-cycles,1500020218,4.97,,
    75.014166479,66371750369,,ref-cycles,1500020218,4.97,,
    75.014166479,130796098336,,instructions,1500020218,4.97,1.97,insn per cycle
    75.014166479,78499902,,L2_RQSTS.ALL_CODE_RD,1500056620,4.97,,
    75.014166479,0,,ITLB_MISSES.WALK_COMPLETED_2M_4M,1500056620,4.97,,
    75.014166479,1157903472,,L2_LINES_IN.ALL,1500056620,4.97,,
    75.014166479,109427187,,MEM_LOAD_RETIRED.L2_MISS,1500056620,4.97,,
    75.014166479,66373569332,,cpu-cycles,1500056620,4.97,,
    75.014166479,66373569352,,ref-cycles,1500056620,4.97,,
    75.014166479,130858996415,,instructions,1500056620,4.97,1.97,insn per cycle
    75.014166479,3520319,,L2_RQSTS.CODE_RD_MISS,1500055941,4.97,,
    75.014166479,0,,DTLB_LOAD_MISSES.WALK_COMPLETED_2M_4M,1500055941,4.97,,
    75.014166479,60,,DTLB_LOAD_MISSES.WALK_COMPLETED_4K,1500055941,4.97,,
    75.014166479,0,,DTLB_LOAD_MISSES.WALK_COMPLETED_1G,1500055941,4.97,,
    75.014166479,66373599596,,cpu-cycles,1500055941,4.97,,
    75.014166479,66373599496,,ref-cycles,1500055941,4.97,,
    75.014166479,130771948365,,instructions,1500055941,4.97,1.97,insn per cycle
    75.014166479,1040869927,,MEM_LOAD_RETIRED.FB_HIT,1500056137,4.97,,
    75.014166479,0,,CYCLE_ACTIVITY.CYCLES_MEM_ANY,1500056137,4.97,,
    75.014166479,13584332434,,CYCLE_ACTIVITY.CYCLES_L1D_MISS,1500056137,4.97,,
    75.014166479,66373779963,,cpu-cycles,1500056137,4.97,,
    75.014166479,66373780083,,ref-cycles,1500056137,4.97,,
    75.014166479,130763293181,,instructions,1500056137,4.97,1.97,insn per cycle
    75.014166479,6401238534,,IDQ.MS_UOPS,1500058153,4.97,,
    75.014166479,6005985,,ICACHE_64B.IFTAG_STALL,1500058153,4.97,,
    75.014166479,33740262,,DTLB_LOAD_MISSES.STLB_HIT:c1,1500058153,4.97,,
    75.014166479,66373911921,,cpu-cycles,1500058153,4.97,,
    75.014166479,66373913489,,ref-cycles,1500058153,4.97,,
    75.014166479,130648960194,,instructions,1500058153,4.97,1.97,insn per cycle
    75.014166479,60669920,,ICACHE_16B.IFDATA_STALL,1500055792,4.97,,
    75.014166479,7516100,,ICACHE_16B.IFDATA_STALL:c1:e1,1500055792,4.97,,
    75.014166479,380837641,,ARITH.DIVIDER_ACTIVE,1500055792,4.97,,
    75.014166479,20038170546,,UOPS_EXECUTED.CORE_CYCLES_NONE,1500055792,4.97,,
    75.014166479,66373836483,,cpu-cycles,1500055792,4.97,,
    75.014166479,66373838816,,ref-cycles,1500055792,4.97,,
    75.014166479,130721700590,,instructions,1500055792,4.97,1.97,insn per cycle
    75.014166479,753273156,,CPU_CLK_THREAD_UNHALTED.ONE_THREAD_ACTIVE,1666057787,5.52,,
    75.014166479,753273156,,CPU_CLK_THREAD_UNHALTED.REF_XCLK_ANY,1666057787,5.52,,
    75.014166479,3702142245,,cpu-cycles:k,1666057787,5.52,,
    75.014166479,3702075164,,ref-cycles:k,1666057787,5.52,,
    75.014166479,3920096746,,instructions:k,1666057787,5.52,12.51,insn per cycle
    75.014166479,76899341567,,IDQ.DSB_UOPS,1500056668,4.97,,
    75.014166479,53996753088,,IDQ.MITE_UOPS,1500056668,4.97,,
    75.014166479,0,,LSD.UOPS,1500056668,4.97,,
    75.014166479,66374116065,,cpu-cycles,1500056668,4.97,,
    75.014166479,66374114919,,ref-cycles,1500056668,4.97,,
    75.014166479,130792069435,,instructions,1500056668,4.97,1.97,insn per cycle
    75.014166479,20754685851,,IDQ.ALL_MITE_CYCLES_ANY_UOPS,1500056659,4.97,,
    75.014166479,8697349065,,IDQ.ALL_MITE_CYCLES_4_UOPS,1500056659,4.97,,
    75.014166479,66374199667,,cpu-cycles,1500056659,4.97,,
    75.014166479,66374201759,,ref-cycles,1500056659,4.97,,
    75.014166479,130737112426,,instructions,1500056659,4.97,1.97,insn per cycle
    75.014166479,16802802382,,IDQ.ALL_DSB_CYCLES_ANY_UOPS,1500056469,4.97,,
    75.014166479,13207920979,,IDQ.ALL_DSB_CYCLES_4_UOPS,1500056469,4.97,,
    75.014166479,66374137381,,cpu-cycles,1500056469,4.97,,
    75.014166479,66374136435,,ref-cycles,1500056469,4.97,,
    75.014166479,130720738594,,instructions,1500056469,4.97,1.97,insn per cycle
    75.014166479,2205312,,MEM_LOAD_L3_HIT_RETIRED.XSNP_HIT,1500056226,4.97,,
    75.014166479,50316129,,MEM_LOAD_L3_HIT_RETIRED.XSNP_HITM,1500056226,4.97,,
    75.014166479,66374185121,,cpu-cycles,1500056226,4.97,,
    75.014166479,66374183471,,ref-cycles,1500056226,4.97,,
    75.014166479,130621854417,,instructions,1500056226,4.97,1.97,insn per cycle
    75.014166479,45748793,,UOPS_EXECUTED.X87,1500055964,4.97,,
    75.014166479,148745307518,,UOPS_EXECUTED.THREAD,1500055964,4.97,,
    75.014166479,66374119905,,cpu-cycles,1500055964,4.97,,
    75.014166479,66374118658,,ref-cycles,1500055964,4.97,,
    75.014166479,130776628859,,instructions,1500055964,4.97,1.97,insn per cycle
    75.014166479,<not supported>,,cstate_core/c6-residency/,0,100.00,,
    75.014166479,<not supported>,,cstate_pkg/c6-residency/,0,100.00,,
    80.015043067,66381067832,,CORE_POWER.LVL0_TURBO_LICENSE,821925170,2.72,,
    80.015043067,0,,CORE_POWER.LVL1_TURBO_LICENSE,821925170,2.72,,
    80.015043067,0,,CORE_POWER.LVL2_TURBO_LICENSE,821925170,2.72,,
    80.015043067,2887832573,,L1D.REPLACEMENT,821925170,2.72,,
    80.015043067,66380942786,,cpu-cycles,821925170,2.72,,
    80.015043067,66380948183,,ref-cycles,821925170,2.72,,
    80.015043067,130790956493,,instructions,821925170,2.72,1.97,insn per cycle
    80.015043067,9233720,,MACHINE_CLEARS.COUNT,1500055970,4.97,,
    80.015043067,32906574,,BR_MISP_RETIRED.ALL_BRANCHES,1500055970,4.97,,
    80.015043067,229218748,,INT_MISC.CLEAR_RESTEER_CYCLES,1500055970,4.97,,
    80.015043067,42691202815,,MEM_LOAD_RETIRED.L1_HIT,1500055970,4.97,,
    80.015043067,66377757098,,cpu-cycles,1500055970,4.97,,
    80.015043067,66377755268,,ref-cycles,1500055970,4.97,,
    80.015043067,130706327801,,instructions,1500055970,4.97,1.97,insn per cycle
    80.015043067,137137856914,,UOPS_ISSUED.ANY,1500055271,4.97,,
    80.015043067,133805854761,,UOPS_RETIRED.RETIRE_SLOTS,1500055271,4.97,,
    80.015043067,244916302,,INT_MISC.RECOVERY_CYCLES_ANY,1500055271,4.97,,
    80.015043067,244916302,,INT_MISC.RECOVERY_CYCLES,1500055271,4.97,,
    80.015043067,66379787585,,cpu-cycles,1500055271,4.97,,
    80.015043067,66379787786,,ref-cycles,1500055271,4.97,,
    80.015043067,130877645148,,instructions,1500055271,4.97,1.97,insn per cycle
    80.015043067,66379988474,,CPU_CLK_UNHALTED.THREAD_ANY,1500056547,4.97,,
    80.015043067,27543682073,,IDQ_UOPS_NOT_DELIVERED.CORE,1500056547,4.97,,
    80.015043067,16156793184,,CYCLE_ACTIVITY.STALLS_MEM_ANY,1500056547,4.97,,
    80.015043067,20022850866,,CYCLE_ACTIVITY.STALLS_TOTAL,1500056547,4.97,,
    80.015043067,66379988474,,cpu-cycles,1500056547,4.97,,
    80.015043067,66379989762,,ref-cycles,1500056547,4.97,,
    80.015043067,130711510950,,instructions,1500056547,4.97,1.97,insn per cycle
    80.015043067,6377371466,,EXE_ACTIVITY.1_PORTS_UTIL,1500058161,4.97,,
    80.015043067,9537109420,,EXE_ACTIVITY.2_PORTS_UTIL,1500058161,4.97,,
    80.015043067,2474001919,,EXE_ACTIVITY.BOUND_ON_STORES,1500058161,4.97,,
    80.015043067,483530265,,EXE_ACTIVITY.EXE_BOUND_0_PORTS,1500058161,4.97,,
    80.015043067,66379844551,,cpu-cycles,1500058161,4.97,,
    80.015043067,66379850385,,ref-cycles,1500058161,4.97,,
    80.015043067,130811907194,,instructions,1500058161,4.97,1.97,insn per cycle
    80.015043067,698063762,,MEM_LOAD_RETIRED.L2_HIT,1500055716,4.97,,
    80.015043067,1039800917,,MEM_LOAD_RETIRED.FB_HIT,1500055716,4.97,,
    80.015043067,807577857,,MEM_LOAD_RETIRED.L1_MISS,1500055716,4.97,,
    80.015043067,660768400,,L1D_PEND_MISS.FB_FULL:c1,1500055716,4.97,,
    80.015043067,66379663415,,cpu-cycles,1500055716,4.97,,
    80.015043067,66379664863,,ref-cycles,1500055716,4.97,,
    80.015043067,130808172271,,instructions,1500055716,4.97,1.97,insn per cycle
    80.015043067,7953583839,,CYCLE_ACTIVITY.STALLS_L1D_MISS,1500056342,4.97,,
    80.015043067,7108043069,,CYCLE_ACTIVITY.STALLS_L2_MISS,1500056342,4.97,,
    80.015043067,32799982,,CYCLE_ACTIVITY.STALLS_L3_MISS,1500056342,4.97,,
    80.015043067,17271424907,,OFFCORE_REQUESTS_OUTSTANDING.CYCLES_WITH_DEMAND_RFO,1500056342,4.97,,
    80.015043067,66379854500,,cpu-cycles,1500056342,4.97,,
    80.015043067,66379858865,,ref-cycles,1500056342,4.97,,
    80.015043067,130741040179,,instructions,1500056342,4.97,1.97,insn per cycle
    80.015043067,83080,,ITLB_MISSES.WALK_COMPLETED,1500056431,4.97,,
    80.015043067,2116150,,ITLB_MISSES.WALK_ACTIVE,1500056431,4.97,,
    80.015043067,20,,DTLB_LOAD_MISSES.WALK_COMPLETED,1500056431,4.97,,
    80.015043067,1613928,,DTLB_LOAD_MISSES.WALK_ACTIVE,1500056431,4.97,,
    80.015043067,66379851702,,cpu-cycles,1500056431,4.97,,
    80.015043067,66379851601,,ref-cycles,1500056431,4.97,,
    80.015043067,130714754075,,instructions,1500056431,4.97,1.97,insn per cycle
    80.015043067,20,,DTLB_STORE_MISSES.WALK_COMPLETED,1500057327,4.97,,
    80.015043067,20337,,DTLB_STORE_MISSES.WALK_ACTIVE,1500057327,4.97,,
    80.015043067,1773198659,,IDQ_UOPS_NOT_DELIVERED.CYCLES_0_UOPS_DELIV.CORE,1500057327,4.97,,
    80.015043067,6107133,,BACLEARS.ANY,1500057327,4.97,,
    80.015043067,66379869874,,cpu-cycles,1500057327,4.97,,
    80.015043067,66379875929,,ref-cycles,1500057327,4.97,,
    80.015043067,130763809738,,instructions,1500057327,4.97,1.97,insn per cycle
    80.015043067,40786235,,MEM_INST_RETIRED.LOCK_LOADS,1500056147,4.97,,
    80.015043067,873626421,,L2_RQSTS.ALL_RFO,1500056147,4.97,,
    80.015043067,17424569121,,MEM_INST_RETIRED.ALL_STORES,1500056147,4.97,,
    80.015043067,297403846,,L2_RQSTS.RFO_HIT,1500056147,4.97,,
    80.015043067,66379682849,,cpu-cycles,1500056147,4.97,,
    80.015043067,66379687154,,ref-cycles,1500056147,4.97,,
    80.015043067,130813708765,,instructions,1500056147,4.97,1.97,insn per cycle
    80.015043067,35605,,OFFCORE_REQUESTS_OUTSTANDING.L3_MISS_DEMAND_DATA_RD_GE_6,1500056545,4.97,,
    80.015043067,45102183,,OFFCORE_REQUESTS_OUTSTANDING.CYCLES_WITH_L3_MISS_DEMAND_DATA_RD,1500056545,4.97,,
    80.015043067,66379960144,,cpu-cycles,1500056545,4.97,,
    80.015043067,66379963664,,ref-cycles,1500056545,4.97,,
    80.015043067,130781853999,,instructions,1500056545,4.97,1.97,insn per cycle
    80.015043067,46369190586,,UOPS_EXECUTED.CORE_CYCLES_GE_1,1500055381,4.97,,
    80.015043067,39979225689,,UOPS_EXECUTED.CORE_CYCLES_GE_2,1500055381,4.97,,
    80.015043067,30448749974,,UOPS_EXECUTED.CORE_CYCLES_GE_3,1500055381,4.97,,
    80.015043067,11500144289,,UOPS_RETIRED.MACRO_FUSED,1500055381,4.97,,
    80.015043067,66380287641,,cpu-cycles,1500055381,4.97,,
    80.015043067,66380289150,,ref-cycles,1500055381,4.97,,
    80.015043067,130734440209,,instructions,1500055381,4.97,1.97,insn per cycle
    80.015043067,88989419,,FP_ARITH_INST_RETIRED.SCALAR_SINGLE:u0x03,1500058238,4.97,,
    80.015043067,44200841,,FP_ARITH_INST_RETIRED.128B_PACKED_DOUBLE:u0xfc,1500058238,4.97,,
    80.015043067,58539956,,ICACHE_16B.IFDATA_STALL,1500058238,4.97,,
    80.015043067,7325005,,ICACHE_16B.IFDATA_STALL:c1:e1,1500058238,4.97,,
    80.015043067,66379771680,,cpu-cycles,1500058238,4.97,,
    80.015043067,66379772264,,ref-cycles,1500058238,4.97,,
    80.015043067,130755672434,,instructions,1500058238,4.97,1.97,insn per cycle
    80.015043067,79754694,,L2_RQSTS.ALL_CODE_RD,1500056472,4.97,,
    80.015043067,0,,ITLB_MISSES.WALK_COMPLETED_2M_4M,1500056472,4.97,,
    80.015043067,1159375081,,L2_LINES_IN.ALL,1500056472,4.97,,
    80.015043067,109309777,,MEM_LOAD_RETIRED.L2_MISS,1500056472,4.97,,
    80.015043067,66379701775,,cpu-cycles,1500056472,4.97,,
    80.015043067,66379702178,,ref-cycles,1500056472,4.97,,
    80.015043067,130641149023,,instructions,1500056472,4.97,1.97,insn per cycle
    80.015043067,3524168,,L2_RQSTS.CODE_RD_MISS,1500055489,4.97,,
    80.015043067,0,,DTLB_LOAD_MISSES.WALK_COMPLETED_2M_4M,1500055489,4.97,,
    80.015043067,80,,DTLB_LOAD_MISSES.WALK_COMPLETED_4K,1500055489,4.97,,
    80.015043067,0,,DTLB_LOAD_MISSES.WALK_COMPLETED_1G,1500055489,4.97,,
    80.015043067,66379565035,,cpu-cycles,1500055489,4.97,,
    80.015043067,66379565820,,ref-cycles,1500055489,4.97,,
    80.015043067,130754058750,,instructions,1500055489,4.97,1.97,insn per cycle
    80.015043067,1040470787,,MEM_LOAD_RETIRED.FB_HIT,1500055964,4.97,,
    80.015043067,0,,CYCLE_ACTIVITY.CYCLES_MEM_ANY,1500055964,4.97,,
    80.015043067,13590905601,,CYCLE_ACTIVITY.CYCLES_L1D_MISS,1500055964,4.97,,
    80.015043067,66379847376,,cpu-cycles,1500055964,4.97,,
    80.015043067,66379840819,,ref-cycles,1500055964,4.97,,
    80.015043067,130857229516,,instructions,1500055964,4.97,1.97,insn per cycle
    80.015043067,6426201294,,IDQ.MS_UOPS,1435306687,4.76,,
    80.015043067,5988748,,ICACHE_64B.IFTAG_STALL,1435306687,4.76,,
    80.015043067,34151863,,DTLB_LOAD_MISSES.STLB_HIT:c1,1435306687,4.76,,
    80.015043067,66380161660,,cpu-cycles,1435306687,4.76,,
    80.015043067,66380180581,,ref-cycles,1435306687,4.76,,
    80.015043067,130715862875,,instructions,1435306687,4.76,1.97,insn per cycle
    80.015043067,57908113,,ICACHE_16B.IFDATA_STALL,750027502,2.49,,
    80.015043067,7244337,,ICACHE_16B.IFDATA_STALL:c1:e1,750027502,2.49,,
    80.015043067,382623519,,ARITH.DIVIDER_ACTIVE,750027502,2.49,,
    80.015043067,20030989178,,UOPS_EXECUTED.CORE_CYCLES_NONE,750027502,2.49,,
    80.015043067,66379681848,,cpu-cycles,750027502,2.49,,
    80.015043067,66379678589,,ref-cycles,750027502,2.49,,
    80.015043067,130741573241,,instructions,750027502,2.49,1.97,insn per cycle
    80.015043067,752600719,,CPU_CLK_THREAD_UNHALTED.ONE_THREAD_ACTIVE,919373729,3.05,,
    80.015043067,752600719,,CPU_CLK_THREAD_UNHALTED.REF_XCLK_ANY,919373729,3.05,,
    80.015043067,6789007000,,cpu-cycles:k,919373729,3.05,,
    80.015043067,6788924584,,ref-cycles:k,919373729,3.05,,
    80.015043067,7197202089,,instructions:k,919373729,3.05,10.02,insn per cycle
    80.015043067,76981337994,,IDQ.DSB_UOPS,750028194,2.49,,
    80.015043067,54027830559,,IDQ.MITE_UOPS,750028194,2.49,,
    80.015043067,0,,LSD.UOPS,750028194,2.49,,
    80.015043067,66380498904,,cpu-cycles,750028194,2.49,,
    80.015043067,66380501600,,ref-cycles,750028194,2.49,,
    80.015043067,130915485305,,instructions,750028194,2.49,1.97,insn per cycle
    80.015043067,20787891601,,IDQ.ALL_MITE_CYCLES_ANY_UOPS,749995047,2.49,,
    80.015043067,8703874343,,IDQ.ALL_MITE_CYCLES_4_UOPS,749995047,2.49,,
    80.015043067,66376681406,,cpu-cycles,749995047,2.49,,
    80.015043067,66376677905,,ref-cycles,749995047,2.49,,
    80.015043067,130693571654,,instructions,749995047,2.49,1.97,insn per cycle
    80.015043067,16718778252,,IDQ.ALL_DSB_CYCLES_ANY_UOPS,750028090,2.49,,
    80.015043067,13123127332,,IDQ.ALL_DSB_CYCLES_4_UOPS,750028090,2.49,,
    80.015043067,66381025337,,cpu-cycles,750028090,2.49,,
    80.015043067,66381026504,,ref-cycles,750028090,2.49,,
    80.015043067,130727462792,,instructions,750028090,2.49,1.97,insn per cycle
    80.015043067,2171435,,MEM_LOAD_L3_HIT_RETIRED.XSNP_HIT,750028392,2.49,,
    80.015043067,50106564,,MEM_LOAD_L3_HIT_RETIRED.XSNP_HITM,750028392,2.49,,
    80.015043067,66380486864,,cpu-cycles,750028392,2.49,,
    80.015043067,66380486301,,ref-cycles,750028392,2.49,,
    80.015043067,130789377222,,instructions,750028392,2.49,1.97,insn per cycle
    80.015043067,45694612,,UOPS_EXECUTED.X87,750028305,2.49,,
    80.015043067,148786884571,,UOPS_EXECUTED.THREAD,750028305,2.49,,
    80.015043067,66380653799,,cpu-cycles,750028305,2.49,,
    80.015043067,66380654242,,ref-cycles,750028305,2.49,,
    80.015043067,130798822234,,instructions,750028305,2.49,1.97,insn per cycle
    80.015043067,<not supported>,,cstate_core/c6-residency/,0,100.00,,
    80.015043067,<not supported>,,cstate_pkg/c6-residency/,0,100.00,,
    85.015902983,66379766599,,CORE_POWER.LVL0_TURBO_LICENSE,1500056588,4.97,,
    85.015902983,0,,CORE_POWER.LVL1_TURBO_LICENSE,1500056588,4.97,,
    85.015902983,0,,CORE_POWER.LVL2_TURBO_LICENSE,1500056588,4.97,,
    85.015902983,2889663083,,L1D.REPLACEMENT,1500056588,4.97,,
    85.015902983,66379766599,,cpu-cycles,1500056588,4.97,,
    85.015902983,66379768752,,ref-cycles,1500056588,4.97,,
    85.015902983,130729517564,,instructions,1500056588,4.97,1.97,insn per cycle
    85.015902983,9190732,,MACHINE_CLEARS.COUNT,1500056137,4.97,,
    85.015902983,32980916,,BR_MISP_RETIRED.ALL_BRANCHES,1500056137,4.97,,
    85.015902983,228725285,,INT_MISC.CLEAR_RESTEER_CYCLES,1500056137,4.97,,
    85.015902983,42714588410,,MEM_LOAD_RETIRED.L1_HIT,1500056137,4.97,,
    85.015902983,66379161177,,cpu-cycles,1500056137,4.97,,
    85.015902983,66379164798,,ref-cycles,1500056137,4.97,,
    85.015902983,130772135938,,instructions,1500056137,4.97,1.97,insn per cycle
    85.015902983,136999829247,,UOPS_ISSUED.ANY,1500056227,4.97,,
    85.015902983,133645721908,,UOPS_RETIRED.RETIRE_SLOTS,1500056227,4.97,,
    85.015902983,245324623,,INT_MISC.RECOVERY_CYCLES_ANY,1500056227,4.97,,
    85.015902983,245324623,,INT_MISC.RECOVERY_CYCLES,1500056227,4.97,,
    85.015902983,66379274850,,cpu-cycles,1500056227,4.97,,
    85.015902983,66379272335,,ref-cycles,1500056227,4.97,,
    85.015902983,130723762376,,instructions,1500056227,4.97,1.97,insn per cycle
    85.015902983,66379013932,,CPU_CLK_UNHALTED.THREAD_ANY,1500056479,4.97,,
    85.015902983,27449085617,,IDQ_UOPS_NOT_DELIVERED.CORE,1500056479,4.97,,
    85.015902983,16167187312,,CYCLE_ACTIVITY.STALLS_MEM_ANY,1500056479,4.97,,
    85.015902983,20045047491,,CYCLE_ACTIVITY.STALLS_TOTAL,1500056479,4.97,,
    85.015902983,66379013932,,cpu-cycles,1500056479,4.97,,
    85.015902983,66379017009,,ref-cycles,1500056479,4.97,,
    85.015902983,130694006925,,instructions,1500056479,4.97,1.97,insn per cycle
    85.015902983,6422969254,,EXE_ACTIVITY.1_PORTS_UTIL,1500017202,4.97,,
    85.015902983,9407797450,,EXE_ACTIVITY.2_PORTS_UTIL,1500017202,4.97,,
    85.015902983,2483751296,,EXE_ACTIVITY.BOUND_ON_STORES,1500017202,4.97,,
    85.015902983,491700574,,EXE_ACTIVITY.EXE_BOUND_0_PORTS,1500017202,4.97,,
    85.015902983,66377045481,,cpu-cycles,1500017202,4.97,,
    85.015902983,66377046929,,ref-cycles,1500017202,4.97,,
    85.015902983,130674325575,,instructions,1500017202,4.97,1.97,insn per cycle
    85.015902983,696896508,,MEM_LOAD_RETIRED.L2_HIT,1500056159,4.97,,
    85.015902983,1037952372,,MEM_LOAD_RETIRED.FB_HIT,1500056159,4.97,,
    85.015902983,806347600,,MEM_LOAD_RETIRED.L1_MISS,1500056159,4.97,,
    85.015902983,659805381,,L1D_PEND_MISS.FB_FULL:c1,1500056159,4.97,,
    85.015902983,66379278945,,cpu-cycles,1500056159,4.97,,
    85.015902983,66379279911,,ref-cycles,1500056159,4.97,,
    85.015902983,130784221105,,instructions,1500056159,4.97,1.97,insn per cycle
    85.015902983,7951289767,,CYCLE_ACTIVITY.STALLS_L1D_MISS,1500056249,4.97,,
    85.015902983,7102187766,,CYCLE_ACTIVITY.STALLS_L2_MISS,1500056249,4.97,,
    85.015902983,32370636,,CYCLE_ACTIVITY.STALLS_L3_MISS,1500056249,4.97,,
    85.015902983,17278318897,,OFFCORE_REQUESTS_OUTSTANDING.CYCLES_WITH_DEMAND_RFO,1500056249,4.97,,
    85.015902983,66378934997,,cpu-cycles,1500056249,4.97,,
    85.015902983,66378932502,,ref-cycles,1500056249,4.97,,
    85.015902983,130814122801,,instructions,1500056249,4.97,1.97,insn per cycle
    85.015902983,84245,,ITLB_MISSES.WALK_COMPLETED,1500056190,4.97,,
    85.015902983,2260498,,ITLB_MISSES.WALK_ACTIVE,1500056190,4.97,,
    85.015902983,20,,DTLB_LOAD_MISSES.WALK_COMPLETED,1500056190,4.97,,
    85.015902983,1608578,,DTLB_LOAD_MISSES.WALK_ACTIVE,1500056190,4.97,,
    85.015902983,66378902337,,cpu-cycles,1500056190,4.97,,
    85.015902983,66378902720,,ref-cycles,1500056190,4.97,,
    85.015902983,130815315895,,instructions,1500056190,4.97,1.97,insn per cycle
    85.015902983,4758,,DTLB_STORE_MISSES.WALK_COMPLETED,1439540276,4.77,,
    85.015902983,282962,,DTLB_STORE_MISSES.WALK_ACTIVE,1439540276,4.77,,
    85.015902983,1782793239,,IDQ_UOPS_NOT_DELIVERED.CYCLES_0_UOPS_DELIV.CORE,1439540276,4.77,,
    85.015902983,6155449,,BACLEARS.ANY,1439540276,4.77,,
    85.015902983,66379105733,,cpu-cycles,1439540276,4.77,,
    85.015902983,66379116444,,ref-cycles,1439540276,4.77,,
    85.015902983,130714439227,,instructions,1439540276,4.77,1.97,insn per cycle
    85.015902983,40623862,,MEM_INST_RETIRED.LOCK_LOADS,750027703,2.49,,
    85.015902983,871294612,,L2_RQSTS.ALL_RFO,750027703,2.49,,
    85.015902983,17402010440,,MEM_INST_RETIRED.ALL_STORES,750027703,2.49,,
    85.015902983,296783913,,L2_RQSTS.RFO_HIT,750027703,2.49,,
    85.015902983,66378583785,,cpu-cycles,750027703,2.49,,
    85.015902983,66378582176,,ref-cycles,750027703,2.49,,
    85.015902983,130684808660,,instructions,750027703,2.49,1.97,insn per cycle
    85.015902983,42123,,OFFCORE_REQUESTS_OUTSTANDING.L3_MISS_DEMAND_DATA_RD_GE_6,750028376,2.49,,
    85.015902983,46162030,,OFFCORE_REQUESTS_OUTSTANDING.CYCLES_WITH_L3_MISS_DEMAND_DATA_RD,750028376,2.49,,
    85.015902983,66379141253,,cpu-cycles,750028376,2.49,,
    85.015902983,66379135580,,ref-cycles,750028376,2.49,,
    85.015902983,130812055498,,instructions,750028376,2.49,1.97,insn per cycle
    85.015902983,46306359200,,UOPS_EXECUTED.CORE_CYCLES_GE_1,750027949,2.49,,
    85.015902983,39803023430,,UOPS_EXECUTED.CORE_CYCLES_GE_2,750027949,2.49,,
    85.015902983,30447040865,,UOPS_EXECUTED.CORE_CYCLES_GE_3,750027949,2.49,,
    85.015902983,11492346545,,UOPS_RETIRED.MACRO_FUSED,750027949,2.49,,
    85.015902983,66379171227,,cpu-cycles,750027949,2.49,,
    85.015902983,66379176699,,ref-cycles,750027949,2.49,,
    85.015902983,130627964145,,instructions,750027949,2.49,1.97,insn per cycle
    85.015902983,89029310,,FP_ARITH_INST_RETIRED.SCALAR_SINGLE:u0x03,750028694,2.49,,
    85.015902983,44220678,,FP_ARITH_INST_RETIRED.128B_PACKED_DOUBLE:u0xfc,750028694,2.49,,
    85.015902983,57810908,,ICACHE_16B.IFDATA_STALL,750028694,2.49,,
    85.015902983,7256879,,ICACHE_16B.IFDATA_STALL:c1:e1,750028694,2.49,,
    85.015902983,66378662007,,cpu-cycles,750028694,2.49,,
    85.015902983,66378658829,,ref-cycles,750028694,2.49,,
    85.015902983,130801749827,,instructions,750028694,2.49,1.97,insn per cycle
    85.015902983,79687542,,L2_RQSTS.ALL_CODE_RD,750028250,2.49,,
    85.015902983,0,,ITLB_MISSES.WALK_COMPLETED_2M_4M,750028250,2.49,,
    85.015902983,1159799191,,L2_LINES_IN.ALL,750028250,2.49,,
    85.015902983,109497037,,MEM_LOAD_RETIRED.L2_MISS,750028250,2.49,,
    85.015902983,66378725685,,cpu-cycles,750028250,2.49,,
    85.015902983,66378722467,,ref-cycles,750028250,2.49,,
    85.015902983,130660997257,,instructions,750028250,2.49,1.97,insn per cycle
    85.015902983,3542045,,L2_RQSTS.CODE_RD_MISS,750027849,2.49,,
    85.015902983,0,,DTLB_LOAD_MISSES.WALK_COMPLETED_2M_4M,750027849,2.49,,
    85.015902983,80,,DTLB_LOAD_MISSES.WALK_COMPLETED_4K,750027849,2.49,,
    85.015902983,0,,DTLB_LOAD_MISSES.WALK_COMPLETED_1G,750027849,2.49,,
    85.015902983,66378895308,,cpu-cycles,750027849,2.49,,
    85.015902983,66378895912,,ref-cycles,750027849,2.49,,
    85.015902983,130694115503,,instructions,750027849,2.49,1.97,insn per cycle
    85.015902983,1039409061,,MEM_LOAD_RETIRED.FB_HIT,750028051,2.49,,
    85.015902983,0,,CYCLE_ACTIVITY.CYCLES_MEM_ANY,750028051,2.49,,
    85.015902983,13597692821,,CYCLE_ACTIVITY.CYCLES_L1D_MISS,750028051,2.49,,
    85.015902983,66379153238,,cpu-cycles,750028051,2.49,,
    85.015902983,66379149255,,ref-cycles,750028051,2.49,,
    85.015902983,130672364234,,instructions,750028051,2.49,1.97,insn per cycle
    85.015902983,6453144451,,IDQ.MS_UOPS,814780967,2.70,,
    85.015902983,6750402,,ICACHE_64B.IFTAG_STALL,814780967,2.70,,
    85.015902983,33977035,,DTLB_LOAD_MISSES.STLB_HIT:c1,814780967,2.70,,
    85.015902983,66379743674,,cpu-cycles,814780967,2.70,,
    85.015902983,66379712935,,ref-cycles,814780967,2.70,,
    85.015902983,130822940613,,instructions,814780967,2.70,1.97,insn per cycle
    85.015902983,58615911,,ICACHE_16B.IFDATA_STALL,1500055562,4.97,,
    85.015902983,7303568,,ICACHE_16B.IFDATA_STALL:c1:e1,1500055562,4.97,,
    85.015902983,382924767,,ARITH.DIVIDER_ACTIVE,1500055562,4.97,,
    85.015902983,20008924627,,UOPS_EXECUTED.CORE_CYCLES_NONE,1500055562,4.97,,
    85.015902983,66377146653,,cpu-cycles,1500055562,4.97,,
    85.015902983,66377148021,,ref-cycles,1500055562,4.97,,
    85.015902983,130751811038,,instructions,1500055562,4.97,1.97,insn per cycle
    85.015902983,753624942,,CPU_CLK_THREAD_UNHALTED.ONE_THREAD_ACTIVE,1617747396,5.36,,
    85.015902983,753624942,,CPU_CLK_THREAD_UNHALTED.REF_XCLK_ANY,1617747396,5.36,,
    85.015902983,2716552029,,cpu-cycles:k,1617747396,5.36,,
    85.015902983,2716361754,,ref-cycles:k,1617747396,5.36,,
    85.015902983,2873818754,,instructions:k,1617747396,5.36,3.44,insn per cycle
    85.015902983,75746486235,,IDQ.DSB_UOPS,1551295215,5.14,,
    85.015902983,53684075140,,IDQ.MITE_UOPS,1551295215,5.14,,
    85.015902983,0,,LSD.UOPS,1551295215,5.14,,
    85.015902983,66351121631,,cpu-cycles,1551295215,5.14,,
    85.015902983,66351113578,,ref-cycles,1551295215,5.14,,
    85.015902983,129386596330,,instructions,1551295215,5.14,1.95,insn per cycle
    85.015902983,20814215957,,IDQ.ALL_MITE_CYCLES_ANY_UOPS,1500057139,4.97,,
    85.015902983,8728063275,,IDQ.ALL_MITE_CYCLES_4_UOPS,1500057139,4.97,,
    85.015902983,66379656468,,cpu-cycles,1500057139,4.97,,
    85.015902983,66379655664,,ref-cycles,1500057139,4.97,,
    85.015902983,130823635016,,instructions,1500057139,4.97,1.97,insn per cycle
    85.015902983,16744555260,,IDQ.ALL_DSB_CYCLES_ANY_UOPS,1500056442,4.97,,
    85.015902983,13150504552,,IDQ.ALL_DSB_CYCLES_4_UOPS,1500056442,4.97,,
    85.015902983,66379792917,,cpu-cycles,1500056442,4.97,,
    85.015902983,66379790423,,ref-cycles,1500056442,4.97,,
    85.015902983,130813586602,,instructions,1500056442,4.97,1.97,insn per cycle
    85.015902983,2197937,,MEM_LOAD_L3_HIT_RETIRED.XSNP_HIT,1500055979,4.97,,
    85.015902983,49915597,,MEM_LOAD_L3_HIT_RETIRED.XSNP_HITM,1500055979,4.97,,
    85.015902983,66379942849,,cpu-cycles,1500055979,4.97,,
    85.015902983,66379942326,,ref-cycles,1500055979,4.97,,
    85.015902983,130805666781,,instructions,1500055979,4.97,1.97,insn per cycle
    85.015902983,45889232,,UOPS_EXECUTED.X87,1500057625,4.97,,
    85.015902983,148814634918,,UOPS_EXECUTED.THREAD,1500057625,4.97,,
    85.015902983,66379898406,,cpu-cycles,1500057625,4.97,,
    85.015902983,66379895248,,ref-cycles,1500057625,4.97,,
    85.015902983,130836797565,,instructions,1500057625,4.97,1.97,insn per cycle
    85.015902983,<not supported>,,cstate_core/c6-residency/,0,100.00,,
    85.015902983,<not supported>,,cstate_pkg/c6-residency/,0,100.00,,
    90.016769307,66372805172,,CORE_POWER.LVL0_TURBO_LICENSE,1444093370,4.79,,
    90.016769307,0,,CORE_POWER.LVL1_TURBO_LICENSE,1444093370,4.79,,
    90.016769307,0,,CORE_POWER.LVL2_TURBO_LICENSE,1444093370,4.79,,
    90.016769307,1499665411,,L1D.REPLACEMENT,1444093370,4.79,,
    90.016769307,66372853062,,cpu-cycles,1444093370,4.79,,
    90.016769307,66372866915,,ref-cycles,1444093370,4.79,,
    90.016769307,166666347019,,instructions,1444093370,4.79,2.51,insn per cycle
    90.016769307,9211614,,MACHINE_CLEARS.COUNT,750028236,2.49,,
    90.016769307,32938824,,BR_MISP_RETIRED.ALL_BRANCHES,750028236,2.49,,
    90.016769307,229160176,,INT_MISC.CLEAR_RESTEER_CYCLES,750028236,2.49,,
    90.016769307,42667329113,,MEM_LOAD_RETIRED.L1_HIT,750028236,2.49,,
    90.016769307,66375738005,,cpu-cycles,750028236,2.49,,
    90.016769307,66375741746,,ref-cycles,750028236,2.49,,
    90.016769307,130632442896,,instructions,750028236,2.49,1.97,insn per cycle
    90.016769307,136925656283,,UOPS_ISSUED.ANY,750027889,2.49,,
    90.016769307,133617010340,,UOPS_RETIRED.RETIRE_SLOTS,750027889,2.49,,
    90.016769307,243681848,,INT_MISC.RECOVERY_CYCLES_ANY,750027889,2.49,,
    90.016769307,243681848,,INT_MISC.RECOVERY_CYCLES,750027889,2.49,,
    90.016769307,66375875260,,cpu-cycles,750027889,2.49,,
    90.016769307,66375884674,,ref-cycles,750027889,2.49,,
    90.016769307,130702053481,,instructions,750027889,2.49,1.97,insn per cycle
    90.016769307,66375811850,,CPU_CLK_UNHALTED.THREAD_ANY,750027873,2.49,,
    90.016769307,27436742693,,IDQ_UOPS_NOT_DELIVERED.CORE,750027873,2.49,,
    90.016769307,16151441745,,CYCLE_ACTIVITY.STALLS_MEM_ANY,750027873,2.49,,
    90.016769307,20031253998,,CYCLE_ACTIVITY.STALLS_TOTAL,750027873,2.49,,
    90.016769307,66375811850,,cpu-cycles,750027873,2.49,,
    90.016769307,66375811769,,ref-cycles,750027873,2.49,,
    90.016769307,130768816690,,instructions,750027873,2.49,1.97,insn per cycle
    90.016769307,6330922777,,EXE_ACTIVITY.1_PORTS_UTIL,750029074,2.49,,
    90.016769307,9550130467,,EXE_ACTIVITY.2_PORTS_UTIL,750029074,2.49,,
    90.016769307,2481709043,,EXE_ACTIVITY.BOUND_ON_STORES,750029074,2.49,,
    90.016769307,491864851,,EXE_ACTIVITY.EXE_BOUND_0_PORTS,750029074,2.49,,
    90.016769307,66375959904,,cpu-cycles,750029074,2.49,,
    90.016769307,66375955479,,ref-cycles,750029074,2.49,,
    90.016769307,130736497502,,instructions,750029074,2.49,1.97,insn per cycle
    90.016769307,697950101,,MEM_LOAD_RETIRED.L2_HIT,750028076,2.49,,
    90.016769307,1039751470,,MEM_LOAD_RETIRED.FB_HIT,750028076,2.49,,
    90.016769307,807324354,,MEM_LOAD_RETIRED.L1_MISS,750028076,2.49,,
    90.016769307,658781808,,L1D_PEND_MISS.FB_FULL:c1,750028076,2.49,,
    90.016769307,66375929746,,cpu-cycles,750028076,2.49,,
    90.016769307,66375935458,,ref-cycles,750028076,2.49,,
    90.016769307,130739926489,,instructions,750028076,2.49,1.97,insn per cycle
    90.016769307,7946434744,,CYCLE_ACTIVITY.STALLS_L1D_MISS,750027762,2.49,,
    90.016769307,7096231365,,CYCLE_ACTIVITY.STALLS_L2_MISS,750027762,2.49,,
    90.016769307,32603011,,CYCLE_ACTIVITY.STALLS_L3_MISS,750027762,2.49,,
    90.016769307,17286755821,,OFFCORE_REQUESTS_OUTSTANDING.CYCLES_WITH_DEMAND_RFO,750027762,2.49,,
    90.016769307,66375813144,,cpu-cycles,750027762,2.49,,
    90.016769307,66375810730,,ref-cycles,750027762,2.49,,
    90.016769307,130833873171,,instructions,750027762,2.49,1.97,insn per cycle
    90.016769307,84202,,ITLB_MISSES.WALK_COMPLETED,750028117,2.49,,
    90.016769307,2349869,,ITLB_MISSES.WALK_ACTIVE,750028117,2.49,,
    90.016769307,160,,DTLB_LOAD_MISSES.WALK_COMPLETED,750028117,2.49,,
    90.016769307,1623023,,DTLB_LOAD_MISSES.WALK_ACTIVE,750028117,2.49,,
    90.016769307,66376202291,,cpu-cycles,750028117,2.49,,
    90.016769307,66376201808,,ref-cycles,750028117,2.49,,
    90.016769307,130861405946,,instructions,750028117,2.49,1.97,insn per cycle
    90.016769307,0,,DTLB_STORE_MISSES.WALK_COMPLETED,810545768,2.69,,
    90.016769307,16826,,DTLB_STORE_MISSES.WALK_ACTIVE,810545768,2.69,,
    90.016769307,2067930377,,IDQ_UOPS_NOT_DELIVERED.CYCLES_0_UOPS_DELIV.CORE,810545768,2.69,,
    90.016769307,4678038,,BACLEARS.ANY,810545768,2.69,,
    90.016769307,66376911471,,cpu-cycles,810545768,2.69,,
    90.016769307,66376887460,,ref-cycles,810545768,2.69,,
    90.016769307,149644651927,,instructions,810545768,2.69,2.25,insn per cycle
    90.016769307,20348929,,MEM_INST_RETIRED.LOCK_LOADS,1500055600,4.97,,
    90.016769307,436079626,,L2_RQSTS.ALL_RFO,1500055600,4.97,,
    90.016769307,20696250235,,MEM_INST_RETIRED.ALL_STORES,1500055600,4.97,,
    90.016769307,148497170,,L2_RQSTS.RFO_HIT,1500055600,4.97,,
    90.016769307,66374496606,,cpu-cycles,1500055600,4.97,,
    90.016769307,66374502540,,ref-cycles,1500055600,4.97,,
    90.016769307,168028964955,,instructions,1500055600,4.97,2.53,insn per cycle
    90.016769307,27738,,OFFCORE_REQUESTS_OUTSTANDING.L3_MISS_DEMAND_DATA_RD_GE_6,1500056479,4.97,,
    90.016769307,22390360,,OFFCORE_REQUESTS_OUTSTANDING.CYCLES_WITH_L3_MISS_DEMAND_DATA_RD,1500056479,4.97,,
    90.016769307,66377729830,,cpu-cycles,1500056479,4.97,,
    90.016769307,66377730876,,ref-cycles,1500056479,4.97,,
    90.016769307,168134506578,,instructions,1500056479,4.97,2.53,insn per cycle
    90.016769307,55080835417,,UOPS_EXECUTED.CORE_CYCLES_GE_1,1500055955,4.97,,
    90.016769307,48266943421,,UOPS_EXECUTED.CORE_CYCLES_GE_2,1500055955,4.97,,
    90.016769307,37958218560,,UOPS_EXECUTED.CORE_CYCLES_GE_3,1500055955,4.97,,
    90.016769307,17002366503,,UOPS_RETIRED.MACRO_FUSED,1500055955,4.97,,
    90.016769307,66377453595,,cpu-cycles,1500055955,4.97,,
    90.016769307,66377459750,,ref-cycles,1500055955,4.97,,
    90.016769307,168032360982,,instructions,1500055955,4.97,2.53,insn per cycle
    90.016769307,176006293,,FP_ARITH_INST_RETIRED.SCALAR_SINGLE:u0x03,1500016064,4.97,,
    90.016769307,87660422,,FP_ARITH_INST_RETIRED.128B_PACKED_DOUBLE:u0xfc,1500016064,4.97,,
    90.016769307,30206530,,ICACHE_16B.IFDATA_STALL,1500016064,4.97,,
    90.016769307,3791624,,ICACHE_16B.IFDATA_STALL:c1:e1,1500016064,4.97,,
    90.016769307,66375862502,,cpu-cycles,1500016064,4.97,,
    90.016769307,66375872580,,ref-cycles,1500016064,4.97,,
    90.016769307,168117192007,,instructions,1500016064,4.97,2.53,insn per cycle
    90.016769307,40228281,,L2_RQSTS.ALL_CODE_RD,1500056417,4.97,,
    90.016769307,1086,,ITLB_MISSES.WALK_COMPLETED_2M_4M,1500056417,4.97,,
    90.016769307,580124336,,L2_LINES_IN.ALL,1500056417,4.97,,
    90.016769307,54741968,,MEM_LOAD_RETIRED.L2_MISS,1500056417,4.97,,
    90.016769307,66377836515,,cpu-cycles,1500056417,4.97,,
    90.016769307,66377836475,,ref-cycles,1500056417,4.97,,
    90.016769307,168144341534,,instructions,1500056417,4.97,2.53,insn per cycle
    90.016769307,1733968,,L2_RQSTS.CODE_RD_MISS,1500056228,4.97,,
    90.016769307,1589,,DTLB_LOAD_MISSES.WALK_COMPLETED_2M_4M,1500056228,4.97,,
    90.016769307,2916,,DTLB_LOAD_MISSES.WALK_COMPLETED_4K,1500056228,4.97,,
    90.016769307,241,,DTLB_LOAD_MISSES.WALK_COMPLETED_1G,1500056228,4.97,,
    90.016769307,66377409806,,cpu-cycles,1500056228,4.97,,
    90.016769307,66377405300,,ref-cycles,1500056228,4.97,,
    90.016769307,168042329260,,instructions,1500056228,4.97,2.53,insn per cycle
    90.016769307,520685850,,MEM_LOAD_RETIRED.FB_HIT,1500055585,4.97,,
    90.016769307,0,,CYCLE_ACTIVITY.CYCLES_MEM_ANY,1500055585,4.97,,
    90.016769307,6798246045,,CYCLE_ACTIVITY.CYCLES_L1D_MISS,1500055585,4.97,,
    90.016769307,66377636879,,cpu-cycles,1500055585,4.97,,
    90.016769307,66377636216,,ref-cycles,1500055585,4.97,,
    90.016769307,168031302933,,instructions,1500055585,4.97,2.53,insn per cycle
    90.016769307,8079906513,,IDQ.MS_UOPS,1500057714,4.97,,
    90.016769307,8069678,,ICACHE_64B.IFTAG_STALL,1500057714,4.97,,
    90.016769307,17112684,,DTLB_LOAD_MISSES.STLB_HIT:c1,1500057714,4.97,,
    90.016769307,66378480442,,cpu-cycles,1500057714,4.97,,
    90.016769307,66378481729,,ref-cycles,1500057714,4.97,,
    90.016769307,167990625017,,instructions,1500057714,4.97,2.53,insn per cycle
    90.016769307,29250767,,ICACHE_16B.IFDATA_STALL,1500056152,4.97,,
    90.016769307,3692687,,ICACHE_16B.IFDATA_STALL:c1:e1,1500056152,4.97,,
    90.016769307,191980002,,ARITH.DIVIDER_ACTIVE,1500056152,4.97,,
    90.016769307,11295599568,,UOPS_EXECUTED.CORE_CYCLES_NONE,1500056152,4.97,,
    90.016769307,66378333323,,cpu-cycles,1500056152,4.97,,
    90.016769307,66378338835,,ref-cycles,1500056152,4.97,,
    90.016769307,168016261609,,instructions,1500056152,4.97,2.53,insn per cycle
    90.016769307,754300736,,CPU_CLK_THREAD_UNHALTED.ONE_THREAD_ACTIVE,1500056267,4.97,,
    90.016769307,754300736,,CPU_CLK_THREAD_UNHALTED.REF_XCLK_ANY,1500056267,4.97,,
    90.016769307,53221583,,cpu-cycles:k,1500056267,4.97,,
    90.016769307,53278551,,ref-cycles:k,1500056267,4.97,,
    90.016769307,43740075,,instructions:k,1500056267,4.97,0.06,insn per cycle
    90.016769307,97301724539,,IDQ.DSB_UOPS,1569596691,5.20,,
    90.016769307,60410284271,,IDQ.MITE_UOPS,1569596691,5.20,,
    90.016769307,0,,LSD.UOPS,1569596691,5.20,,
    90.016769307,66335182825,,cpu-cycles,1569596691,5.20,,
    90.016769307,66335190784,,ref-cycles,1569596691,5.20,,
    90.016769307,164414251202,,instructions,1569596691,5.20,2.48,insn per cycle
    90.016769307,24790587043,,IDQ.ALL_MITE_CYCLES_ANY_UOPS,1597505500,5.29,,
    90.016769307,9390291774,,IDQ.ALL_MITE_CYCLES_4_UOPS,1597505500,5.29,,
    90.016769307,66327665687,,cpu-cycles,1597505500,5.29,,
    90.016769307,66327665215,,ref-cycles,1597505500,5.29,,
    90.016769307,163135044233,,instructions,1597505500,5.29,2.46,insn per cycle
    90.016769307,21408378759,,IDQ.ALL_DSB_CYCLES_ANY_UOPS,1500056184,4.97,,
    90.016769307,17007846316,,IDQ.ALL_DSB_CYCLES_4_UOPS,1500056184,4.97,,
    90.016769307,66379532682,,cpu-cycles,1500056184,4.97,,
    90.016769307,66379536001,,ref-cycles,1500056184,4.97,,
    90.016769307,168072666526,,instructions,1500056184,4.97,2.53,insn per cycle
    90.016769307,1095119,,MEM_LOAD_L3_HIT_RETIRED.XSNP_HIT,1500056049,4.97,,
    90.016769307,25099624,,MEM_LOAD_L3_HIT_RETIRED.XSNP_HITM,1500056049,4.97,,
    90.016769307,66379591955,,cpu-cycles,1500056049,4.97,,
    90.016769307,66379593886,,ref-cycles,1500056049,4.97,,
    90.016769307,168019322634,,instructions,1500056049,4.97,2.53,insn per cycle
    90.016769307,23099715,,UOPS_EXECUTED.X87,1500055956,4.97,,
    90.016769307,182462589153,,UOPS_EXECUTED.THREAD,1500055956,4.97,,
    90.016769307,66379772798,,cpu-cycles,1500055956,4.97,,
    90.016769307,66379775634,,ref-cycles,1500055956,4.97,,
    90.016769307,168030534469,,instructions,1500055956,4.97,2.53,insn per cycle
    90.016769307,<not supported>,,cstate_core/c6-residency/,0,100.00,,
    90.016769307,<not supported>,,cstate_pkg/c6-residency/,0,100.00,,
    95.017889189,66386437707,,CORE_POWER.LVL0_TURBO_LICENSE,806192825,2.67,,
    95.017889189,0,,CORE_POWER.LVL1_TURBO_LICENSE,806192825,2.67,,
    95.017889189,0,,CORE_POWER.LVL2_TURBO_LICENSE,806192825,2.67,,
    95.017889189,211601,,L1D.REPLACEMENT,806192825,2.67,,
    95.017889189,66386351914,,cpu-cycles,806192825,2.67,,
    95.017889189,66386344989,,ref-cycles,806192825,2.67,,
    95.017889189,205462302412,,instructions,806192825,2.67,3.10,insn per cycle
    95.017889189,744945,,MACHINE_CLEARS.COUNT,1500056604,4.97,,
    95.017889189,1583978,,BR_MISP_RETIRED.ALL_BRANCHES,1500056604,4.97,,
    95.017889189,15311226,,INT_MISC.CLEAR_RESTEER_CYCLES,1500056604,4.97,,
    95.017889189,60277194044,,MEM_LOAD_RETIRED.L1_HIT,1500056604,4.97,,
    95.017889189,66382483000,,cpu-cycles,1500056604,4.97,,
    95.017889189,66382485876,,ref-cycles,1500056604,4.97,,
    95.017889189,205489570063,,instructions,1500056604,4.97,3.10,insn per cycle
    95.017889189,203361349363,,UOPS_ISSUED.ANY,1500055595,4.97,,
    95.017889189,203156655012,,UOPS_RETIRED.RETIRE_SLOTS,1500055595,4.97,,
    95.017889189,14508777,,INT_MISC.RECOVERY_CYCLES_ANY,1500055595,4.97,,
    95.017889189,14508777,,INT_MISC.RECOVERY_CYCLES,1500055595,4.97,,
    95.017889189,66385776396,,cpu-cycles,1500055595,4.97,,
    95.017889189,66385776496,,ref-cycles,1500055595,4.97,,
    95.017889189,205446170901,,instructions,1500055595,4.97,3.10,insn per cycle
    95.017889189,66385392976,,CPU_CLK_UNHALTED.THREAD_ANY,1500050884,4.97,,
    95.017889189,44930282221,,IDQ_UOPS_NOT_DELIVERED.CORE,1500050884,4.97,,
    95.017889189,2217935850,,CYCLE_ACTIVITY.STALLS_MEM_ANY,1500050884,4.97,,
    95.017889189,2534941460,,CYCLE_ACTIVITY.STALLS_TOTAL,1500050884,4.97,,
    95.017889189,66385392976,,cpu-cycles,1500050884,4.97,,
    95.017889189,66385390582,,ref-cycles,1500050884,4.97,,
    95.017889189,205403158700,,instructions,1500050884,4.97,3.09,insn per cycle
    95.017889189,7188439560,,EXE_ACTIVITY.1_PORTS_UTIL,1500012529,4.97,,
    95.017889189,11162227355,,EXE_ACTIVITY.2_PORTS_UTIL,1500012529,4.97,,
    95.017889189,16637,,EXE_ACTIVITY.BOUND_ON_STORES,1500012529,4.97,,
    95.017889189,264369375,,EXE_ACTIVITY.EXE_BOUND_0_PORTS,1500012529,4.97,,
    95.017889189,66383802587,,cpu-cycles,1500012529,4.97,,
    95.017889189,66383809870,,ref-cycles,1500012529,4.97,,
    95.017889189,205436899206,,instructions,1500012529,4.97,3.10,insn per cycle
    95.017889189,57495,,MEM_LOAD_RETIRED.L2_HIT,1500055612,4.97,,
    95.017889189,96161,,MEM_LOAD_RETIRED.FB_HIT,1500055612,4.97,,
    95.017889189,124084,,MEM_LOAD_RETIRED.L1_MISS,1500055612,4.97,,
    95.017889189,40,,L1D_PEND_MISS.FB_FULL:c1,1500055612,4.97,,
    95.017889189,66385790149,,cpu-cycles,1500055612,4.97,,
    95.017889189,66385789425,,ref-cycles,1500055612,4.97,,
    95.017889189,205362359061,,instructions,1500055612,4.97,3.09,insn per cycle
    95.017889189,2154593,,CYCLE_ACTIVITY.STALLS_L1D_MISS,1500056102,4.97,,
    95.017889189,1968588,,CYCLE_ACTIVITY.STALLS_L2_MISS,1500056102,4.97,,
    95.017889189,279812,,CYCLE_ACTIVITY.STALLS_L3_MISS,1500056102,4.97,,
    95.017889189,266917,,OFFCORE_REQUESTS_OUTSTANDING.CYCLES_WITH_DEMAND_RFO,1500056102,4.97,,
    95.017889189,66385986371,,cpu-cycles,1500056102,4.97,,
    95.017889189,66385987698,,ref-cycles,1500056102,4.97,,
    95.017889189,205604891312,,instructions,1500056102,4.97,3.10,insn per cycle
    95.017889189,193348,,ITLB_MISSES.WALK_COMPLETED,1500056159,4.97,,
    95.017889189,3860933,,ITLB_MISSES.WALK_ACTIVE,1500056159,4.97,,
    95.017889189,0,,DTLB_LOAD_MISSES.WALK_COMPLETED,1500056159,4.97,,
    95.017889189,109338,,DTLB_LOAD_MISSES.WALK_ACTIVE,1500056159,4.97,,
    95.017889189,66385952989,,cpu-cycles,1500056159,4.97,,
    95.017889189,66385954035,,ref-cycles,1500056159,4.97,,
    95.017889189,205356256339,,instructions,1500056159,4.97,3.09,insn per cycle
    95.017889189,0,,DTLB_STORE_MISSES.WALK_COMPLETED,1500057813,4.97,,
    95.017889189,1307,,DTLB_STORE_MISSES.WALK_ACTIVE,1500057813,4.97,,
    95.017889189,1963862596,,IDQ_UOPS_NOT_DELIVERED.CYCLES_0_UOPS_DELIV.CORE,1500057813,4.97,,
    95.017889189,1030835,,BACLEARS.ANY,1500057813,4.97,,
    95.017889189,66386094035,,cpu-cycles,1500057813,4.97,,
    95.017889189,66386090917,,ref-cycles,1500057813,4.97,,
    95.017889189,205522509569,,instructions,1500057813,4.97,3.10,insn per cycle
    95.017889189,42669,,MEM_INST_RETIRED.LOCK_LOADS,1500055949,4.97,,
    95.017889189,8851,,L2_RQSTS.ALL_RFO,1500055949,4.97,,
    95.017889189,23992256087,,MEM_INST_RETIRED.ALL_STORES,1500055949,4.97,,
    95.017889189,2937,,L2_RQSTS.RFO_HIT,1500055949,4.97,,
    95.017889189,66385963810,,cpu-cycles,1500055949,4.97,,
    95.017889189,66385963267,,ref-cycles,1500055949,4.97,,
    95.017889189,205403590929,,instructions,1500055949,4.97,3.09,insn per cycle
    95.017889189,3621,,OFFCORE_REQUESTS_OUTSTANDING.L3_MISS_DEMAND_DATA_RD_GE_6,1500012593,4.97,,
    95.017889189,877668,,OFFCORE_REQUESTS_OUTSTANDING.CYCLES_WITH_L3_MISS_DEMAND_DATA_RD,1500012593,4.97,,
    95.017889189,66385283665,,cpu-cycles,1500012593,4.97,,
    95.017889189,66385280245,,ref-cycles,1500012593,4.97,,
    95.017889189,205404517531,,instructions,1500012593,4.97,3.09,insn per cycle
    95.017889189,63883556513,,UOPS_EXECUTED.CORE_CYCLES_GE_1,1500055973,4.97,,
    95.017889189,56747702639,,UOPS_EXECUTED.CORE_CYCLES_GE_2,1500055973,4.97,,
    95.017889189,45501631379,,UOPS_EXECUTED.CORE_CYCLES_GE_3,1500055973,4.97,,
    95.017889189,22530889988,,UOPS_RETIRED.MACRO_FUSED,1500055973,4.97,,
    95.017889189,66386671345,,cpu-cycles,1500055973,4.97,,
    95.017889189,66386670480,,ref-cycles,1500055973,4.97,,
    95.017889189,205555141702,,instructions,1500055973,4.97,3.10,insn per cycle
    95.017889189,263140308,,FP_ARITH_INST_RETIRED.SCALAR_SINGLE:u0x03,1500049044,4.97,,
    95.017889189,131178445,,FP_ARITH_INST_RETIRED.128B_PACKED_DOUBLE:u0xfc,1500049044,4.97,,
    95.017889189,1033177,,ICACHE_16B.IFDATA_STALL,1500049044,4.97,,
    95.017889189,176310,,ICACHE_16B.IFDATA_STALL:c1:e1,1500049044,4.97,,
    95.017889189,66385856001,,cpu-cycles,1500049044,4.97,,
    95.017889189,66385852017,,ref-cycles,1500049044,4.97,,
    95.017889189,205595021333,,instructions,1500049044,4.97,3.10,insn per cycle
    95.017889189,788564,,L2_RQSTS.ALL_CODE_RD,1500056207,4.97,,
    95.017889189,0,,ITLB_MISSES.WALK_COMPLETED_2M_4M,1500056207,4.97,,
    95.017889189,125935,,L2_LINES_IN.ALL,1500056207,4.97,,
    95.017889189,44580,,MEM_LOAD_RETIRED.L2_MISS,1500056207,4.97,,
    95.017889189,66386174348,,cpu-cycles,1500056207,4.97,,
    95.017889189,66386173744,,ref-cycles,1500056207,4.97,,
    95.017889189,205450288285,,instructions,1500056207,4.97,3.10,insn per cycle
    95.017889189,160,,L2_RQSTS.CODE_RD_MISS,1500055974,4.97,,
    95.017889189,0,,DTLB_LOAD_MISSES.WALK_COMPLETED_2M_4M,1500055974,4.97,,
    95.017889189,0,,DTLB_LOAD_MISSES.WALK_COMPLETED_4K,1500055974,4.97,,
    95.017889189,0,,DTLB_LOAD_MISSES.WALK_COMPLETED_1G,1500055974,4.97,,
    95.017889189,66386135123,,cpu-cycles,1500055974,4.97,,
    95.017889189,66386134983,,ref-cycles,1500055974,4.97,,
    95.017889189,205502751021,,instructions,1500055974,4.97,3.10,insn per cycle
    95.017889189,67234,,MEM_LOAD_RETIRED.FB_HIT,1500013969,4.97,,
    95.017889189,0,,CYCLE_ACTIVITY.CYCLES_MEM_ANY,1500013969,4.97,,
    95.017889189,4563856,,CYCLE_ACTIVITY.CYCLES_L1D_MISS,1500013969,4.97,,
    95.017889189,66385054889,,cpu-cycles,1500013969,4.97,,
    95.017889189,66385056719,,ref-cycles,1500013969,4.97,,
    95.017889189,205507070474,,instructions,1500013969,4.97,3.10,insn per cycle
    95.017889189,9738756703,,IDQ.MS_UOPS,1453503310,4.82,,
    95.017889189,9187296,,ICACHE_64B.IFTAG_STALL,1453503310,4.82,,
    95.017889189,119484,,DTLB_LOAD_MISSES.STLB_HIT:c1,1453503310,4.82,,
    95.017889189,66386756989,,cpu-cycles,1453503310,4.82,,
    95.017889189,66386767868,,ref-cycles,1453503310,4.82,,
    95.017889189,205447528503,,instructions,1453503310,4.82,3.10,insn per cycle
    95.017889189,1097813,,ICACHE_16B.IFDATA_STALL,750028213,2.49,,
    95.017889189,189547,,ICACHE_16B.IFDATA_STALL:c1:e1,750028213,2.49,,
    95.017889189,2405653,,ARITH.DIVIDER_ACTIVE,750028213,2.49,,
    95.017889189,2534322211,,UOPS_EXECUTED.CORE_CYCLES_NONE,750028213,2.49,,
    95.017889189,66385935615,,cpu-cycles,750028213,2.49,,
    95.017889189,66385937345,,ref-cycles,750028213,2.49,,
    95.017889189,205469028838,,instructions,750028213,2.49,3.10,insn per cycle
    95.017889189,754386430,,CPU_CLK_THREAD_UNHALTED.ONE_THREAD_ACTIVE,750027856,2.49,,
    95.017889189,754386430,,CPU_CLK_THREAD_UNHALTED.REF_XCLK_ANY,750027856,2.49,,
    95.017889189,64336737,,cpu-cycles:k,750027856,2.49,,
    95.017889189,64560846,,ref-cycles:k,750027856,2.49,,
    95.017889189,53161933,,instructions:k,750027856,2.49,0.07,insn per cycle
    95.017889189,123972123833,,IDQ.DSB_UOPS,750028170,2.49,,
    95.017889189,67595732181,,IDQ.MITE_UOPS,750028170,2.49,,
    95.017889189,0,,LSD.UOPS,750028170,2.49,,
    95.017889189,66386323788,,cpu-cycles,750028170,2.49,,
    95.017889189,66386325398,,ref-cycles,750028170,2.49,,
    95.017889189,205504073680,,instructions,750028170,2.49,3.10,insn per cycle
    95.017889189,28751155106,,IDQ.ALL_MITE_CYCLES_ANY_UOPS,755048638,2.50,,
    95.017889189,10101844839,,IDQ.ALL_MITE_CYCLES_4_UOPS,755048638,2.50,,
    95.017889189,66380744970,,cpu-cycles,755048638,2.50,,
    95.017889189,66380740813,,ref-cycles,755048638,2.50,,
    95.017889189,204576315285,,instructions,755048638,2.50,3.08,insn per cycle
    95.017889189,25820258875,,IDQ.ALL_DSB_CYCLES_ANY_UOPS,771341012,2.56,,
    95.017889189,20655175061,,IDQ.ALL_DSB_CYCLES_4_UOPS,771341012,2.56,,
    95.017889189,66362517080,,cpu-cycles,771341012,2.56,,
    95.017889189,66362508825,,ref-cycles,771341012,2.56,,
    95.017889189,202157664592,,instructions,771341012,2.56,3.05,insn per cycle
    95.017889189,439,,MEM_LOAD_L3_HIT_RETIRED.XSNP_HIT,893184762,2.96,,
    95.017889189,20542,,MEM_LOAD_L3_HIT_RETIRED.XSNP_HITM,893184762,2.96,,
    95.017889189,66253104138,,cpu-cycles,893184762,2.96,,
    95.017889189,66253112044,,ref-cycles,893184762,2.96,,
    95.017889189,186586631297,,instructions,893184762,2.96,2.81,insn per cycle
    95.017889189,167417,,UOPS_EXECUTED.X87,750028196,2.49,,
    95.017889189,216230454303,,UOPS_EXECUTED.THREAD,750028196,2.49,,
    95.017889189,66386481676,,cpu-cycles,750028196,2.49,,
    95.017889189,66386488395,,ref-cycles,750028196,2.49,,
    95.017889189,205311486471,,instructions,750028196,2.49,3.09,insn per cycle
    95.017889189,<not supported>,,cstate_core/c6-residency/,0,100.00,,
    95.017889189,<not supported>,,cstate_pkg/c6-residency/,0,100.00,,
   100.019034757,66377595825,,CORE_POWER.LVL0_TURBO_LICENSE,1500233894,4.97,,
   100.019034757,0,,CORE_POWER.LVL1_TURBO_LICENSE,1500233894,4.97,,
   100.019034757,0,,CORE_POWER.LVL2_TURBO_LICENSE,1500233894,4.97,,
   100.019034757,236233,,L1D.REPLACEMENT,1500233894,4.97,,
   100.019034757,66377595825,,cpu-cycles,1500233894,4.97,,
   100.019034757,66377591520,,ref-cycles,1500233894,4.97,,
   100.019034757,205323191811,,instructions,1500233894,4.97,3.09,insn per cycle
   100.019034757,747749,,MACHINE_CLEARS.COUNT,1500055759,4.97,,
   100.019034757,1580871,,BR_MISP_RETIRED.ALL_BRANCHES,1500055759,4.97,,
   100.019034757,15311449,,INT_MISC.CLEAR_RESTEER_CYCLES,1500055759,4.97,,
   100.019034757,60272772787,,MEM_LOAD_RETIRED.L1_HIT,1500055759,4.97,,
   100.019034757,66381241898,,cpu-cycles,1500055759,4.97,,
   100.019034757,66381241857,,ref-cycles,1500055759,4.97,,
   100.019034757,205474560565,,instructions,1500055759,4.97,3.10,insn per cycle
   100.019034757,203343353745,,UOPS_ISSUED.ANY,1500056160,4.97,,
   100.019034757,203138589477,,UOPS_RETIRED.RETIRE_SLOTS,1500056160,4.97,,
   100.019034757,14447852,,INT_MISC.RECOVERY_CYCLES_ANY,1500056160,4.97,,
   100.019034757,14447852,,INT_MISC.RECOVERY_CYCLES,1500056160,4.97,,
   100.019034757,66381215717,,cpu-cycles,1500056160,4.97,,
   100.019034757,66381216099,,ref-cycles,1500056160,4.97,,
   100.019034757,205370494060,,instructions,1500056160,4.97,3.09,insn per cycle
   100.019034757,66381068663,,CPU_CLK_UNHALTED.THREAD_ANY,1500056073,4.97,,
   100.019034757,44889227585,,IDQ_UOPS_NOT_DELIVERED.CORE,1500056073,4.97,,
   100.019034757,2222324639,,CYCLE_ACTIVITY.STALLS_MEM_ANY,1500056073,4.97,,
   100.019034757,2532125568,,CYCLE_ACTIVITY.STALLS_TOTAL,1500056073,4.97,,
   100.019034757,66381068663,,cpu-cycles,1500056073,4.97,,
   100.019034757,66381076025,,ref-cycles,1500056073,4.97,,
   100.019034757,205417774674,,instructions,1500056073,4.97,3.09,insn per cycle
   100.019034757,7162308824,,EXE_ACTIVITY.1_PORTS_UTIL,1500058209,4.97,,
   100.019034757,11211048016,,EXE_ACTIVITY.2_PORTS_UTIL,1500058209,4.97,,
   100.019034757,422,,EXE_ACTIVITY.BOUND_ON_STORES,1500058209,4.97,,
   100.019034757,255467589,,EXE_ACTIVITY.EXE_BOUND_0_PORTS,1500058209,4.97,,
   100.019034757,66381118465,,cpu-cycles,1500058209,4.97,,
   100.019034757,66381119954,,ref-cycles,1500058209,4.97,,
   100.019034757,205382464696,,instructions,1500058209,4.97,3.09,insn per cycle
   100.019034757,56445,,MEM_LOAD_RETIRED.L2_HIT,1500055661,4.97,,
   100.019034757,88570,,MEM_LOAD_RETIRED.FB_HIT,1500055661,4.97,,
   100.019034757,120092,,MEM_LOAD_RETIRED.L1_MISS,1500055661,4.97,,
   100.019034757,0,,L1D_PEND_MISS.FB_FULL:c1,1500055661,4.97,,
   100.019034757,66381062518,,cpu-cycles,1500055661,4.97,,
   100.019034757,66381063383,,ref-cycles,1500055661,4.97,,
   100.019034757,205453771018,,instructions,1500055661,4.97,3.10,insn per cycle
   100.019034757,3906334,,CYCLE_ACTIVITY.STALLS_L1D_MISS,1500056384,4.97,,
   100.019034757,3668402,,CYCLE_ACTIVITY.STALLS_L2_MISS,1500056384,4.97,,
   100.019034757,1504873,,CYCLE_ACTIVITY.STALLS_L3_MISS,1500056384,4.97,,
   100.019034757,1005334,,OFFCORE_REQUESTS_OUTSTANDING.CYCLES_WITH_DEMAND_RFO,1500056384,4.97,,
   100.019034757,66381094442,,cpu-cycles,1500056384,4.97,,
   100.019034757,66381094382,,ref-cycles,1500056384,4.97,,
   100.019034757,205420403697,,instructions,1500056384,4.97,3.09,insn per cycle
   100.019034757,195164,,ITLB_MISSES.WALK_COMPLETED,1500055829,4.97,,
   100.019034757,3888091,,ITLB_MISSES.WALK_ACTIVE,1500055829,4.97,,
   100.019034757,0,,DTLB_LOAD_MISSES.WALK_COMPLETED,1500055829,4.97,,
   100.019034757,102148,,DTLB_LOAD_MISSES.WALK_ACTIVE,1500055829,4.97,,
   100.019034757,66381130158,,cpu-cycles,1500055829,4.97,,
   100.019034757,66381135388,,ref-cycles,1500055829,4.97,,
   100.019034757,205420723647,,instructions,1500055829,4.97,3.09,insn per cycle
   100.019034757,0,,DTLB_STORE_MISSES.WALK_COMPLETED,1459067225,4.84,,
   100.019034757,454,,DTLB_STORE_MISSES.WALK_ACTIVE,1459067225,4.84,,
   100.019034757,1972265050,,IDQ_UOPS_NOT_DELIVERED.CYCLES_0_UOPS_DELIV.CORE,1459067225,4.84,,
   100.019034757,1009629,,BACLEARS.ANY,1459067225,4.84,,
   100.019034757,66381424604,,cpu-cycles,1459067225,4.84,,
   100.019034757,66381430229,,ref-cycles,1459067225,4.84,,
   100.019034757,205400076663,,instructions,1459067225,4.84,3.09,insn per cycle
   100.019034757,38864,,MEM_INST_RETIRED.LOCK_LOADS,750028228,2.49,,
   100.019034757,4143,,L2_RQSTS.ALL_RFO,750028228,2.49,,
   100.019034757,24010609637,,MEM_INST_RETIRED.ALL_STORES,750028228,2.49,,
   100.019034757,2534,,L2_RQSTS.RFO_HIT,750028228,2.49,,
   100.019034757,66380949491,,cpu-cycles,750028228,2.49,,
   100.019034757,66380954520,,ref-cycles,750028228,2.49,,
   100.019034757,205556616968,,instructions,750028228,2.49,3.10,insn per cycle
   100.019034757,0,,OFFCORE_REQUESTS_OUTSTANDING.L3_MISS_DEMAND_DATA_RD_GE_6,750027940,2.49,,
   100.019034757,406343,,OFFCORE_REQUESTS_OUTSTANDING.CYCLES_WITH_L3_MISS_DEMAND_DATA_RD,750027940,2.49,,
   100.019034757,66381519836,,cpu-cycles,750027940,2.49,,
   100.019034757,66381522009,,ref-cycles,750027940,2.49,,
   100.019034757,205447787166,,instructions,750027940,2.49,3.10,insn per cycle
   100.019034757,63852976208,,UOPS_EXECUTED.CORE_CYCLES_GE_1,750027981,2.49,,
   100.019034757,56608602055,,UOPS_EXECUTED.CORE_CYCLES_GE_2,750027981,2.49,,
   100.019034757,45576461497,,UOPS_EXECUTED.CORE_CYCLES_GE_3,750027981,2.49,,
   100.019034757,22520235650,,UOPS_RETIRED.MACRO_FUSED,750027981,2.49,,
   100.019034757,66381562362,,cpu-cycles,750027981,2.49,,
   100.019034757,66381564293,,ref-cycles,750027981,2.49,,
   100.019034757,205488515261,,instructions,750027981,2.49,3.10,insn per cycle
   100.019034757,263227286,,FP_ARITH_INST_RETIRED.SCALAR_SINGLE:u0x03,750005357,2.49,,
   100.019034757,131221831,,FP_ARITH_INST_RETIRED.128B_PACKED_DOUBLE:u0xfc,750005357,2.49,,
   100.019034757,1077405,,ICACHE_16B.IFDATA_STALL,750005357,2.49,,
   100.019034757,184911,,ICACHE_16B.IFDATA_STALL:c1:e1,750005357,2.49,,
   100.019034757,66378838266,,cpu-cycles,750005357,2.49,,
   100.019034757,66378841324,,ref-cycles,750005357,2.49,,
   100.019034757,205485646191,,instructions,750005357,2.49,3.10,insn per cycle
   100.019034757,782472,,L2_RQSTS.ALL_CODE_RD,750027933,2.49,,
   100.019034757,0,,ITLB_MISSES.WALK_COMPLETED_2M_4M,750027933,2.49,,
   100.019034757,118845,,L2_LINES_IN.ALL,750027933,2.49,,
   100.019034757,45743,,MEM_LOAD_RETIRED.L2_MISS,750027933,2.49,,
   100.019034757,66381192756,,cpu-cycles,750027933,2.49,,
   100.019034757,66381190383,,ref-cycles,750027933,2.49,,
   100.019034757,205605458745,,instructions,750027933,2.49,3.10,insn per cycle
   100.019034757,0,,L2_RQSTS.CODE_RD_MISS,750028122,2.49,,
   100.019034757,0,,DTLB_LOAD_MISSES.WALK_COMPLETED_2M_4M,750028122,2.49,,
   100.019034757,0,,DTLB_LOAD_MISSES.WALK_COMPLETED_4K,750028122,2.49,,
   100.019034757,0,,DTLB_LOAD_MISSES.WALK_COMPLETED_1G,750028122,2.49,,
   100.019034757,66380980579,,cpu-cycles,750028122,2.49,,
   100.019034757,66380976878,,ref-cycles,750028122,2.49,,
   100.019034757,205342051246,,instructions,750028122,2.49,3.09,insn per cycle
   100.019034757,61635,,MEM_LOAD_RETIRED.FB_HIT,750028154,2.49,,
   100.019034757,0,,CYCLE_ACTIVITY.CYCLES_MEM_ANY,750028154,2.49,,
   100.019034757,4076912,,CYCLE_ACTIVITY.CYCLES_L1D_MISS,750028154,2.49,,
   100.019034757,66381295774,,cpu-cycles,750028154,2.49,,
   100.019034757,66381297664,,ref-cycles,750028154,2.49,,
   100.019034757,205307062810,,instructions,750028154,2.49,3.09,insn per cycle
   100.019034757,9737589254,,IDQ.MS_UOPS,796583241,2.64,,
   100.019034757,9046845,,ICACHE_64B.IFTAG_STALL,796583241,2.64,,
   100.019034757,120005,,DTLB_LOAD_MISSES.STLB_HIT:c1,796583241,2.64,,
   100.019034757,66381665309,,cpu-cycles,796583241,2.64,,
   100.019034757,66381651142,,ref-cycles,796583241,2.64,,
   100.019034757,205393774304,,instructions,796583241,2.64,3.09,insn per cycle
   100.019034757,1016176,,ICACHE_16B.IFDATA_STALL,1500055908,4.97,,
   100.019034757,173097,,ICACHE_16B.IFDATA_STALL:c1:e1,1500055908,4.97,,
   100.019034757,2392005,,ARITH.DIVIDER_ACTIVE,1500055908,4.97,,
   100.019034757,2545870692,,UOPS_EXECUTED.CORE_CYCLES_NONE,1500055908,4.97,,
   100.019034757,66377742255,,cpu-cycles,1500055908,4.97,,
   100.019034757,66377750503,,ref-cycles,1500055908,4.97,,
   100.019034757,205504946238,,instructions,1500055908,4.97,3.10,insn per cycle
   100.019034757,754332298,,CPU_CLK_THREAD_UNHALTED.ONE_THREAD_ACTIVE,1500056352,4.97,,
   100.019034757,754332298,,CPU_CLK_THREAD_UNHALTED.REF_XCLK_ANY,1500056352,4.97,,
   100.019034757,63186227,,cpu-cycles:k,1500056352,4.97,,
   100.019034757,63307687,,ref-cycles:k,1500056352,4.97,,
   100.019034757,52174412,,instructions:k,1500056352,4.97,0.07,insn per cycle
   100.019034757,123867208881,,IDQ.DSB_UOPS,1500055771,4.97,,
   100.019034757,67677814093,,IDQ.MITE_UOPS,1500055771,4.97,,
   100.019034757,0,,LSD.UOPS,1500055771,4.97,,
   100.019034757,66381376284,,cpu-cycles,1500055771,4.97,,
   100.019034757,66381382500,,ref-cycles,1500055771,4.97,,
   100.019034757,205493458145,,instructions,1500055771,4.97,3.10,insn per cycle
   100.019034757,28805243178,,IDQ.ALL_MITE_CYCLES_ANY_UOPS,1500058194,4.97,,
   100.019034757,10118217401,,IDQ.ALL_MITE_CYCLES_4_UOPS,1500058194,4.97,,
   100.019034757,66381331797,,cpu-cycles,1500058194,4.97,,
   100.019034757,66381333929,,ref-cycles,1500058194,4.97,,
   100.019034757,205297071077,,instructions,1500058194,4.97,3.09,insn per cycle
   100.019034757,26303658915,,IDQ.ALL_DSB_CYCLES_ANY_UOPS,1500056230,4.97,,
   100.019034757,21076813786,,IDQ.ALL_DSB_CYCLES_4_UOPS,1500056230,4.97,,
   100.019034757,66381033454,,cpu-cycles,1500056230,4.97,,
   100.019034757,66381038704,,ref-cycles,1500056230,4.97,,
   100.019034757,205484300502,,instructions,1500056230,4.97,3.10,insn per cycle
   100.019034757,217,,MEM_LOAD_L3_HIT_RETIRED.XSNP_HIT,1666923972,5.52,,
   100.019034757,18337,,MEM_LOAD_L3_HIT_RETIRED.XSNP_HITM,1666923972,5.52,,
   100.019034757,66294774510,,cpu-cycles,1666923972,5.52,,
   100.019034757,66294770057,,ref-cycles,1666923972,5.52,,
   100.019034757,193640352231,,instructions,1666923972,5.52,2.92,insn per cycle
   100.019034757,166117,,UOPS_EXECUTED.X87,1500055936,4.97,,
   100.019034757,216242088029,,UOPS_EXECUTED.THREAD,1500055936,4.97,,
   100.019034757,66381609746,,cpu-cycles,1500055936,4.97,,
   100.019034757,66381611958,,ref-cycles,1500055936,4.97,,
   100.019034757,205321239603,,instructions,1500055936,4.97,3.09,insn per cycle
   100.019034757,<not supported>,,cstate_core/c6-residency/,0,100.00,,
   100.019034757,<not supported>,,cstate_pkg/c6-residency/,0,100.00,,
   100.759055063,<not counted>,,CORE_POWER.LVL0_TURBO_LICENSE,0,0.00,,
   100.759055063,<not counted>,,CORE_POWER.LVL1_TURBO_LICENSE,0,0.00,,
   100.759055063,<not counted>,,CORE_POWER.LVL2_TURBO_LICENSE,0,0.00,,
   100.759055063,<not counted>,,L1D.REPLACEMENT,0,0.00,,
   100.759055063,<not counted>,,cpu-cycles,0,0.00,,
   100.759055063,<not counted>,,ref-cycles,0,0.00,,
   100.759055063,<not counted>,,instructions,0,0.00,,
   100.759055063,<not counted>,,MACHINE_CLEARS.COUNT,0,0.00,,
   100.759055063,<not counted>,,BR_MISP_RETIRED.ALL_BRANCHES,0,0.00,,
   100.759055063,<not counted>,,INT_MISC.CLEAR_RESTEER_CYCLES,0,0.00,,
   100.759055063,<not counted>,,MEM_LOAD_RETIRED.L1_HIT,0,0.00,,
   100.759055063,<not counted>,,cpu-cycles,0,0.00,,
   100.759055063,<not counted>,,ref-cycles,0,0.00,,
   100.759055063,<not counted>,,instructions,0,0.00,,
   100.759055063,<not counted>,,UOPS_ISSUED.ANY,0,0.00,,
   100.759055063,<not counted>,,UOPS_RETIRED.RETIRE_SLOTS,0,0.00,,
   100.759055063,<not counted>,,INT_MISC.RECOVERY_CYCLES_ANY,0,0.00,,
   100.759055063,<not counted>,,INT_MISC.RECOVERY_CYCLES,0,0.00,,
   100.759055063,<not counted>,,cpu-cycles,0,0.00,,
   100.759055063,<not counted>,,ref-cycles,0,0.00,,
   100.759055063,<not counted>,,instructions,0,0.00,,
   100.759055063,<not counted>,,CPU_CLK_UNHALTED.THREAD_ANY,0,0.00,,
   100.759055063,<not counted>,,IDQ_UOPS_NOT_DELIVERED.CORE,0,0.00,,
   100.759055063,<not counted>,,CYCLE_ACTIVITY.STALLS_MEM_ANY,0,0.00,,
   100.759055063,<not counted>,,CYCLE_ACTIVITY.STALLS_TOTAL,0,0.00,,
   100.759055063,<not counted>,,cpu-cycles,0,0.00,,
   100.759055063,<not counted>,,ref-cycles,0,0.00,,
   100.759055063,<not counted>,,instructions,0,0.00,,
   100.759055063,<not counted>,,EXE_ACTIVITY.1_PORTS_UTIL,0,0.00,,
   100.759055063,<not counted>,,EXE_ACTIVITY.2_PORTS_UTIL,0,0.00,,
   100.759055063,<not counted>,,EXE_ACTIVITY.BOUND_ON_STORES,0,0.00,,
   100.759055063,<not counted>,,EXE_ACTIVITY.EXE_BOUND_0_PORTS,0,0.00,,
   100.759055063,<not counted>,,cpu-cycles,0,0.00,,
   100.759055063,<not counted>,,ref-cycles,0,0.00,,
   100.759055063,<not counted>,,instructions,0,0.00,,
   100.759055063,<not counted>,,MEM_LOAD_RETIRED.L2_HIT,0,0.00,,
   100.759055063,<not counted>,,MEM_LOAD_RETIRED.FB_HIT,0,0.00,,
   100.759055063,<not counted>,,MEM_LOAD_RETIRED.L1_MISS,0,0.00,,
   100.759055063,<not counted>,,L1D_PEND_MISS.FB_FULL:c1,0,0.00,,
   100.759055063,<not counted>,,cpu-cycles,0,0.00,,
   100.759055063,<not counted>,,ref-cycles,0,0.00,,
   100.759055063,<not counted>,,instructions,0,0.00,,
   100.759055063,<not counted>,,CYCLE_ACTIVITY.STALLS_L1D_MISS,0,0.00,,
   100.759055063,<not counted>,,CYCLE_ACTIVITY.STALLS_L2_MISS,0,0.00,,
   100.759055063,<not counted>,,CYCLE_ACTIVITY.STALLS_L3_MISS,0,0.00,,
   100.759055063,<not counted>,,OFFCORE_REQUESTS_OUTSTANDING.CYCLES_WITH_DEMAND_RFO,0,0.00,,
   100.759055063,<not counted>,,cpu-cycles,0,0.00,,
   100.759055063,<not counted>,,ref-cycles,0,0.00,,
   100.759055063,<not counted>,,instructions,0,0.00,,
   100.759055063,<not counted>,,ITLB_MISSES.WALK_COMPLETED,0,0.00,,
   100.759055063,<not counted>,,ITLB_MISSES.WALK_ACTIVE,0,0.00,,
   100.759055063,<not counted>,,DTLB_LOAD_MISSES.WALK_COMPLETED,0,0.00,,
   100.759055063,<not counted>,,DTLB_LOAD_MISSES.WALK_ACTIVE,0,0.00,,
   100.759055063,<not counted>,,cpu-cycles,0,0.00,,
   100.759055063,<not counted>,,ref-cycles,0,0.00,,
   100.759055063,<not counted>,,instructions,0,0.00,,
   100.759055063,0,,DTLB_STORE_MISSES.WALK_COMPLETED,40990532,0.92,,
   100.759055063,0,,DTLB_STORE_MISSES.WALK_ACTIVE,40990532,0.92,,
   100.759055063,305993193,,IDQ_UOPS_NOT_DELIVERED.CYCLES_0_UOPS_DELIV.CORE,40990532,0.92,,
   100.759055063,158213,,BACLEARS.ANY,40990532,0.92,,
   100.759055063,9825417413,,cpu-cycles,40990532,0.92,,
   100.759055063,9825398345,,ref-cycles,40990532,0.92,,
   100.759055063,30434710841,,instructions,40990532,0.92,0.48,insn per cycle
   100.759055063,6336,,MEM_INST_RETIRED.LOCK_LOADS,750028170,16.79,,
   100.759055063,1316,,L2_RQSTS.ALL_RFO,750028170,16.79,,
   100.759055063,3551284389,,MEM_INST_RETIRED.ALL_STORES,750028170,16.79,,
   100.759055063,297,,L2_RQSTS.RFO_HIT,750028170,16.79,,
   100.759055063,9824385797,,cpu-cycles,750028170,16.79,,
   100.759055063,9824386589,,ref-cycles,750028170,16.79,,
   100.759055063,30402980034,,instructions,750028170,16.79,0.48,insn per cycle
   100.759055063,3060,,OFFCORE_REQUESTS_OUTSTANDING.L3_MISS_DEMAND_DATA_RD_GE_6,750027911,16.79,,
   100.759055063,290176,,OFFCORE_REQUESTS_OUTSTANDING.CYCLES_WITH_L3_MISS_DEMAND_DATA_RD,750027911,16.79,,
   100.759055063,9825361454,,cpu-cycles,750027911,16.79,,
   100.759055063,9825361388,,ref-cycles,750027911,16.79,,
   100.759055063,30398897774,,instructions,750027911,16.79,0.48,insn per cycle
   100.759055063,9450818919,,UOPS_EXECUTED.CORE_CYCLES_GE_1,750028450,16.79,,
   100.759055063,8386712067,,UOPS_EXECUTED.CORE_CYCLES_GE_2,750028450,16.79,,
   100.759055063,6732417352,,UOPS_EXECUTED.CORE_CYCLES_GE_3,750028450,16.79,,
   100.759055063,3332415470,,UOPS_RETIRED.MACRO_FUSED,750028450,16.79,,
   100.759055063,9825381557,,cpu-cycles,750028450,16.79,,
   100.759055063,9825381676,,ref-cycles,750028450,16.79,,
   100.759055063,30405026133,,instructions,750028450,16.79,0.48,insn per cycle
   100.759055063,38911076,,FP_ARITH_INST_RETIRED.SCALAR_SINGLE:u0x03,750028729,16.79,,
   100.759055063,19397606,,FP_ARITH_INST_RETIRED.128B_PACKED_DOUBLE:u0xfc,750028729,16.79,,
   100.759055063,168541,,ICACHE_16B.IFDATA_STALL,750028729,16.79,,
   100.759055063,28940,,ICACHE_16B.IFDATA_STALL:c1:e1,750028729,16.79,,
   100.759055063,9825271037,,cpu-cycles,750028729,16.79,,
   100.759055063,9825270274,,ref-cycles,750028729,16.79,,
   100.759055063,30376381926,,instructions,750028729,16.79,0.48,insn per cycle
   100.759055063,164408,,L2_RQSTS.ALL_CODE_RD,750027928,16.79,,
   100.759055063,0,,ITLB_MISSES.WALK_COMPLETED_2M_4M,750027928,16.79,,
   100.759055063,50711,,L2_LINES_IN.ALL,750027928,16.79,,
   100.759055063,13231,,MEM_LOAD_RETIRED.L2_MISS,750027928,16.79,,
   100.759055063,9825299935,,cpu-cycles,750027928,16.79,,
   100.759055063,9825299768,,ref-cycles,750027928,16.79,,
   100.759055063,30377450940,,instructions,750027928,16.79,0.48,insn per cycle
   100.759055063,13,,L2_RQSTS.CODE_RD_MISS,650029093,14.55,,
   100.759055063,0,,DTLB_LOAD_MISSES.WALK_COMPLETED_2M_4M,650029093,14.55,,
   100.759055063,20,,DTLB_LOAD_MISSES.WALK_COMPLETED_4K,650029093,14.55,,
   100.759055063,0,,DTLB_LOAD_MISSES.WALK_COMPLETED_1G,650029093,14.55,,
   100.759055063,9825331330,,cpu-cycles,650029093,14.55,,
   100.759055063,9825334023,,ref-cycles,650029093,14.55,,
   100.759055063,30409498238,,instructions,650029093,14.55,0.48,insn per cycle
   100.759055063,<not counted>,,MEM_LOAD_RETIRED.FB_HIT,0,0.00,,
   100.759055063,<not counted>,,CYCLE_ACTIVITY.CYCLES_MEM_ANY,0,0.00,,
   100.759055063,<not counted>,,CYCLE_ACTIVITY.CYCLES_L1D_MISS,0,0.00,,
   100.759055063,<not counted>,,cpu-cycles,0,0.00,,
   100.759055063,<not counted>,,ref-cycles,0,0.00,,
   100.759055063,<not counted>,,instructions,0,0.00,,
   100.759055063,<not counted>,,IDQ.MS_UOPS,0,0.00,,
   100.759055063,<not counted>,,ICACHE_64B.IFTAG_STALL,0,0.00,,
   100.759055063,<not counted>,,DTLB_LOAD_MISSES.STLB_HIT:c1,0,0.00,,
   100.759055063,<not counted>,,cpu-cycles,0,0.00,,
   100.759055063,<not counted>,,ref-cycles,0,0.00,,
   100.759055063,<not counted>,,instructions,0,0.00,,
   100.759055063,<not counted>,,ICACHE_16B.IFDATA_STALL,0,0.00,,
   100.759055063,<not counted>,,ICACHE_16B.IFDATA_STALL:c1:e1,0,0.00,,
   100.759055063,<not counted>,,ARITH.DIVIDER_ACTIVE,0,0.00,,
   100.759055063,<not counted>,,UOPS_EXECUTED.CORE_CYCLES_NONE,0,0.00,,
   100.759055063,<not counted>,,cpu-cycles,0,0.00,,
   100.759055063,<not counted>,,ref-cycles,0,0.00,,
   100.759055063,<not counted>,,instructions,0,0.00,,
   100.759055063,<not counted>,,CPU_CLK_THREAD_UNHALTED.ONE_THREAD_ACTIVE,0,0.00,,
   100.759055063,<not counted>,,CPU_CLK_THREAD_UNHALTED.REF_XCLK_ANY,0,0.00,,
   100.759055063,<not counted>,,cpu-cycles:k,0,0.00,,
   100.759055063,<not counted>,,ref-cycles:k,0,0.00,,
   100.759055063,<not counted>,,instructions:k,0,0.00,,
   100.759055063,<not counted>,,IDQ.DSB_UOPS,0,0.00,,
   100.759055063,<not counted>,,IDQ.MITE_UOPS,0,0.00,,
   100.759055063,<not counted>,,LSD.UOPS,0,0.00,,
   100.759055063,<not counted>,,cpu-cycles,0,0.00,,
   100.759055063,<not counted>,,ref-cycles,0,0.00,,
   100.759055063,<not counted>,,instructions,0,0.00,,
   100.759055063,<not counted>,,IDQ.ALL_MITE_CYCLES_ANY_UOPS,0,0.00,,
   100.759055063,<not counted>,,IDQ.ALL_MITE_CYCLES_4_UOPS,0,0.00,,
   100.759055063,<not counted>,,cpu-cycles,0,0.00,,
   100.759055063,<not counted>,,ref-cycles,0,0.00,,
   100.759055063,<not counted>,,instructions,0,0.00,,
   100.759055063,<not counted>,,IDQ.ALL_DSB_CYCLES_ANY_UOPS,0,0.00,,
   100.759055063,<not counted>,,IDQ.ALL_DSB_CYCLES_4_UOPS,0,0.00,,
   100.759055063,<not counted>,,cpu-cycles,0,0.00,,
   100.759055063,<not counted>,,ref-cycles,0,0.00,,
   100.759055063,<not counted>,,instructions,0,0.00,,
   100.759055063,0,,MEM_LOAD_L3_HIT_RETIRED.XSNP_HIT,12319770,0.28,,
   100.759055063,725,,MEM_LOAD_L3_HIT_RETIRED.XSNP_HITM,12319770,0.28,,
   100.759055063,9693059661,,cpu-cycles,12319770,0.28,,
   100.759055063,9692990417,,ref-cycles,12319770,0.28,,
   100.759055063,13052299910,,instructions,12319770,0.28,0.21,insn per cycle
   100.759055063,266596,,UOPS_EXECUTED.X87,13955290,0.31,,
   100.759055063,17493894401,,UOPS_EXECUTED.THREAD,13955290,0.31,,
   100.759055063,9713352806,,cpu-cycles,13955290,0.31,,
   100.759055063,9713392171,,ref-cycles,13955290,0.31,,
   100.759055063,12988839046,,instructions,13955290,0.31,0.20,insn per cycle
   100.759055063,<not supported>,,cstate_core/c6-residency/,0,100.00,,
   100.759055063,<not supported>,,cstate_pkg/c6-residency/,0,100.00,,
